  -39.899999999999999      -0.99144244579987040       -2.5105571756914847E-002
  -39.799999999999997      -0.99375441612338100       -2.1132290888372429E-002
  -39.699999999999996      -0.99566862171700776       -1.7150542316574709E-002
  -39.599999999999994      -0.99718429541087095       -1.3161918561648681E-002
  -39.499999999999993      -0.99830082942984411       -9.1680148922725704E-003
  -39.399999999999991      -0.99901777563651273       -5.1704286875684253E-003
  -39.299999999999990      -0.99933484571027631       -1.1707587981511158E-003
  -39.199999999999989      -0.99925191126252477        2.8293950934116241E-003
  -39.099999999999987      -0.99876900388784184        6.8284331124731758E-003
  -38.999999999999986      -0.99788631515121451        1.0824755832257447E-002
  -38.899999999999984      -0.99660419651125620        1.4816764913631299E-002
  -38.799999999999983      -0.99492315917946894        1.8802863744441439E-002
  -38.699999999999982      -0.99284387391560802        2.2781458078160920E-002
  -38.599999999999980      -0.99036717075922409        2.6750956671590768E-002
  -38.499999999999979      -0.98749403869749530        3.0709771921358910E-002
  -38.399999999999977      -0.98422562526947810        3.4656320498965422E-002
  -38.299999999999976      -0.98056323610693930        3.8589023984117496E-002
  -38.199999999999974      -0.97650833441194795        4.2506309496101548E-002
  -38.099999999999973      -0.97206254037144113        4.6406610322940918E-002
  -37.999999999999972      -0.96722763050899363        5.0288366548084940E-002
  -37.899999999999970      -0.96200553697405311        5.4150025674382075E-002
  -37.799999999999969      -0.95639834676892410        5.7990043245085006E-002
  -37.699999999999967      -0.95040830091381101        6.1806883461640177E-002
  -37.599999999999966      -0.94403779355025041        6.5599019798015565E-002
  -37.499999999999964      -0.93728937098329923        6.9364935611318304E-002
  -37.399999999999963      -0.93016573066285058        7.3103124748461465E-002
  -37.299999999999962      -0.92266972010449544        7.6812092148634714E-002
  -37.199999999999960      -0.91480433575035502        8.0490354441338813E-002
  -37.099999999999959      -0.90657272177034054        8.4136440539745394E-002
  -36.999999999999957      -0.89797816880432380        8.7748892229142533E-002
  -36.899999999999956      -0.88902411264571513        9.1326264750233782E-002
  -36.799999999999955      -0.87971413286698152        9.4867127377054883E-002
  -36.699999999999953      -0.87005195138764957        9.8370063989278264E-002
  -36.599999999999952      -0.86004143098536801       0.10183367363867650     
  -36.499999999999950      -0.84968657375062928       0.10525657110951647     
  -36.399999999999949      -0.83899151948575956       0.10863738747266287     
  -36.299999999999947      -0.82796054404882413       0.11197477063316708     
  -36.199999999999946      -0.81659805764311089       0.11526738587112347     
  -36.099999999999945      -0.80490860305286815       0.11851391637557723     
  -35.999999999999943      -0.79289685382601571       0.12171306377126799     
  -35.899999999999942      -0.78056761240454342       0.12486354863800182     
  -35.799999999999940      -0.76792580820334888       0.12796411102244140     
  -35.699999999999939      -0.75497649563828950       0.13101351094211028     
  -35.599999999999937      -0.74172485210422323       0.13401052888141080     
  -35.499999999999936      -0.72817617590386541       0.13695396627945483     
  -35.399999999999935      -0.71433588412827131       0.13984264600951499     
  -35.299999999999933      -0.70020951048980440       0.14267541284990284     
  -35.199999999999932      -0.68580270310845459       0.14545113394608608     
  -35.099999999999930      -0.67112122225238469       0.14816869926386050     
  -34.999999999999929      -0.65617093803362347       0.15082702203339429     
  -34.899999999999928      -0.64095782805980994       0.15342503918396846     
  -34.799999999999926      -0.62548797504294040       0.15596171176923840     
  -34.699999999999925      -0.60976756436606983       0.15843602538284737     
  -34.599999999999923      -0.59380288160893735       0.16084699056422530     
  -34.499999999999922      -0.57760031003351764       0.16319364319440979     
  -34.399999999999920      -0.56116632803048760       0.16547504488173295     
  -34.299999999999919      -0.54450750652764146       0.16769028333721786     
  -34.199999999999918      -0.52763050636128672       0.16983847273953598     
  -34.099999999999916      -0.51054207561166887       0.17191875408937862     
  -33.999999999999915      -0.49324904690350274       0.17393029555310086     
  -33.899999999999913      -0.47575833467267159       0.17587229279550110     
  -33.799999999999912      -0.45807693240020297       0.17774396930160288     
  -33.699999999999910      -0.44021190981462149       0.17954457668730944     
  -33.599999999999909      -0.42217041006379208       0.18127339499880879     
  -33.499999999999908      -0.40395964685740027       0.18292973300060658     
  -33.399999999999906      -0.38558690158119335       0.18451292845207504     
  -33.299999999999905      -0.36705952038414963       0.18602234837240467     
  -33.199999999999903      -0.34838491123973725       0.18745738929385378     
  -33.099999999999902      -0.32957054098243294       0.18881747750319536     
  -32.999999999999901      -0.31062393232069868       0.19010206927126275     
  -32.899999999999899      -0.29155266082759435       0.19131065107050452     
  -32.799999999999898      -0.27236435191024183       0.19244273978046023     
  -32.699999999999896      -0.25306667775935021       0.19349788288107539     
  -32.599999999999895      -0.23366735428001467       0.19447565863377794     
  -32.499999999999893      -0.21417413800503279       0.19537567625024460     
  -32.399999999999892      -0.19459482299195344       0.19619757604878871     
  -32.299999999999891      -0.17493723770511224       0.19694102959830814     
  -32.199999999999889      -0.15520924188389759       0.19760573984973417     
  -32.099999999999888      -0.13541872339849384       0.19819144125493088     
  -31.999999999999886      -0.11557359509437314       0.19869789987299538     
  -31.899999999999885       -9.5681791626780116E-002  0.19912491346391820     
  -31.799999999999883       -7.5751266286488525E-002  0.19947231156956499     
  -31.699999999999882       -5.5789987818094966E-002  0.19973995558194857     
  -31.599999999999881       -3.5805937232117724E-002  0.19992773879876280     
  -31.499999999999879       -1.5807104612188802E-002  0.20003558646615668     
  -31.399999999999878        4.1985140814014997E-003  0.20006345580873219     
  -31.299999999999876        2.4202920210516059E-002  0.20001133604675259     
  -31.199999999999875        4.4198115659063460E-002  0.19987924840055560     
  -31.099999999999874        6.4176106032696412E-002  0.19966724608216901     
  -30.999999999999872        8.4128903857023110E-002  0.19937541427413272     
  -30.899999999999871       0.10404853177307036       0.19900387009553502     
  -30.799999999999869       0.12392702572870699       0.19855276255527723     
  -30.699999999999868       0.14375643816475625       0.19802227249258569     
  -30.599999999999866       0.16352884119452674       0.19741261250479430     
  -30.499999999999865       0.18323632977547780       0.19672402686242701     
  -30.399999999999864       0.20287102487176831       0.19595679141161434     
  -30.299999999999862       0.22242507660641087       0.19511121346388280     
  -30.199999999999861       0.24189066740177553       0.19418763167336131     
  -30.099999999999859       0.26126001510719149       0.19318641590145416     
  -29.999999999999858       0.28052537611238271       0.19210796706903474     
  -29.899999999999856       0.29967904844551035       0.19095271699621860     
  -29.799999999999855       0.31871337485456963       0.18972112822978071     
  -29.699999999999854       0.33762074587091334       0.18841369385828571     
  -29.599999999999852       0.35639360285368182       0.18703093731500531     
  -29.499999999999851       0.37502444101390825       0.18557341216870163     
  -29.399999999999849       0.39350581241710791       0.18404170190236063     
  -29.299999999999848       0.41183032896313782       0.18243641967996344     
  -29.199999999999847       0.42999066534213876       0.18075820810139004     
  -29.099999999999845       0.44797956196538286       0.17900773894555247     
  -28.999999999999844       0.46578982786984197       0.17718571290186105     
  -28.899999999999842       0.48341434359533209       0.17529285929013091     
  -28.799999999999841       0.50084606403307097       0.17332993576904118     
  -28.699999999999839       0.51807802124451385       0.17129772803326290     
  -28.599999999999838       0.53510332724934440       0.16919704949937764     
  -28.499999999999837       0.55191517678149538       0.16702874098071285     
  -28.399999999999835       0.56850685001211032       0.16479367035122292     
  -28.299999999999834       0.58487171523834880       0.16249273219855168     
  -28.199999999999832       0.60100323153696156       0.16012684746641478     
  -28.099999999999831       0.61689495138158101       0.15769696308644485     
  -27.999999999999829       0.63254052322266618       0.15520405159964801     
  -27.899999999999828       0.64793369402908940       0.15264911076762153     
  -27.799999999999827       0.66306831179033443       0.15003316317368998     
  -27.699999999999825       0.67793832797831100       0.14735725581411865     
  -27.599999999999824       0.69253779996780618       0.14462245967956752     
  -27.499999999999822       0.70686089341459024       0.14182986932695549     
  -27.399999999999821       0.72090188459024651       0.13898060244190324     
  -27.299999999999820       0.73465516267277731       0.13607579939193237     
  -27.199999999999818       0.74811523199207408       0.13311662277059888     
  -27.099999999999817       0.76127671422935872       0.13010425693274261     
  -26.999999999999815       0.77413435056970936       0.12703990752104133     
  -26.899999999999814       0.78668300380681755       0.12392480098405582     
  -26.799999999999812       0.79891766039913059       0.12076018408596136     
  -26.699999999999811       0.81083343247656203       0.11754732340816100     
  -26.599999999999810       0.82242555979696386       0.11428750484297986     
  -26.499999999999808       0.83368941165157973       0.11098203307964497     
  -26.399999999999807       0.84462048871872208       0.10763223108275384     
  -26.299999999999805       0.85521442486492649       0.10423943956344282     
  -26.199999999999804       0.86546698889286788       0.10080501644346646     
  -26.099999999999802       0.87537408623534008        9.7330336312401261E-002
  -25.999999999999801       0.88493176059461798        9.3816789878194209E-002
  -25.899999999999800       0.89413619552655432        9.0265783411272602E-002
  -25.799999999999798       0.90298371596877258        8.6678738182440360E-002
  -25.699999999999797       0.91147078971234929        8.3057089894785219E-002
  -25.599999999999795       0.91959402881639762        7.9402288109823499E-002
  -25.499999999999794       0.92735019096498394        7.5715795668114844E-002
  -25.399999999999793       0.93473618076584308        7.1999088104575878E-002
  -25.299999999999791       0.94174905099036632        6.8253653058729200E-002
  -25.199999999999790       0.94838600375437321        6.4480989680123627E-002
  -25.099999999999788       0.95464439163919268        6.0682608029162664E-002
  -24.999999999999787       0.96052171875260739        5.6860028473584116E-002
  -24.899999999999785       0.96601564172923893        5.3014781080829208E-002
  -24.799999999999784       0.97112397066997413        4.9148405006547262E-002
  -24.699999999999783       0.97584467002006092        4.5262447879480257E-002
  -24.599999999999781       0.98017585938551854        4.1358465182972710E-002
  -24.499999999999780       0.98411581428754247        3.7438019633357793E-002
  -24.399999999999778       0.98766296685460142        3.3502680555464986E-002
  -24.299999999999777       0.99081590645195305        2.9554023255502531E-002
  -24.199999999999775       0.99357338024832442        2.5593628391565031E-002
  -24.099999999999774       0.99593429371953801        2.1623081342017951E-002
  -23.999999999999773       0.99789771108887759        1.7643971572014711E-002
  -23.899999999999771       0.99946285570402571        1.3657891998397034E-002
  -23.799999999999770        1.0006291103504192        9.6664383532358740E-003
  -23.699999999999768        1.0013960175009022        5.6712085462673634E-003
  -23.599999999999767        1.0017632795015783        1.6738020264786138E-003
  -23.499999999999766        1.0017307586937885       -2.3241808568977861E-003
  -23.399999999999764        1.0012984774721709       -6.3211394937277600E-003
  -23.299999999999763        1.0004666182787791       -1.0315473652398948E-002
  -23.199999999999761       0.99923552353326528       -1.4305584119067408E-002
  -23.099999999999760       0.99760569549915756       -1.8289873336472084E-002
  -22.999999999999758       0.99557779608628938       -2.2266746042057882E-002
  -22.899999999999757       0.99315264658946012       -2.6234609905154735E-002
  -22.799999999999756       0.99033122736343759       -3.0191876162954042E-002
  -22.699999999999754       0.98711467743443271       -3.4136960255027944E-002
  -22.599999999999753       0.98350429404820450       -3.8068282456137338E-002
  -22.499999999999751       0.97950153215498315       -4.1984268507071834E-002
  -22.399999999999750       0.97510800383141572       -4.5883350243271455E-002
  -22.299999999999748       0.97032547763977250       -4.9763966220974898E-002
  -22.199999999999747       0.96515587792467183       -5.3624562340643334E-002
  -22.099999999999746       0.95960128404760980       -5.7463592467409931E-002
  -21.999999999999744       0.95366392955960333       -6.1279519048302866E-002
  -21.899999999999743       0.94734620131228453       -6.5070813725997018E-002
  -21.799999999999741       0.94065063850780106       -6.8835957948844326E-002
  -21.699999999999740       0.93357993168791198       -7.2573443576938693E-002
  -21.599999999999739       0.92613692166268380       -7.6281773483971263E-002
  -21.499999999999737       0.91832459837922342       -7.9959462154631886E-002
  -21.399999999999736       0.91014609973090288       -8.3605036277318856E-002
  -21.299999999999734       0.90160471030755651       -8.7217035331915216E-002
  -21.199999999999733       0.89270386008715918       -9.0794012172395966E-002
  -21.099999999999731       0.88344712306950945       -9.4334533604031087E-002
  -20.999999999999730       0.87383821585247567       -9.7837180954949352E-002
  -20.899999999999729       0.86388099615137448      -0.10130055064183489     
  -20.799999999999727       0.85357946126208373      -0.10472325472952590     
  -20.699999999999726       0.84293774646851027      -0.10810392148428896     
  -20.599999999999724       0.83196012339505276      -0.11144119592054696     
  -20.499999999999723       0.82065099830473476      -0.11473374034083589     
  -20.399999999999721       0.80901491034368311      -0.11798023486877512     
  -20.299999999999720       0.79705652973267105      -0.12117937797483251     
  -20.199999999999719       0.78478065590645363      -0.12432988699467167     
  -20.099999999999717       0.77219221560164653      -0.12743049863987141     
  -19.999999999999716       0.75929626089392610      -0.13047996950080729     
  -19.899999999999714       0.74609796718533872      -0.13347707654149343     
  -19.799999999999713       0.73260263114253765      -0.13642061758618057     
  -19.699999999999712       0.71881566858677948      -0.13930941179751286     
  -19.599999999999710       0.70474261233653868      -0.14214230014604684     
  -19.499999999999709       0.69038911000360370      -0.14491814587094168     
  -19.399999999999707       0.67576092174356073      -0.14763583493163049     
  -19.299999999999706       0.66086391796156385      -0.15029427645028773     
  -19.199999999999704       0.64570407697432675      -0.15289240314491095     
  -19.099999999999703       0.63028748262928702      -0.15542917175283694     
  -18.999999999999702       0.61462032188189841      -0.15790356344451878     
  -18.899999999999700       0.59870888233204511      -0.16031458422739112     
  -18.799999999999699       0.58255954972056856      -0.16266126533965619     
  -18.699999999999697       0.56617880538692633      -0.16494266363382720     
  -18.599999999999696       0.54957322368901951      -0.16715786194986698     
  -18.499999999999694       0.53274946938622725      -0.16930596947776741     
  -18.399999999999693       0.51571429498672294      -0.17138612210941523     
  -18.299999999999692       0.49847453806014186      -0.17339748277959649     
  -18.199999999999690       0.48103711851669939      -0.17533924179599403     
  -18.099999999999689       0.46340903585386634      -0.17721061715803740     
  -17.999999999999687       0.44559736637171948      -0.17901085486446802     
  -17.899999999999686       0.42760926035810948      -0.18073922920948685     
  -17.799999999999685       0.40945193924478723      -0.18239504306735496     
  -17.699999999999683       0.39113269273565199      -0.18397762816532351     
  -17.599999999999682       0.37265887590830027      -0.18548634534477007     
  -17.499999999999680       0.35403790629004822      -0.18692058481042706     
  -17.399999999999679       0.33527726090963844      -0.18827976636758728     
  -17.299999999999677       0.31638447332582709      -0.18956333964717953     
  -17.199999999999676       0.29736713063407466      -0.19077078431860922     
  -17.099999999999675       0.27823287045257339      -0.19190161029026342     
  -16.999999999999673       0.25898937788883719      -0.19295535789758395     
  -16.899999999999672       0.23964438248811759      -0.19393159807861657     
  -16.799999999999670       0.22020565516488935      -0.19482993253694744     
  -16.699999999999669       0.20068100511867742      -0.19564999389194324     
  -16.599999999999667       0.18107827673550156      -0.19639144581621340     
  -16.499999999999666       0.16140534647621096      -0.19705398316021996     
  -16.399999999999665       0.14167011975300975      -0.19763733206395989     
  -16.299999999999663       0.12188052779545934      -0.19814125005565408     
  -16.199999999999662       0.10204452450726412      -0.19856552613737585     
  -16.099999999999660        8.2170083315154213E-002 -0.19890998085755851     
  -15.999999999999661        6.2265194011169998E-002 -0.19917446637032474     
  -15.899999999999661        4.2337859589679686E-002 -0.19935886648158313     
  -15.799999999999661        2.2396093080448539E-002 -0.19946309668184140     
  -15.699999999999662        2.4479143790937089E-003 -0.19948710416568902     
  -15.599999999999662       -1.7498652923740612E-002 -0.19943086783790540     
  -15.499999999999662       -3.7435584713150498E-002 -0.19929439830615200     
  -15.399999999999663       -5.7354859519332037E-002 -0.19907773786021077     
  -15.299999999999663       -7.7248461684195149E-002 -0.19878096043773402     
  -15.199999999999664       -9.7108384523874478E-002 -0.19840417157647178     
  -15.099999999999664      -0.11692663348578541      -0.19794750835294811     
  -14.999999999999664      -0.13669522929887146      -0.19741113930755680     
  -14.899999999999665      -0.15640621111567654      -0.19679526435605216     
  -14.799999999999665      -0.17605163964488948      -0.19610011468740907     
  -14.699999999999665      -0.19562360027298994      -0.19532595264803135     
  -14.599999999999666      -0.21511420617363144      -0.19447307161228533     
  -14.499999999999666      -0.23451560140339600      -0.19354179583934028     
  -14.399999999999666      -0.25381996398254181      -0.19253248031629414     
  -14.299999999999667      -0.27301950895938254      -0.19144551058756579     
  -14.199999999999667      -0.29210649145691553      -0.19028130257053513     
  -14.099999999999667      -0.31107320970032543      -0.18904030235740901     
  -13.999999999999668      -0.32991200802398751      -0.18772298600329348     
  -13.899999999999668      -0.34861527985658292      -0.18632985930044962     
  -13.799999999999669      -0.36717547068295225      -0.18486145753870781     
  -13.699999999999669      -0.38558508098129451      -0.18331834525201351     
  -13.599999999999669      -0.40383666913432736      -0.18170111595107491     
  -13.499999999999670      -0.42192285431301624      -0.18001039184207732     
  -13.399999999999670      -0.43983631933147377      -0.17824682353142685     
  -13.299999999999670      -0.45756981347163689      -0.17641108971647726     
  -13.199999999999671      -0.47511615527631151      -0.17450389686219150     
  -13.099999999999671      -0.49246823530917816      -0.17252597886367915     
  -12.999999999999671      -0.50961901888034367      -0.17047809669454386     
  -12.899999999999672      -0.52656154873601224      -0.16836103804096572     
  -12.799999999999672      -0.54328894771085023      -0.16617561692143276     
  -12.699999999999672      -0.55979442134160284      -0.16392267329202262     
  -12.599999999999673      -0.57607126044050916      -0.16160307263712503     
  -12.499999999999673      -0.59211284362706107      -0.15921770554547621     
  -12.399999999999674      -0.60791263981661847      -0.15676748727136475     
  -12.299999999999674      -0.62346421066440405      -0.15425335728084530     
  -12.199999999999674      -0.63876121296335775      -0.15167627878277851     
  -12.099999999999675      -0.65379740099432948      -0.14903723824449219     
  -11.999999999999675      -0.66856662882706053      -0.14633724489183120     
  -11.899999999999675      -0.68306285257037624      -0.14357733019333938     
  -11.799999999999676      -0.69728013256999366      -0.14075854732828064     
  -11.699999999999676      -0.71121263555230974      -0.13788197063817581     
  -11.599999999999676      -0.72485463671250194      -0.13494869506149182     
  -11.499999999999677      -0.73820052174524309      -0.13195983555107740     
  -11.399999999999677      -0.75124478881627210      -0.12891652647389443     
  -11.299999999999677      -0.76398205047303769      -0.12581992099254044     
  -11.199999999999678      -0.77640703549255841      -0.12267119042800348     
  -11.099999999999678      -0.78851459066459295      -0.11947152360302543     
  -10.999999999999678      -0.80029968250815209      -0.11622212616538274     
  -10.899999999999679      -0.81175739891929866      -0.11292421989031613     
  -10.799999999999679      -0.82288295074811668      -0.10957904196125587     
  -10.699999999999680      -0.83367167330262493      -0.10618784422789743     
  -10.599999999999680      -0.84411902777732684      -0.10275189244057806     
  -10.499999999999680      -0.85422060260396171       -9.9272465459791140E-002
  -10.399999999999681      -0.86397211472191138       -9.5750854439549962E-002
  -10.299999999999681      -0.87336941076557861       -9.2188361983171194E-002
  -10.199999999999681      -0.88240846816589846       -8.8586301269895945E-002
  -10.099999999999682      -0.89108539616298055       -8.4945995150593312E-002
  -9.9999999999996820      -0.89939643672669767       -8.1268775210602898E-002
  -9.8999999999996824      -0.90733796538182443       -7.7555980797561291E-002
  -9.7999999999996827      -0.91490649193411089       -7.3808958011823564E-002
  -9.6999999999996831      -0.92209866109341843       -7.0029058656831913E-002
  -9.5999999999996835      -0.92891125298976840       -6.6217639146493340E-002
  -9.4999999999996838      -0.93534118357784513       -6.2376059366308335E-002
  -9.3999999999996842      -0.94138550492515005       -5.8505681484632116E-002
  -9.2999999999996845      -0.94704140537862291       -5.4607868710053173E-002
  -9.1999999999996849      -0.95230620960412216       -5.0683983990425771E-002
  -9.0999999999996852      -0.95717737849268913       -4.6735388648597054E-002
  -8.9999999999996856      -0.96165250892698917       -4.2763440949312823E-002
  -8.8999999999996859      -0.96572933340075107       -3.8769494591161420E-002
  -8.7999999999996863      -0.96940571948337129       -3.4754897116720682E-002
  -8.6999999999996867      -0.97267966912112847       -3.0720988233287363E-002
  -8.5999999999996870      -0.97554931776564902       -2.6669098035692160E-002
  -8.4999999999996874      -0.97801293331936989       -2.2600545121716119E-002
  -8.3999999999996877      -0.98006891488673464       -1.8516634589512162E-002
  -8.2999999999996881      -0.98171579131874465       -1.4418655905186808E-002
  -8.1999999999996884      -0.98295221953723089       -1.0307880627283831E-002
  -8.0999999999996888      -0.98377698262380631       -6.1855599733202683E-003
  -7.9999999999996891      -0.98418898765689045       -2.0529222117241916E-003
  -7.8999999999996895      -0.98418726327842709        2.0888301395162205E-003
  -7.7999999999996898      -0.98377095696993844        6.2385233284905093E-003
  -7.6999999999996902      -0.98293933201532824        1.0395015622913031E-002
  -7.5999999999996906      -0.98169176412534020        1.4557200828179068E-002
  -7.4999999999996909      -0.98002773769575180        1.8724012099919460E-002
  -7.3999999999996913      -0.97794684166819257        2.2894426084907073E-002
  -7.2999999999996916      -0.97544876495888266        2.7067467428572842E-002
  -7.1999999999996920      -0.97253329141650657        3.1242213692427204E-002
  -7.0999999999996923      -0.96920029426583065        3.5417800730443205E-002
  -6.9999999999996927      -0.96544972998844802        3.9593428580060999E-002
  -6.8999999999996930      -0.96128163158608837        4.3768367931053868E-002
  -6.7999999999996934      -0.95669610116519144        4.7941967244204742E-002
  -6.6999999999996938      -0.95169330177375189        5.2113660601774178E-002
  -6.5999999999996941      -0.94627344841268257        5.6282976383302992E-002
  -6.4999999999996945      -0.94043679813393755        6.0449546873648820E-002
  -6.3999999999996948      -0.93418363912619284        6.4613118925606824E-002
  -6.2999999999996952      -0.92751427867577374        6.8773565817363491E-002
  -6.1999999999996955      -0.92042902987548014        7.2930900465811827E-002
  -6.0999999999996959      -0.91292819693668348        7.7085290180908511E-002
  -5.9999999999996962      -0.90501205894017467        8.1237073174383098E-002
  -5.8999999999996966      -0.89668085183832114        8.5386777068924946E-002
  -5.7999999999996970      -0.88793474849460341        8.9535139692317467E-002
  -5.6999999999996973      -0.87877383651597440        9.3683132485880602E-002
  -5.5999999999996977      -0.86919809359798350        9.7831986909221166E-002
  -5.4999999999996980      -0.85920736006140452       0.10198322428512800     
  -5.3999999999996984      -0.84880130821117550       0.10613868960121918     
  -5.2999999999996987      -0.83797940809263260       0.11030058987072915     
  -5.1999999999996991      -0.82674088915485899       0.11447153775611991     
  -5.0999999999996994      -0.81508469725476962       0.11865460127901660     
  -4.9999999999996998      -0.80300944634632121       0.12285336058192460     
  -4.8999999999997002      -0.79051336409449124       0.12707197287564406     
  -4.7999999999997005      -0.77759423053057641       0.13131524690650381     
  -4.6999999999997009      -0.76424930872036179       0.13558872851581635     
  -4.5999999999997012      -0.75047526624571059       0.13989879914791339     
  -4.4999999999997016      -0.73626808609802863       0.14425278950189682     
  -4.3999999999997019      -0.72162296534293291       0.14865911092679857     
  -4.2999999999997023      -0.70653419963201947       0.15312740764327132     
  -4.1999999999997026      -0.69099505130128458       0.15766873345282645     
  -4.0999999999997030      -0.67499759839613471       0.16229575728638823     
  -3.9999999999997029      -0.65853256148770845       0.16702300276910129     
  -3.8999999999997028      -0.64158910457975449       0.17186712796278564     
  -3.7999999999997027      -0.62415460573226045       0.17684725261934967     
  -3.6999999999997026      -0.60621439222713791       0.18198534166880942     
  -3.5999999999997025      -0.58775143414906783       0.18730665530677082     
  -3.4999999999997025      -0.56874598912442609       0.19284027796955241     
  -3.3999999999997024      -0.54917518962350487       0.19861974071559735     
  -3.2999999999997023      -0.52901256265461749       0.20468375407945660     
  -3.1999999999997022      -0.50822746983208011       0.21107707130940428     
  -3.0999999999997021      -0.48678445365693851       0.21785150496663408     
  -2.9999999999997020      -0.46464247339496828       0.22506712298195786     
  -2.8999999999997019      -0.44175401118075208       0.23279365310145680     
  -2.7999999999997018      -0.41806402597511017       0.24111212660270079     
  -2.6999999999997017      -0.39350872989188040       0.25011679218476546     
  -2.5999999999997017      -0.36801415846221586       0.25991732727364103     
  -2.4999999999997016      -0.34149450412136367       0.27064136374552777     
  -2.3999999999997015      -0.31385018145855836       0.28243732354962653     
  -2.2999999999997014      -0.28496559504174318       0.29547751935394839     
  -2.1999999999997013      -0.25470658835357823       0.30996140413962853     
  -2.0999999999997012      -0.22291756951048938       0.32611873277706538     
  -1.9999999999997011      -0.18941834230854762       0.34421219880063425     
  -1.8999999999997010      -0.15400072971656134       0.36453878630104697     
  -1.7999999999997010      -0.11642517667120052       0.38742856373886359     
  -1.6999999999997009       -7.6417683400330852E-002  0.41323884820015322     
  -1.5999999999997008       -3.3667684211491057E-002  0.44234045566556424     
  -1.4999999999997007        1.2172101031110334E-002  0.47509096646427829     
  -1.3999999999997006        6.1482189273877344E-002  0.51178742075211681     
  -1.2999999999997005       0.11466666000392114       0.55258756846322721     
  -1.1999999999997004       0.17213343914681484       0.59738503651851671     
  -1.0999999999997003       0.23425906470212951       0.64562071752336103     
 -0.99999999999970035       0.30133066920514739       0.69601331556840063     
 -0.89999999999970037       0.37345661441970329       0.74620251652547642     
 -0.79999999999970040       0.45043789094696712       0.79232945429571633     
 -0.69999999999970042       0.53159782495332719       0.82864542436760869     
 -0.59999999999970044       0.61558191035839327       0.84735065450643376     
 -0.49999999999970046       0.70016658335342319       0.83900083305552964     
 -0.39999999999970048       0.78215427154830652       0.79389066230669869     
 -0.29999999999970051       0.85746718618131690       0.70464810394664001     
 -0.19999999999970050       0.92154912735199812       0.56966250653882800     
  -9.9999999999700495E-002  0.97010034320777561       0.39601921121413602     
   2.9951041646825161E-013   1.0000000000000600       0.19999999999940096     
  0.10000000000029952        1.0100976765943241        3.9007914513671796E-003
  0.20000000000029952        1.0015277957250450      -0.16998246387537419     
  0.30000000000029953       0.97739519913990358      -0.30536788797323361     
  0.40000000000029956       0.94198365948629570      -0.39516997978605001     
  0.50000000000029954       0.89983341664669614      -0.44099916694447266     
  0.60000000000029952       0.85500632493584328      -0.45022720016484924     
  0.70000000000029949       0.81068405424142242      -0.43255902588238360     
  0.80000000000029947       0.76907430417510247      -0.39743854094521552     
  0.90000000000029945       0.73151576127102236      -0.35266503940993904     
   1.0000000000002995       0.69866933079497018      -0.30398668443160426     
   1.1000000000002996       0.67071831086359834      -0.25526173779082700     
   1.2000000000002997       0.64753869200084246      -0.20884984657743086     
   1.3000000000002998       0.62882776378801608      -0.16603157720917142     
   1.4000000000002999       0.61419348640191340      -0.12736524542758285     
   1.5000000000003000       0.60321251435361933       -9.2956370813835038E-002
   1.6000000000003001       0.59546543702059329       -6.2646288432410518E-002
   1.7000000000003002       0.59055650088116329       -3.6136981988658508E-002
   1.8000000000003002       0.58812328987885965       -1.3069834267552613E-002
   1.9000000000003003       0.58784020910929702        6.9270679296774143E-003
   2.0000000000003002       0.58941834230865775        2.4212198800625168E-002
   2.1000000000003003       0.59260333660856535        3.9116843347950445E-002
   2.2000000000003004       0.59717234177834400        5.1939261148438151E-002
   2.3000000000003005       0.60293061888922705        6.2943479656333262E-002
   2.4000000000003006       0.60970816962434482        7.2360645562150272E-002
   2.5000000000003006       0.61735657308698588        8.0391661010677073E-002
   2.6000000000003007       0.62574611722520623        8.7210344597468265E-002
   2.7000000000003008       0.63476325341429907        9.2966680360808018E-002
   2.8000000000003009       0.64430836986661433        9.7789917802704587E-002
   2.9000000000003010       0.65429386240295628       0.10179140686465277     
   3.0000000000003011       0.66464247339506710       0.10506712298194450     
   3.1000000000003012       0.67528586741763919       0.10769987769840735     
   3.2000000000003013       0.68616341289267424       0.10976123184433774     
   3.3000000000003014       0.69722114129222268       0.11131313851951190     
   3.4000000000003014       0.70841085841340690       0.11240934678479411     
   3.5000000000003015       0.71968938535093274       0.11309659694426123     
   3.6000000000003016       0.73101790979385683       0.11341563634960374     
   3.7000000000003017       0.74236143102913243       0.11340208182304079     
   3.8000000000003018       0.75368828448882386       0.11308715167702606     
   3.9000000000003019       0.76496973382104883       0.11249828724213773     
   4.0000000000003020       0.77617962031132115       0.11165968096977621     
   4.1000000000003016       0.78729406105764244       0.11059272562866757     
   4.2000000000003013       0.79829118864042015       0.10931639688370630     
   4.3000000000003009       0.80915092615852136       0.10784757962235815     
   4.4000000000003006       0.81985479245499338       0.10620134675264156     
   4.5000000000003002       0.83038573315692643       0.10439119780637635     
   4.6000000000002998       0.84072797382701037       0.10242926350947860     
   4.7000000000002995       0.85086689208985633       0.10032648149662923     
   4.8000000000002991       0.86078890607141023        9.8092747522484716E-002
   4.9000000000002988       0.87048137688944016        9.5737045830848314E-002
   5.0000000000002984       0.87993252326946292        9.3267561765336404E-002
   5.1000000000002981       0.88913134664394744        9.0691779221647978E-002
   5.2000000000002977       0.89806756533180965        8.8016565136995906E-002
   5.3000000000002974       0.90673155659733207        8.5248242873486063E-002
   5.4000000000002970       0.91511430555871209        8.2392656068280765E-002
   5.5000000000002967       0.92320736006145898        7.9455224285106638E-002
   5.6000000000002963       0.93100279075501957        7.6440991601467223E-002
   5.7000000000002959       0.93849315571578551        7.3354669097465963E-002
   5.8000000000002956       0.94567146904892396        7.0200672070194939E-002
   5.9000000000002952       0.95253117297771339        6.6983152677830754E-002
   6.0000000000002949       0.95906611299427214        6.3706028616289156E-002
   6.1000000000002945       0.96527051570144595        6.0373008345513055E-002
   6.2000000000002942       0.97113896902359209        5.6987613309701285E-002
   6.3000000000002938       0.97666640450525255        5.3553197533954759E-002
   6.4000000000002935       0.98184808145225200        5.0072964927177825E-002
   6.5000000000002931       0.98667957270044349        4.6549984576188454E-002
   6.6000000000002927       0.99115675182384333        4.2987204277648482E-002
   6.7000000000002924       0.99527578161688246        3.9387462521611787E-002
   6.8000000000002920       0.99903310370543685        3.5753499112365125E-002
   6.9000000000002917        1.0024254291586270        3.2087964588081962E-002
   7.0000000000002913        1.0054497299884686        2.8393428580037378E-002
   7.1000000000002910        1.0081032314376053        2.4672387234233119E-002
   7.2000000000002906        1.0103834049668630        2.0927269802832930E-002
   7.3000000000002903        1.0122879618644036        1.7160444499456893E-002
   7.4000000000002899        1.0138148474070845        1.3374223700818678E-002
   7.5000000000002895        1.0149622355123542        9.5708685671635277E-003
   7.6000000000002892        1.0157285238258229        5.7525931452544624E-003
   7.7000000000002888        1.0161123291956273        1.9215680100752278E-003
   7.8000000000002885        1.0161124834899917       -1.9200765051817451E-003
   7.9000000000002881        1.0157280297190505       -5.7702474470377471E-003
   8.0000000000002878        1.0149582184261177       -9.6268867087895699E-003
   8.1000000000002874        1.0138025043172398       -1.3487968792346140E-002
   8.2000000000002871        1.0122605431011147       -1.7351498834339264E-002
   8.3000000000002867        1.0103321885143273       -2.1215510869395087E-002
   8.4000000000002863        1.0080174895094158       -2.5078066306434575E-002
   8.5000000000002860        1.0053166875855661       -2.8937252596492068E-002
   8.6000000000002856        1.0022302142437529       -3.2791182072851567E-002
   8.7000000000002853       0.99875868854997785       -3.6637990946341743E-002
   8.8000000000002849       0.99490291479186488       -4.0475838440429658E-002
   8.9000000000002846       0.99066388021533780       -4.4302906052350384E-002
   9.0000000000002842       0.98604275282940101       -4.8117396927920331E-002
   9.1000000000002839       0.98104087926822359       -5.1917535338934805E-002
   9.2000000000002835       0.97565978270077436       -5.5701566253164678E-002
   9.3000000000002832       0.96990116077920585       -5.9467754987953418E-002
   9.4000000000002828       0.96376688361804119       -6.3214386939299483E-002
   9.5000000000002824       0.95725899179698470       -6.6939767379091367E-002
   9.6000000000002821       0.95037969438088243       -7.0642221313864231E-002
   9.7000000000002817       0.94313136695098387       -7.4320093399073278E-002
   9.8000000000002814       0.93551654964222708       -7.7971747903436542E-002
   9.9000000000002810       0.92753794518179711       -8.1595568718403386E-002
   10.000000000000281       0.91919841692466775       -8.5189959408252316E-002
   10.100000000000280       0.91050098688227643       -8.8753343296725171E-002
   10.200000000000280       0.90144883374086326       -9.2284163586467099E-002
   10.300000000000280       0.89204529086637208       -9.5780883507867953E-002
   10.400000000000279       0.88229384429312441       -9.9241986494192094E-002
   10.500000000000279       0.87219813069378915      -0.10266597638015013     
   10.600000000000279       0.86176193532842893      -0.10605137762130318     
   10.700000000000278       0.85098918997067019      -0.10939673553190542     
   10.800000000000278       0.83988397080925370      -0.11270061653898748     
   10.900000000000277       0.82845049632345358      -0.11596160845065694     
   11.000000000000277       0.81669312513103265      -0.11917832073675387     
   11.100000000000277       0.80461635380758489      -0.12234938482014475     
   11.200000000000276       0.79222481467628658      -0.12547345437706672     
   11.300000000000276       0.77952327356721896      -0.12854920564505895     
   11.400000000000276       0.76651662754557714      -0.13157533773712227     
   11.500000000000275       0.75320990260820297      -0.13455057296085063     
   11.600000000000275       0.73960825134800645      -0.13747365714136764     
   11.700000000000275       0.72571695058594887      -0.14034335994698344     
   11.800000000000274       0.71154139897036495      -0.14315847521656599     
   11.900000000000274       0.69708711454350314      -0.14591782128768654     
   12.000000000000274       0.68235973227524838      -0.14862024132466542     
   12.100000000000273       0.66736500156407907      -0.15126460364570268     
   12.200000000000273       0.65210878370539127      -0.15384980204832954     
   12.300000000000272       0.63659704932738803      -0.15637475613247045     
   12.400000000000272       0.62083587579481281      -0.15883841162044623     
   12.500000000000272       0.60483144458086036      -0.16123974067329577     
   12.600000000000271       0.58859003860766290      -0.16357774220282950     
   12.700000000000271       0.57211803955581164      -0.16585144217886483     
   12.800000000000271       0.55542192514341215      -0.16805989393112894     
   12.900000000000270       0.53850826637523941      -0.17020217844534313     
   13.000000000000270       0.52138372476259431      -0.17227740465303371     
   13.100000000000270       0.50405504951450886      -0.17428470971464052     
   13.200000000000269       0.48652907470099527      -0.17622325929551980     
   13.300000000000269       0.46881271638906402      -0.17809224783446231     
   13.400000000000269       0.45091296975227918      -0.17989089880436876     
   13.500000000000268       0.43283690615465453      -0.18161846496474596     
   13.600000000000268       0.41459167020971849      -0.18327422860570719     
   13.700000000000268       0.39618447681562169      -0.18485750178317761     
   13.800000000000267       0.37762260816717030      -0.18636762654502415     
   13.900000000000267       0.35891341074571442      -0.18780397514784483     
   14.000000000000266       0.34006429228783441      -0.18916595026416883     
   14.100000000000266       0.32108271873379401      -0.19045298517983292     
   14.200000000000266       0.30197621115676160      -0.19166454398131449     
   14.300000000000265       0.28275234267380339      -0.19280012173281424     
   14.400000000000265       0.26341873533969229      -0.19385924464289497     
   14.500000000000265       0.24398305702458181      -0.19484147022049511     
   14.600000000000264       0.22445301827661548      -0.19574638742014705     
   14.700000000000264       0.20483636917056469      -0.19657361677624172     
   14.800000000000264       0.18514089614359000      -0.19732281052619285     
   14.900000000000263       0.16537441881924866      -0.19799365272236236     
   15.000000000000263       0.14554478682087715      -0.19858585933262088     
   15.100000000000263       0.12565987657548830      -0.19909917832942628     
   15.200000000000262       0.10572758810934392      -0.19953338976731158     
   15.300000000000262        8.5755841836357802E-002 -0.19988830584868425     
   15.400000000000261        6.5752575340509004E-002 -0.20016377097784721     
   15.500000000000261        4.5725740153445688E-002 -0.20035966180315959     
   15.600000000000261        2.5683298528466535E-002 -0.20047588724726578     
   15.700000000000260        5.6332202120830460E-003 -0.20051238852532668     
   15.800000000000260       -1.4416520785643396E-002 -0.20046913915119793     
   15.900000000000260       -3.4457949420775388E-002 -0.20034614493150527     
   16.000000000000259       -5.4483092843974047E-002 -0.20014344394757666     
   16.100000000000261       -7.4483983626560737E-002 -0.19986110652519645     
   16.200000000000262       -9.4452662982938057E-002 -0.19949923519215654     
   16.300000000000264      -0.11438118398816155      -0.19905796462358327     
   16.400000000000265      -0.13426161478943061      -0.19853746157502966     
   16.500000000000266      -0.15408604181027258      -0.19793792480332636     
   16.600000000000268      -0.17384657294620673      -0.19725958497519278     
   16.700000000000269      -0.19353534075065076      -0.19650270456361674     
   16.800000000000271      -0.21314450560985887      -0.19566757773201698     
   16.900000000000272      -0.23266625890566586      -0.19475453020620873     
   17.000000000000274      -0.25209282616481521      -0.19376391913420091     
   17.100000000000275      -0.27141647019366549      -0.19269613293385660     
   17.200000000000276      -0.29062949419705186      -0.19155159112845782     
   17.300000000000278      -0.30972424488010519      -0.19033074417021945     
   17.400000000000279      -0.32869311553182201      -0.18903407325180355     
   17.500000000000281      -0.34752854908918412      -0.18766209010589197     
   17.600000000000282      -0.36622304118064752      -0.18621533679287969     
   17.700000000000284      -0.38476914314780275      -0.18469438547675832     
   17.800000000000285      -0.40315946504404093      -0.18309983818926340     
   17.900000000000286      -0.42138667860905071      -0.18143232658236547     
   18.000000000000288      -0.43944352021798083      -0.17969251166919115     
   18.100000000000289      -0.45732279380412649      -0.17788108355346299     
   18.200000000000291      -0.47501737375398306      -0.17599876114755589     
   18.300000000000292      -0.49252020777354505      -0.17404629187926979     
   18.400000000000293      -0.50982431972472231      -0.17202445138742570     
   18.500000000000295      -0.52692281243075723      -0.16993404320639605     
   18.600000000000296      -0.54380887044955351      -0.16777589843968518     
   18.700000000000298      -0.56047576281381295      -0.16555087542268176     
   18.800000000000299      -0.57691684573691726      -0.16325985937470877     
   18.900000000000301      -0.59312556528348326      -0.16090376204050119     
   19.000000000000302      -0.60909546000354020      -0.15848352132124779     
   19.100000000000303      -0.62482016352930114      -0.15600010089533584     
   19.200000000000305      -0.64029340713349259      -0.15345448982894366     
   19.300000000000306      -0.65550902224824814      -0.15084770217663002     
   19.400000000000308      -0.67046094294356495      -0.14818077657207246     
   19.500000000000309      -0.68514320836434650      -0.14545477580911384     
   19.600000000000311      -0.69954996512507561      -0.14267078641327657     
   19.700000000000312      -0.71367546966116513      -0.13982991820391191     
   19.800000000000313      -0.72751409053606542      -0.13693330384715313     
   19.900000000000315      -0.74106031070321465      -0.13398209839984618     
   20.000000000000316      -0.75430872972193463      -0.13097747884463651     
   20.100000000000318      -0.76725406592640644      -0.12792064361639113     
   20.200000000000319      -0.77989115854685687      -0.12481281212014363     
   20.300000000000320      -0.79221496978212824      -0.12165522424074811     
   20.400000000000322      -0.80422058682280273      -0.11844913984443613     
   20.500000000000323      -0.81590322382409153      -0.11519583827247015     
   20.600000000000325      -0.82725822382769454      -0.11189661782709542     
   20.700000000000326      -0.83828106063188512      -0.10855279524998851     
   20.800000000000328      -0.84896734060907098      -0.10516570519341081     
   20.900000000000329      -0.85931280447011249      -0.10173669968427398     
   21.000000000000330      -0.86931332897470637       -9.8267147581328401E-002
   21.100000000000332      -0.87896492858714759       -9.4758434025690494E-002
   21.200000000000333      -0.88826375707682392       -9.1211959884923532E-002
   21.300000000000335      -0.89720610906280518       -8.7629141190893364E-002
   21.400000000000336      -0.90578842150191363       -8.4011408571620941E-002
   21.500000000000338      -0.91400727511969249       -8.0360206677355508E-002
   21.600000000000339      -0.92185939578369802       -7.6676993601098045E-002
   21.700000000000340      -0.92934165581857930       -7.2963240293801496E-002
   21.800000000000342      -0.93645107526242033       -6.9220429974481884E-002
   21.900000000000343      -0.94318482306384777       -6.5450057535473199E-002
   22.000000000000345      -0.94954021821943402       -6.1653628943061638E-002
   22.100000000000346      -0.95551473085093808       -5.7832660633739125E-002
   22.200000000000347      -0.96110598322196650       -5.3988678906312676E-002
   22.300000000000349      -0.96631175069364672       -5.0123219310113543E-002
   22.400000000000350      -0.97112996261893636       -4.6237826029548360E-002
   22.500000000000352      -0.97555870317521542       -4.2334051265236039E-002
   22.600000000000353      -0.97959621213483061       -3.8413454611978926E-002
   22.700000000000355      -0.98324088557329015       -3.4477602433812378E-002
   22.800000000000356      -0.98649127651482682       -3.0528067236383603E-002
   22.900000000000357      -0.98934609551507691       -2.6566427036908955E-002
   23.000000000000359      -0.99180421118064244       -2.2594264731959291E-002
   23.100000000000360      -0.99386465062533536       -1.8613167463327793E-002
   23.200000000000362      -0.99552659986292302       -1.4624725982229235E-002
   23.300000000000363      -0.99678940413621997       -1.0630534012086447E-002
   23.400000000000365      -0.99765256818239789       -6.6321876101569713E-003
   23.500000000000366      -0.99811575643441375       -2.6312845282532742E-003
   23.600000000000367      -0.99817879315847058        1.3705764271860653E-003
   23.700000000000369      -0.99784166252746775        5.3717960354227609E-003
   23.800000000000370      -0.99710450863040800        9.3707753018849402E-003
   23.900000000000372      -0.99596763541775912        1.3365916098518553E-002
   24.000000000000373      -0.99443150658280133        1.7355621803769695E-002
   24.100000000000374      -0.99249674537900168        2.1338297941939980E-002
   24.200000000000376      -0.99016413437349671        2.5312352821663602E-002
   24.300000000000377      -0.98743461513678210        2.9276198173248707E-002
   24.400000000000379      -0.98430928786873406        3.3228249784629828E-002
   24.500000000000380      -0.98078941096111671        3.7166928135678630E-002
   24.600000000000382      -0.97687640049675173        4.1090659030617073E-002
   24.700000000000383      -0.97257182968554989        4.4997874228284447E-002
   24.800000000000384      -0.96787742823763512        4.8887012070003982E-002
   24.900000000000386      -0.96279508167381356        5.2756518104799456E-002
   25.000000000000387      -0.95732683057365975        5.6604845711713044E-002
   25.100000000000389      -0.95147486976153162        6.0430456718973707E-002
   25.200000000000390      -0.94524154743083300        6.4231822019772011E-002
   25.300000000000392      -0.93862936420687826        6.8007422184393540E-002
   25.400000000000393      -0.93164097214873920        7.1755748068466824E-002
   25.500000000000394      -0.92427917369046653        7.5475301417084334E-002
   25.600000000000396      -0.91654692052212117        7.9164595464552526E-002
   25.700000000000397      -0.90844731241105536        8.2822155529534772E-002
   25.800000000000399      -0.89998359596392019        8.6446519605347508E-002
   25.900000000000400      -0.89115916332989720        9.0036238945174069E-002
   26.000000000000401      -0.88197755084566964        9.3589878641963706E-002
   26.100000000000403      -0.87244243762268447        9.7106018202782113E-002
   26.200000000000404      -0.86255764407726010       0.10058325211738645     
   26.300000000000406      -0.85232713040413810       0.10402019042079623     
   26.400000000000407      -0.84175499499408901       0.10741545924963572     
   26.500000000000409      -0.83084547279619869       0.11076770139202660     
   26.600000000000410      -0.81960293362550551       0.11407557683080874     
   26.700000000000411      -0.80803188041665053       0.11733776327987558     
   26.800000000000413      -0.79613694742425112       0.12055295671340729     
   26.900000000000414      -0.78392289837071560       0.12371987188779075     
   27.000000000000416      -0.77139462454223617       0.12683724285601955     
   27.100000000000417      -0.75855714283373277       0.12990382347436527     
   27.200000000000419      -0.74541559374351951       0.13291838790112132     
   27.300000000000420      -0.73197523931850306       0.13587973108721749     
   27.400000000000421      -0.71824146105073583       0.13878666925851005     
   27.500000000000423      -0.70421975772615908       0.14163804038955538     
   27.600000000000424      -0.68991574322641147       0.14443270466867611     
   27.700000000000426      -0.67533514428456543       0.14716954495413589     
   27.800000000000427      -0.66048379819570235       0.14984746722123968     
   27.900000000000428      -0.64536765048323896       0.15246540100018044     
   28.000000000000430      -0.62999275252193632       0.15502229980445847     
   28.100000000000431      -0.61436525911855044       0.15751714154970065     
   28.200000000000433      -0.59849142605108252       0.15994892896271401     
   28.300000000000434      -0.58237760756762258       0.16231668998060875     
   28.400000000000436      -0.56603025384578254       0.16461947813983205     
   28.500000000000437      -0.54945590841373471       0.16685637295495703     
   28.600000000000438      -0.53266120553389673       0.16902648028707509     
   28.700000000000440      -0.51565286755029582       0.17112893270164503     
   28.800000000000441      -0.49843770220068467       0.17316288981565578     
   28.900000000000443      -0.48102259989448204       0.17512753863396396     
   29.000000000000444      -0.46341453095762175       0.17702209387467194     
   29.100000000000446      -0.44562054284542563       0.17884579828341571     
   29.200000000000447      -0.42764775732459925       0.18059792293643859     
   29.300000000000448      -0.40950336762549039       0.18227776753232802     
   29.400000000000450      -0.39119463556574502       0.18388466067229969     
   29.500000000000451      -0.37272888864650866       0.18541796012891718     
   29.600000000000453      -0.35411351712234629       0.18687705310313862     
   29.700000000000454      -0.33535597104603743       0.18826135646958944     
   29.800000000000455      -0.31646375728944115       0.18957031700996155     
   29.900000000000457      -0.29744443654161840       0.19080341163444670     
   30.000000000000458      -0.27830562028540856       0.19196014759111524     
   30.100000000000460      -0.25905496775368375       0.19304006266315632     
   30.200000000000461      -0.23970018286647998       0.19404272535390152     
   30.300000000000463      -0.22024901115024417       0.19496773505955717     
   30.400000000000464      -0.20070923664042606       0.19581472222957669     
   30.500000000000465      -0.18108867876864854       0.19658334851460924     
   30.600000000000467      -0.16139518923571594       0.19727330690196471     
   30.700000000000468      -0.14163664887169330       0.19788432183854215     
   30.800000000000470      -0.12182096448432614       0.19841614934117116     
   30.900000000000471      -0.10195606569705737       0.19886857709432360     
   31.000000000000473       -8.2049901777901585E-002  0.19924142453515539     
   31.100000000000474       -6.2110438460459154E-002  0.19953454292584522     
   31.200000000000475       -4.2145654758323846E-002  0.19974781541320114     
   31.300000000000477       -2.2163539774171848E-002  0.19988115707551091     
   31.400000000000478       -2.1720895048043549E-003  0.19993451495661796     
   31.500000000000480        1.7820696356582517E-002  0.19990786808720917     
   31.600000000000481        3.7806817619607955E-002  0.19980122749330567     
   31.700000000000482        5.7778276796134710E-002  0.19961463619195416     
   31.800000000000484        7.7727082298621880E-002  0.19934816917411935     
   31.900000000000485        9.7645251636127695E-002  0.19900193337478583     
   32.000000000000483       0.11752481460668644       0.19857606763027996     
   32.100000000000485       0.13735781648477532       0.19807074262283009     
   32.200000000000486       0.15713632120259990       0.19748616081238668     
   32.300000000000487       0.17685241452393005       0.19682255635572948     
   32.400000000000489       0.19649820720920907       0.19608019501289520     
   32.500000000000490       0.21606583817067279       0.19525937404096158     
   32.600000000000492       0.23554747761622119       0.19436042207523174     
   32.700000000000493       0.25493533018077164       0.19338369899786623     
   32.800000000000495       0.27422163804385891       0.19232959579401404     
   32.900000000000496       0.29339868403222064       0.19119853439550200     
   33.000000000000497       0.31245879470613286       0.18999096751214412     
   33.100000000000499       0.33139434342826435       0.18870737845073798     
   33.200000000000500       0.35019775341380904       0.18734828092182218     
   33.300000000000502       0.36886150076069479       0.18591421883426995     
   33.400000000000503       0.38737811745864142       0.18440576607780362     
   33.500000000000504       0.40574019437587105       0.18282352629351459     
   33.600000000000506       0.42394038422227720       0.18116813263248224     
   33.700000000000507       0.44197140448785815       0.17944024750258816     
   33.800000000000509       0.45982604035525249       0.17764056230362596     
   33.900000000000510       0.47749714758520156       0.17576979715081401     
   34.000000000000512       0.49497765537378774       0.17382870058682084     
   34.100000000000513       0.51226056918030893       0.17181804928241834     
   34.200000000000514       0.52933897352464876       0.16973864772588376     
   34.300000000000516       0.54620603475303464       0.16759132790127321     
   34.400000000000517       0.56285500377107123       0.16537694895569585     
   34.500000000000519       0.57927921874295363       0.16309639685572289     
   34.600000000000520       0.59547210775579129       0.16075058403306700     
   34.700000000000522       0.61142719144795865       0.15834044901967612     
   34.800000000000523       0.62713808560044115       0.15586695607238540     
   34.900000000000524       0.64259850369012639       0.15333109478727899     
   35.000000000000526       0.65780225940402304       0.15073387970391564     
   35.100000000000527       0.67274326911340654       0.14807634989957535     
   35.200000000000529       0.68741555430688950       0.14535956857369164     
   35.300000000000530       0.70181324398145828       0.14258462262263322     
   35.400000000000531       0.71593057699050966       0.13975262220500675     
   35.500000000000533       0.72976190434795085       0.13686470029765407     
   35.600000000000534       0.74330169148744352       0.13392201224252120     
   35.700000000000536       0.75654452047588083       0.13092573528458151     
   35.800000000000537       0.76948509218022354       0.12787706810099631     
   35.900000000000539       0.78211822838681699       0.12477723032170250     
   36.000000000000540       0.79443887387234868       0.12162746204161859     
   36.100000000000541       0.80644209842561621       0.11842902332466340     
   36.200000000000543       0.81812309881929124       0.11518319369978815     
   36.300000000000544       0.82947720073090148       0.11189127164922076     
   36.400000000000546       0.84049986061225379       0.10855457408912887     
   36.500000000000547       0.85118666750655181       0.10517443584290874     
   36.600000000000549       0.86153334481248589       0.10175220910731043     
   36.700000000000550       0.87153575199458244        9.8289262911614259E-002
   36.800000000000551       0.88118988623913486        9.4786982570072426E-002
   36.900000000000553       0.89049188405505064        9.1246769127837052E-002
   37.000000000000554       0.89943802281897456        8.7670038800595401E-002
   37.100000000000556       0.90802472226407083        8.4058222408135472E-002
   37.200000000000557       0.91624854591186566        8.0412764802071449E-002
   37.300000000000558       0.92410620244658226        7.6735124287954051E-002
   37.400000000000560       0.93159454703141464        7.3026772041999949E-002
   37.500000000000561       0.93871058256621487        6.9289191522672364E-002
   37.600000000000563       0.94545146088609222        6.5523877877347633E-002
   37.700000000000564       0.95181448390043977        6.1732337344307400E-002
   37.800000000000566       0.95779710467194090        5.7916086650292395E-002
   37.900000000000567       0.96339692843511615        5.4076652403861274E-002
   38.000000000000568       0.96861171355400610        5.0215570484796378E-002
   38.100000000000570       0.97343937241861145        4.6334385429799674E-002
   38.200000000000571       0.97787797227972106        4.2434649814727332E-002
   38.300000000000573       0.98192573602180599        3.8517923633606510E-002
   38.400000000000574       0.98558104287366277        3.4585773674685405E-002
   38.500000000000576       0.98884242905652253        3.0639772893765068E-002
   38.600000000000577       0.99170858836937048        2.6681499785063140E-002
   38.700000000000578       0.99417837271123644        2.2712537749863527E-002
   38.800000000000580       0.99625079254025128        1.8734474463201031E-002
   38.900000000000581       0.99792501726928395        1.4748901238837124E-002
   39.000000000000583       0.99920037559800146        1.0757412392779751E-002
   39.100000000000584        1.0000763557812180        6.7616046056010086E-003
   39.200000000000585        1.0005526058334273        2.7630762838104020E-003
   39.300000000000587        1.0006289336694343       -1.2365730794644360E-003
   39.400000000000588        1.0003053071810326       -5.2357435442311664E-003
   39.500000000000590       0.99958185424969448       -9.2328353635652751E-003
   39.600000000000591       0.99845886269527007       -1.3226249623466659E-002
   39.700000000000593       0.99693678016071341       -1.7214388882381634E-002
   39.800000000000594       0.99501621393288731       -2.1195657810138126E-002
   39.900000000000595       0.99269793069951062       -2.5168463826035822E-002
   40.000000000000597       0.98998285624235260       -2.9131217735836851E-002
