           0  0.15825446384768146     
   5.0000000000000003E-002  0.15825446384768146     
  0.10000000000000001       0.15844512142942982     
  0.15000000000000002       0.15882636197416555     
  0.20000000000000001       0.15939803615676709     
  0.25000000000000000       0.16015991977086383     
  0.30000000000000004       0.16111171346728281     
  0.35000000000000003       0.16225304240676458     
  0.40000000000000002       0.16358345582819547     
  0.45000000000000001       0.16510242653391646     
  0.50000000000000000       0.16680935029398036     
  0.55000000000000004       0.16870354517154529     
  0.60000000000000009       0.17078425077190429     
  0.65000000000000002       0.17305062741796612     
  0.70000000000000007       0.17550175525531747     
  0.75000000000000000       0.17813663329030982     
  0.80000000000000004       0.18095417836492916     
  0.85000000000000009       0.18395322407251938     
  0.90000000000000002       0.18713251961874022     
  0.95000000000000007       0.19049072863245275     
   1.0000000000000000       0.19402642793152811     
   1.0500000000000000       0.19773810624888102     
   1.1000000000000001       0.20162416292432594     
   1.1500000000000001       0.20568290656814722     
   1.2000000000000002       0.20991255370256046     
   1.2500000000000000       0.21431122738752076     
   1.3000000000000000       0.21887695583760339     
   1.3500000000000001       0.22360767103694104     
   1.4000000000000001       0.22850120735945037     
   1.4500000000000002       0.23355530020181575     
   1.5000000000000000       0.23876758463691825     
   1.5500000000000000       0.24413559409560370     
   1.6000000000000001       0.24965675908487156     
   1.6500000000000001       0.25532840595073680     
   1.7000000000000002       0.26114775569416493     
   1.7500000000000000       0.26711192284861096     
   1.8000000000000000       0.27321791442779697     
   1.8500000000000001       0.27946262895244711     
   1.9000000000000001       0.28584285556475231     
   1.9500000000000002       0.29235527323937011     
   2.0000000000000000       0.29899645009976672     
   2.0500000000000003       0.30576284284868216     
   2.1000000000000001       0.31265079632144505     
   2.1499999999999999       0.31965654317077752     
   2.2000000000000002       0.32677620369161664     
   2.2500000000000000       0.33400578579432788     
   2.3000000000000003       0.34134118513451067     
   2.3500000000000001       0.34877818540738259     
   2.4000000000000004       0.35631245881448681     
   2.4500000000000002       0.36393956671019201     
   2.5000000000000000       0.37165496043514645     
   2.5500000000000003       0.37945398234351146     
   2.6000000000000001       0.38733186703042782     
   2.6500000000000004       0.39528374276577199     
   2.7000000000000002       0.40330463313982939     
   2.7500000000000000       0.41138945892605483     
   2.8000000000000003       0.41953304016560711     
   2.8500000000000001       0.42773009847783527     
   2.9000000000000004       0.43597525960035977     
   2.9500000000000002       0.44426305616183492     
   3.0000000000000000       0.45258793068990272     
   3.0500000000000003       0.46094423885625002     
   3.1000000000000001       0.46932625296006686     
   3.1500000000000004       0.47772816565057724     
   3.2000000000000002       0.48614409388866792     
   3.2500000000000000       0.49456808314699063     
   3.3000000000000003       0.50299411184725018     
   3.3500000000000001       0.51141609603272442     
   3.4000000000000004       0.51982789427338905     
   3.4500000000000002       0.52822331280034851     
   3.5000000000000000       0.53659611086560166     
   3.5500000000000003       0.54494000632250394     
   3.6000000000000001       0.55324868142161976     
   3.6500000000000004       0.56151578881601316     
   3.7000000000000002       0.56973495776937133     
   3.7500000000000000       0.57789980055972923     
   3.8000000000000003       0.58600391907094818     
   3.8500000000000001       0.59404091156349625     
   3.9000000000000004       0.60200437961550701     
   3.9500000000000002       0.60988793522452289     
   4.0000000000000000       0.61768520805980787     
   4.0499999999999998       0.62538985285458648     
   4.1000000000000005       0.63299555692709764     
   4.1500000000000004       0.64049604781888247     
   4.2000000000000002       0.64788510103830343     
   4.2500000000000000       0.65515654789689415     
   4.2999999999999998       0.66230428342577308     
   4.3500000000000005       0.66932227435901748     
   4.4000000000000004       0.67620456717059829     
   4.4500000000000002       0.68294529615120547     
   4.5000000000000000       0.68953869151106173     
   4.5499999999999998       0.69597908749462156     
   4.6000000000000005       0.70226093049288973     
   4.6500000000000004       0.70837878713896107     
   4.7000000000000002       0.71432735237228329     
   4.7500000000000000       0.72010145745708809     
   4.8000000000000007       0.72569607794039526     
   4.8500000000000005       0.73110634153500254     
   4.9000000000000004       0.73632753591290112     
   4.9500000000000002       0.74135511639462570     
   5.0000000000000000       0.74618471352012816     
   5.0500000000000007       0.75081214048689660     
   5.1000000000000005       0.75523340044117693     
   5.1500000000000004       0.75944469360832989     
   5.2000000000000002       0.76344242424855258     
   5.2500000000000000       0.76722320742440620     
   5.3000000000000007       0.77078387556683703     
   5.3500000000000005       0.77412148482662402     
   5.4000000000000004       0.77723332119847610     
   5.4500000000000002       0.78011690640527709     
   5.5000000000000000       0.78277000353029469     
   5.5500000000000007       0.78519062238548232     
   5.6000000000000005       0.78737702460433101     
   5.6500000000000004       0.78932772844807519     
   5.7000000000000002       0.79104151331439843     
   5.7500000000000000       0.79251742393814739     
   5.8000000000000007       0.79375477427392160     
   5.8500000000000005       0.79475315105078048     
   5.9000000000000004       0.79551241698967734     
   5.9500000000000002       0.79603271367461381     
   6.0000000000000000       0.79631446406888684     
   6.0500000000000007       0.79635837466818826     
   6.1000000000000005       0.79616543728270295     
   6.1500000000000004       0.79573693044074534     
   6.2000000000000002       0.79507442040687082     
   6.2500000000000000       0.79417976180779515     
   6.3000000000000007       0.79305509785985961     
   6.3500000000000005       0.79170286019219183     
   6.4000000000000004       0.79012576826012204     
   6.4500000000000002       0.78832682834384271     
   6.5000000000000000       0.78630933212772480     
   6.5500000000000007       0.78407685485614775     
   6.6000000000000005       0.78163325306215503     
   6.6500000000000004       0.77898266186570109     
   6.7000000000000002       0.77612949183874957     
   6.7500000000000000       0.77307842543496774     
   6.8000000000000007       0.76983441298227784     
   6.8500000000000005       0.76640266823706116     
   6.9000000000000004       0.76278866349936703     
   6.9500000000000002       0.75899812428905422     
   7.0000000000000000       0.75503702358339808     
   7.0500000000000007       0.75091157561732402     
   7.1000000000000005       0.74662822924809491     
   7.1500000000000004       0.74219366088695338     
   7.2000000000000002       0.73761476700095130     
   7.2500000000000000       0.73289865618894523     
   7.3000000000000007       0.72805264083650978     
   7.3500000000000005       0.72308422835534714     
   7.4000000000000004       0.71800111201360839     
   7.4500000000000002       0.71281116136442269     
   7.5000000000000000       0.70752241228084045     
   7.5500000000000007       0.70214305660633891     
   7.6000000000000005       0.69668143143099992     
   7.6500000000000004       0.69114600800447523     
   7.7000000000000002       0.68554538029786760     
   7.7500000000000000       0.67988825322770419     
   7.8000000000000007       0.67418343055623886     
   7.8500000000000005       0.66843980248339741     
   7.9000000000000004       0.66266633294677180     
   7.9500000000000002       0.65687204664716792     
   8.0000000000000000       0.65106601581830448     
   8.0500000000000007       0.64525734676037005     
   8.0999999999999996       0.63945516615822617     
   8.1500000000000004       0.63366860720612550     
   8.2000000000000011       0.62790679556187290     
   8.2500000000000000       0.62217883515439043     
   8.3000000000000007       0.61649379386963976     
   8.3499999999999996       0.61086068914083114     
   8.4000000000000004       0.60528847346975267     
   8.4500000000000011       0.59978601990692393     
   8.5000000000000000       0.59436210751908503     
   8.5500000000000007       0.58902540687326821     
   8.5999999999999996       0.58378446556737362     
   8.6500000000000004       0.57864769383775561     
   8.7000000000000011       0.57362335027483435     
   8.7500000000000000       0.56871952767816436     
   8.8000000000000007       0.56394413908270513     
   8.8499999999999996       0.55930490398826327     
   8.9000000000000004       0.55480933482418093     
   8.9500000000000011       0.55046472368135424     
   9.0000000000000000       0.54627812934354403     
   9.0500000000000007       0.54225636464972327     
   9.0999999999999996       0.53840598421884733     
   9.1500000000000004       0.53473327256797010     
   9.2000000000000011       0.53124423265403531     
   9.2500000000000000       0.52794457486896129     
   9.3000000000000007       0.52483970651680001     
   9.3499999999999996       0.52193472180079636     
   9.4000000000000004       0.51923439234710078     
   9.4500000000000011       0.51674315829069695     
   9.5000000000000000       0.51446511994780675     
   9.5500000000000007       0.51240403009762092     
   9.6000000000000014       0.51056328689469788     
   9.6500000000000004       0.50894592743175604     
   9.7000000000000011       0.50755462197089463     
   9.7500000000000000       0.50639166885948561     
   9.8000000000000007       0.50545899014512674     
   9.8500000000000014       0.50475812790211805     
   9.9000000000000004       0.50429024127993627     
   9.9500000000000011       0.50405610428215142     
   10.000000000000000       0.50405610428215142     
