   0.0000000000000000        2.7323722447292559E-002
   5.0000000000000003E-002   2.9006074657017416E-002
  0.10000000000000001        3.0776619020290545E-002
  0.15000000000000002        3.2638914701690364E-002
  0.20000000000000001        3.4596595420891940E-002
  0.25000000000000000        3.6653366480907668E-002
  0.30000000000000004        3.8813001433121608E-002
  0.35000000000000003        4.1079338367634853E-002
  0.40000000000000002        4.3456275818102227E-002
  0.45000000000000001        4.5947768270989044E-002
  0.50000000000000000        4.8557821270009946E-002
  0.55000000000000004        5.1290486107430991E-002
  0.60000000000000009        5.4149854094924239E-002
  0.65000000000000002        5.7140050407759463E-002
  0.70000000000000007        6.0265227497298776E-002
  0.75000000000000000        6.3529558068032857E-002
  0.80000000000000004        6.6937227616750125E-002
  0.85000000000000009        7.0492426532875144E-002
  0.90000000000000002        7.4199341760532819E-002
  0.95000000000000007        7.8062148024501593E-002
   1.0000000000000000        8.2084998623898800E-002
   1.0500000000000000        8.6272015799195495E-002
   1.1000000000000001        9.0627280679983796E-002
   1.1500000000000001        9.5154822822805921E-002
   1.2000000000000002        9.9858609350303232E-002
   1.2500000000000000       0.10474253370494471     
   1.3000000000000000       0.10981040403263913     
   1.3500000000000001       0.11506593121362504     
   1.4000000000000001       0.12051271656014943     
   1.4500000000000002       0.12615423920258961     
   1.5000000000000000       0.13199384318783022     
   1.5500000000000000       0.13803472431586919     
   1.6000000000000001       0.14427991674278809     
   1.6500000000000001       0.15073227938036604     
   1.7000000000000002       0.15739448212473714     
   1.7500000000000000       0.16426899194857950     
   1.8000000000000000       0.17135805889335734     
   1.8500000000000001       0.17866370200012441     
   1.9000000000000001       0.18618769521930401     
   1.9500000000000002       0.19393155334169038     
   2.0000000000000000       0.20189651799465538     
   2.0500000000000003       0.21008354374916960     
   2.1000000000000001       0.21849328438476318     
   2.1499999999999999       0.22712607936093487     
   2.2000000000000002       0.23598194054475852     
   2.2500000000000000       0.24506053924552590     
   2.3000000000000003       0.25436119360819470     
   2.3500000000000001       0.26388285641815573     
   2.4000000000000004       0.27362410337040810     
   2.4500000000000002       0.28358312185659512     
   2.5000000000000000       0.29375770032353277     
   2.5500000000000003       0.30414521825680974     
   2.6000000000000001       0.31474263684278192     
   2.6500000000000004       0.32554649036179428     
   2.7000000000000002       0.33655287836473702     
   2.7500000000000000       0.34775745868409014     
   2.8000000000000003       0.35915544132940469     
   2.8500000000000001       0.37074158331572676     
   2.9000000000000004       0.38251018447178042     
   2.9500000000000002       0.39445508427278431     
   3.0000000000000000       0.40656965974059911     
   3.0500000000000003       0.41884682445147203     
   3.1000000000000001       0.43127902868897855     
   3.1500000000000004       0.44385826077685930     
   3.2000000000000002       0.45657604962331477     
   3.2500000000000000       0.46942346850496708     
   3.3000000000000003       0.48239114011512596     
   3.3500000000000001       0.49546924289722294     
   3.4000000000000004       0.50864751868031377     
   3.4500000000000002       0.52191528162939693     
   3.5000000000000000       0.53526142851899028     
   3.5500000000000003       0.54867445033393747     
   3.6000000000000001       0.56214244519682244     
   3.6500000000000004       0.57565313261665096     
   3.7000000000000002       0.58919386904864379     
   3.7500000000000000       0.60275166475009534     
   3.8000000000000003       0.61631320191228967     
   3.8500000000000001       0.62986485404348436     
   3.9000000000000004       0.64339270657295633     
   3.9500000000000002       0.65688257864110522     
   4.0000000000000000       0.67032004603563933     
   4.0499999999999998       0.68369046522894095     
   4.1000000000000005       0.69697899846687283     
   4.1500000000000004       0.71017063985453166     
   4.2000000000000002       0.72325024237984248     
   4.2500000000000000       0.73620254581140032     
   4.2999999999999998       0.74901220540266933     
   4.3500000000000005       0.76166382133052701     
   4.4000000000000004       0.77414196879224839     
   4.4500000000000002       0.78643122868135906     
   4.5000000000000000       0.79851621875937706     
   4.5499999999999998       0.81038162523734147     
   4.6000000000000005       0.82201223467818674     
   4.6500000000000004       0.83339296612850267     
   4.7000000000000002       0.84450890338603435     
   4.7500000000000000       0.85534532730742252     
   4.8000000000000007       0.86588774805920510     
   4.8500000000000005       0.87612193721397769     
   4.9000000000000004       0.88603395959287568     
   4.9500000000000002       0.89561020475518816     
   5.0000000000000000       0.90483741803595952     
   5.0500000000000007       0.91370273103288013     
   5.1000000000000005       0.92219369144460817     
   5.1500000000000004       0.93029829216392035     
   5.2000000000000002       0.93800499953072947     
   5.2500000000000000       0.94530278065205953     
   5.3000000000000007       0.95218112969850499     
   5.3500000000000005       0.95863009308952529     
   5.4000000000000004       0.96464029348312308     
   5.4500000000000002       0.97020295248901689     
   5.5000000000000000       0.97530991202833262     
   5.5500000000000007       0.97995365426708481     
   5.6000000000000005       0.98412732005528514     
   5.6500000000000004       0.98782472580838321     
   5.7000000000000002       0.99104037877288365     
   5.7500000000000000       0.99376949062339470     
   5.8000000000000007       0.99600798934399148     
   5.8500000000000005       0.99775252935262992     
   5.9000000000000004       0.99900049983337502     
   5.9500000000000002       0.99975003124739603     
   6.0000000000000000        1.0000000000000000     
   6.0500000000000007       0.99975003124739603     
   6.1000000000000005       0.99900049983337502     
   6.1500000000000004       0.99775252935262992     
   6.2000000000000002       0.99600798934399148     
   6.2500000000000000       0.99376949062339470     
   6.3000000000000007       0.99104037877288365     
   6.3500000000000005       0.98782472580838310     
   6.4000000000000004       0.98412732005528514     
   6.4500000000000002       0.97995365426708470     
   6.5000000000000000       0.97530991202833262     
   6.5500000000000007       0.97020295248901689     
   6.6000000000000005       0.96464029348312297     
   6.6500000000000004       0.95863009308952507     
   6.7000000000000002       0.95218112969850488     
   6.7500000000000000       0.94530278065205953     
   6.8000000000000007       0.93800499953072936     
   6.8500000000000005       0.93029829216392024     
   6.9000000000000004       0.92219369144460805     
   6.9500000000000002       0.91370273103288002     
   7.0000000000000000       0.90483741803595952     
   7.0500000000000007       0.89561020475518793     
   7.1000000000000005       0.88603395959287545     
   7.1500000000000004       0.87612193721397746     
   7.2000000000000002       0.86588774805920499     
   7.2500000000000000       0.85534532730742252     
   7.3000000000000007       0.84450890338603413     
   7.3500000000000005       0.83339296612850244     
   7.4000000000000004       0.82201223467818652     
   7.4500000000000002       0.81038162523734147     
   7.5000000000000000       0.79851621875937706     
   7.5500000000000007       0.78643122868135884     
   7.6000000000000005       0.77414196879224828     
   7.6500000000000004       0.76166382133052679     
   7.7000000000000002       0.74901220540266933     
   7.7500000000000000       0.73620254581140032     
   7.8000000000000007       0.72325024237984226     
   7.8500000000000005       0.71017063985453144     
   7.9000000000000004       0.69697899846687261     
   7.9500000000000002       0.68369046522894095     
   8.0000000000000000       0.67032004603563933     
   8.0500000000000007       0.65688257864110500     
   8.0999999999999996       0.64339270657295633     
   8.1500000000000004       0.62986485404348425     
   8.2000000000000011       0.61631320191228933     
   8.2500000000000000       0.60275166475009534     
   8.3000000000000007       0.58919386904864357     
   8.3499999999999996       0.57565313261665096     
   8.4000000000000004       0.56214244519682233     
   8.4500000000000011       0.54867445033393714     
   8.5000000000000000       0.53526142851899028     
   8.5500000000000007       0.52191528162939671     
   8.5999999999999996       0.50864751868031377     
   8.6500000000000004       0.49546924289722283     
   8.7000000000000011       0.48239114011512568     
   8.7500000000000000       0.46942346850496708     
   8.8000000000000007       0.45657604962331449     
   8.8499999999999996       0.44385826077685930     
   8.9000000000000004       0.43127902868897849     
   8.9500000000000011       0.41884682445147176     
   9.0000000000000000       0.40656965974059911     
   9.0500000000000007       0.39445508427278408     
   9.0999999999999996       0.38251018447178042     
   9.1500000000000004       0.37074158331572660     
   9.2000000000000011       0.35915544132940436     
   9.2500000000000000       0.34775745868409014     
   9.3000000000000007       0.33655287836473691     
   9.3499999999999996       0.32554649036179428     
   9.4000000000000004       0.31474263684278181     
   9.4500000000000011       0.30414521825680946     
   9.5000000000000000       0.29375770032353277     
   9.5500000000000007       0.28358312185659496     
   9.6000000000000014       0.27362410337040771     
   9.6500000000000004       0.26388285641815568     
   9.7000000000000011       0.25436119360819442     
   9.7500000000000000       0.24506053924552590     
   9.8000000000000007       0.23598194054475835     
   9.8500000000000014       0.22712607936093468     
   9.9000000000000004       0.21849328438476306     
   9.9500000000000011       0.21008354374916940     
   10.000000000000000       0.20189651799465538     
