   0.0000000000000000        6600.0000000000000        6600.0000000000000        0.0000000000000000     
  0.50000000000000000        6582.4397379398733        6582.4397379406428        7.6943251769989729E-010
   1.0000000000000000        6565.0595585292667        6565.0595585307810        1.5143086784519255E-009
   1.5000000000000000        6547.8569196817052        6547.8569196839389        2.2337189875543118E-009
   2.0000000000000000        6530.8293265885377        6530.8293265914672        2.9294824344106019E-009
   2.5000000000000000        6513.9743306239379        6513.9743306275404        3.6025085137225688E-009
   3.0000000000000000        6497.2895282802019        6497.2895282844529        4.2509782360866666E-009
   3.5000000000000000        6480.7725601323682        6480.7725601372458        4.8776200856082141E-009
   4.0000000000000000        6464.4211098312317        6464.4211098367168        5.4851625463925302E-009
   4.5000000000000000        6448.2329031238478        6448.2329031299187        6.0708771343342960E-009
   5.0000000000000000        6432.2057069006351        6432.2057069072707        6.6356733441352844E-009
   5.5000000000000000        6416.3373282682624        6416.3373282754455        7.1831891546025872E-009
   6.0000000000000000        6400.6256136475013        6400.6256136552138        7.7125150710344315E-009
   6.5000000000000000        6385.0684478952571        6385.0684479034799        8.2227415987290442E-009
   7.0000000000000000        6369.6637534500278        6369.6637534587435        8.7156877270899713E-009
   7.5000000000000000        6354.4094895000735        6354.4094895092667        9.1931724455207586E-009
   8.0000000000000000        6339.3036511735900        6339.3036511832433        9.6533767646178603E-009
   8.5000000000000000        6324.3442687502011        6324.3442687602974        1.0096300684381276E-008
   9.0000000000000000        6309.5294068931325        6309.5294069036572        1.0524672688916326E-008
   9.5000000000000000        6294.8571639014317        6294.8571639123711        1.0939402272924781E-008
   10.000000000000000        6280.3256709816260        6280.3256709929647        1.1338670447003096E-008
   10.500000000000000        6265.9330915382197        6265.9330915499449        1.1725205695256591E-008
   11.000000000000000        6251.6776204824946        6251.6776204945918        1.2097189028281718E-008
   11.500000000000000        6237.5574835590278        6237.5574835714833        1.2455529940780252E-008
   12.000000000000000        6223.5709366894298        6223.5709367022318        1.2802047422155738E-008
   12.500000000000000        6209.7162653327750        6209.7162653459118        1.3136741472408175E-008
   13.000000000000000        6195.9917838622387        6195.9917838756965        1.3457793102134019E-008
   13.500000000000000        6182.3958349574468        6182.3958349712166        1.3769749784842134E-008
   14.000000000000000        6168.9267890121209        6168.9267890261890        1.4068064047023654E-008
   14.500000000000000        6155.5830435565058        6155.5830435708631        1.4357283362187445E-008
   15.000000000000000        6142.3630226942223        6142.3630227088561        1.4633769751526415E-008
   15.500000000000000        6129.2651765530582        6129.2651765679602        1.4902070688549429E-008
   16.000000000000000        6116.2879807493637        6116.2879807645231        1.5159457689151168E-008
   16.500000000000000        6103.4299358655990        6103.4299358810067        1.5407749742735177E-008
   17.000000000000000        6090.6895669407013        6090.6895669563482        1.5646946849301457E-008
   17.500000000000000        6078.0654229728862        6078.0654229887623        1.5876139514148235E-008
   18.000000000000000        6065.5560764345328        6065.5560764506299        1.6097146726679057E-008
   18.500000000000000        6053.1601227988185        6053.1601228151285        1.6309968486893922E-008
   19.000000000000000        6040.8761800777647        6040.8761800942793        1.6514604794792831E-008
   19.500000000000000        6028.7028883713801        6028.7028883880903        1.6710146155674011E-008
   20.000000000000000        6016.6389094275828        6016.6389094444812        1.6898411558941007E-008
   20.500000000000000        6004.6829262126139        6004.6829262296942        1.7080310499295592E-008
   21.000000000000000        5992.8336424916488        5992.8336425089019        1.7253114492632449E-008
   21.500000000000000        5981.0897824193089        5981.0897824367275        1.7418642528355122E-008
   22.000000000000000        5969.4500901398251        5969.4500901574038        1.7578713595867157E-008
   22.500000000000000        5957.9133293965842        5957.9133294143157        1.7731508705765009E-008
   23.000000000000000        5946.4782831507810        5946.4782831686571        1.7876118363346905E-008
   23.500000000000000        5935.1437532089540        5935.1437532269711        1.8017090042121708E-008
   24.000000000000000        5923.9085598591628        5923.9085598773145        1.8151695257984102E-008
   24.500000000000000        5912.7715415155553        5912.7715415338334        1.8278115021530539E-008
   25.000000000000000        5901.7315543711074        5901.7315543895083        1.8400896806269884E-008
   25.500000000000000        5890.7874720583422        5890.7874720768596        1.8517312128096819E-008
   26.000000000000000        5879.9381853177701        5879.9381853363993        1.8629179976414889E-008
   26.500000000000000        5869.1826016738869        5869.1826016926207        1.8733771867118776E-008
   27.000000000000000        5858.5196451184966        5858.5196451373322        1.8835635273717344E-008
   27.500000000000000        5847.9482558012032        5847.9482558201344        1.8931132217403501E-008
   28.000000000000000        5837.4673897268385        5837.4673897458606        1.9022081687580794E-008
   28.500000000000000        5827.0760184596866        5827.0760184787941        1.9107574189547449E-008
   29.000000000000000        5816.7731288342993        5816.7731288534887        1.9189428712707013E-008
   29.500000000000000        5806.5577226727501        5806.5577226920159        1.9265826267655939E-008
   30.000000000000000        5796.4288165081416        5796.4288165274802        1.9338585843797773E-008
   30.500000000000000        5786.3854413142280        5786.3854413336348        1.9406797946430743E-008
   31.000000000000000        5776.4266422409737        5776.4266422604460        1.9472281564958394E-008
   31.500000000000000        5766.5514783559138        5766.5514783754470        1.9533217709977180E-008
   32.000000000000000        5756.7590223911548        5756.7590224107453        1.9590515876188874E-008
   32.500000000000000        5747.0483604958836        5747.0483605155268        1.9643266568891704E-008
   33.000000000000000        5737.4185919942365        5737.4185920139280        1.9691469788085669E-008
   33.500000000000000        5727.8688291483995        5727.8688291681383        1.9738763512577862E-008
   34.000000000000000        5718.3981969268125        5718.3981969465940        1.9781509763561189E-008
   34.500000000000000        5709.0058327773286        5709.0058327971501        1.9821527530439198E-008
   35.000000000000000        5699.6908864052348        5699.6908864250927        1.9857907318510115E-008
   35.500000000000000        5690.4525195559891        5690.4525195758797        1.9890649127773941E-008
   36.000000000000000        5681.2899058025723        5681.2899058224930        1.9920662452932447E-008
   36.500000000000000        5672.2022303373315        5672.2022303572794        1.9947947293985635E-008
   37.000000000000000        5663.1886897682107        5663.1886897881823        1.9971594156231731E-008
   37.500000000000000        5654.2484919192566        5654.2484919392500        1.9993422029074281E-008
   38.000000000000000        5645.3808556353015        5645.3808556553131        2.0011611923109740E-008
   38.500000000000000        5636.5850105907102        5636.5850106107382        2.0027982827741653E-008
   39.000000000000000        5627.8601971021108        5627.8601971221524        2.0041625248268247E-008
   39.500000000000000        5619.2056659449927        5619.2056659650443        2.0051629689987749E-008
   40.000000000000000        5610.6206781740875        5610.6206781941482        2.0060724637005478E-008
   40.500000000000000        5602.1045049474578        5602.1045049675249        2.0067091099917889E-008
   41.000000000000000        5593.6564273541690        5593.6564273742406        2.0071638573426753E-008
   41.500000000000000        5585.2757362454986        5585.2757362655720        2.0073457562830299E-008
   42.000000000000000        5576.9617320695652        5576.9617320896386        2.0073457562830299E-008
   42.500000000000000        5568.7137247093260        5568.7137247293967        2.0070729078724980E-008
   43.000000000000000        5560.5310333238349        5560.5310333439020        2.0067091099917889E-008
   43.500000000000000        5552.4129861927113        5552.4129862127729        2.0061634131707251E-008
   44.000000000000000        5544.3589205637227        5544.3589205837761        2.0053448679391295E-008
   44.500000000000000        5536.3681825034200        5536.3681825234635        2.0043444237671793E-008
   45.000000000000000        5528.4401267507528        5528.4401267707844        2.0031620806548744E-008
   45.500000000000000        5520.5741165735926        5520.5741165936115        2.0018887880723923E-008
   46.000000000000000        5512.7695236281043        5512.7695236481086        2.0004335965495557E-008
   46.500000000000000        5505.0257278208837        5505.0257278408726        1.9988874555565417E-008
   47.000000000000000        5497.3421171738219        5497.3421171937925        1.9970684661529958E-008
   47.500000000000000        5489.7180876916091        5489.7180877115597        1.9950675778090954E-008
   48.000000000000000        5482.1530432318350        5482.1530432517648        1.9929757399950176E-008
   48.500000000000000        5474.6463953776229        5474.6463953975308        1.9907929527107626E-008
   49.000000000000000        5467.1975633127340        5467.1975633326183        1.9884282664861530E-008
   49.500000000000000        5459.8059736990908        5459.8059737189496        1.9858816813211888E-008
   50.000000000000000        5452.4710605566661        5452.4710605764985        1.9832441466860473E-008
   50.500000000000000        5445.1922651456844        5445.1922651654895        1.9805156625807285E-008
   51.000000000000000        5437.9690358510779        5437.9690358708549        1.9776962290052325E-008
   51.500000000000000        5430.8008280691565        5430.8008280889035        1.9746948964893818E-008
   52.000000000000000        5423.6871040964334        5423.6871041161494        1.9716026145033538E-008
   52.500000000000000        5416.6273330205649        5416.6273330402482        1.9683284335769713E-008
   53.000000000000000        5409.6209906133554        5409.6209906330050        1.9649633031804115E-008
   53.500000000000000        5402.6675592257816        5402.6675592453967        1.9615072233136743E-008
   54.000000000000000        5395.7665276849921        5395.7665277045717        1.9579601939767599E-008
   54.500000000000000        5388.9173911932394        5388.9173912127826        1.9543222151696682E-008
   55.000000000000000        5382.1196512287015        5382.1196512482065        1.9505023374222219E-008
   55.500000000000000        5375.3728154481505        5375.3728154676182        1.9467734091449529E-008
   56.000000000000000        5368.6763975914391        5368.6763976108668        1.9427716324571520E-008
   56.500000000000000        5362.0299173877402        5362.0299174071279        1.9387698557693511E-008
   57.000000000000000        5355.4329004635329        5355.4329004828805        1.9347680790815502E-008
   57.500000000000000        5348.8848782522819        5348.8848782715868        1.9304934539832175E-008
   58.000000000000000        5342.3853879057579        5342.3853879250210        1.9263097783550620E-008
   58.500000000000000        5335.9339722070090        5335.9339722262284        1.9219442037865520E-008
   59.000000000000000        5329.5301794848911        5329.5301795040668        1.9175786292180419E-008
   59.500000000000000        5323.1735635301748        5323.1735635493069        1.9132130546495318E-008
   60.000000000000000        5316.8636835131620        5316.8636835322495        1.9087565306108445E-008
   60.500000000000000        5310.6001039027960        5310.6001039218372        1.9041181076318026E-008
   61.000000000000000        5304.3823943872239        5304.3823944062196        1.8995706341229379E-008
   61.500000000000000        5298.2101297958025        5298.2101298147500        1.8947503122035414E-008
   62.000000000000000        5292.0828900224760        5292.0828900413762        1.8900209397543222E-008
   62.500000000000000        5286.0002599505515        5286.0002599694026        1.8851096683647484E-008
   63.000000000000000        5279.9618293787880        5279.9618293975900        1.8801983969751745E-008
   63.500000000000000        5273.9671929488159        5273.9671929675687        1.8752871255856007E-008
   64.000000000000000        5268.0159500738355        5268.0159500925392        1.8703758541960269E-008
   64.500000000000000        5262.1077048685720        5262.1077048872257        1.8653736333362758E-008
   65.000000000000000        5256.2420660804673        5256.2420660990692        1.8601895135361701E-008
   65.500000000000000        5250.4186470220729        5250.4186470406239        1.8550963432062417E-008
   66.000000000000000        5244.6370655046385        5244.6370655231376        1.8499122234061360E-008
   66.500000000000000        5238.8969437728447        5238.8969437912911        1.8446371541358531E-008
   67.000000000000000        5233.1979084406794        5233.1979084590739        1.8394530343357474E-008
   67.500000000000000        5227.5395904284278        5227.5395904467687        1.8340870155952871E-008
   68.000000000000000        5221.9216249007441        5221.9216249190322        1.8288119463250041E-008
   68.500000000000000        5216.3436512058006        5216.3436512240360        1.8235368770547211E-008
   69.000000000000000        5210.8053128154797        5210.8053128336605        1.8180799088440835E-008
   69.500000000000000        5205.3062572665840        5205.3062572847120        1.8128048395738006E-008
   70.000000000000000        5199.8461361030695        5199.8461361211421        1.8072569218929857E-008
   70.500000000000000        5194.4246048192408        5194.4246048372588        1.8017999536823481E-008
   71.000000000000000        5189.0413228039342        5189.0413228218968        1.7962520360015333E-008
   71.500000000000000        5183.6959532856299        5183.6959533035370        1.7907041183207184E-008
   72.000000000000000        5178.3881632785033        5178.3881632963539        1.7850652511697263E-008
   72.500000000000000        5173.1176235293760        5173.1176235471721        1.7796082829590887E-008
   73.000000000000000        5167.8840084655749        5167.8840084833137        1.7738784663379192E-008
   73.500000000000000        5162.6869961436396        5162.6869961613220        1.7682395991869271E-008
   74.000000000000000        5157.5262681989152        5157.5262682165412        1.7626007320359349E-008
   74.500000000000000        5152.4015097959655        5152.4015098135351        1.7569618648849428E-008
   75.000000000000000        5147.3124095798203        5147.3124095973326        1.7512320482637733E-008
   75.500000000000000        5142.2586596280244        5142.2586596454803        1.7455931811127812E-008
   76.000000000000000        5137.2399554034873        5137.2399554208869        1.7399543139617890E-008
   76.500000000000000        5132.2559957081039        5132.2559957254462        1.7342244973406196E-008
   77.000000000000000        5127.3064826371374        5127.3064826544223        1.7284946807194501E-008
   77.500000000000000        5122.3911215343551        5122.3911215515827        1.7227648640982807E-008
   78.000000000000000        5117.5096209478952        5117.5096209650656        1.7170350474771112E-008
   78.500000000000000        5112.6616925868520        5112.6616926039642        1.7112142813857645E-008
   79.000000000000000        5107.8470512785680        5107.8470512956210        1.7053025658242404E-008
   79.500000000000000        5103.0654149266156        5103.0654149436114        1.6995727492030710E-008
   80.000000000000000        5098.3165044694706        5098.3165044864081        1.6937519831117243E-008
   80.500000000000000        5093.6000438398323        5093.6000438567125        1.6880221664905548E-008
   81.000000000000000        5088.9157599246191        5088.9157599414402        1.6821104509290308E-008
   81.500000000000000        5084.2633825255862        5084.2633825423491        1.6762896848376840E-008
   82.000000000000000        5079.6426443205910        5079.6426443372948        1.6703779692761600E-008
   82.500000000000000        5075.0532808254620        5075.0532808421085        1.6646481526549906E-008
   83.000000000000000        5070.4950303564901        5070.4950303730775        1.6587364370934665E-008
   83.500000000000000        5065.9676339934940        5065.9676340100232        1.6529156710021198E-008
   84.000000000000000        5061.4708355434941        5061.4708355599641        1.6470039554405957E-008
   84.500000000000000        5057.0043815049412        5057.0043815213530        1.6411831893492490E-008
   85.000000000000000        5052.5680210325199        5052.5680210488736        1.6353624232579023E-008
   85.500000000000000        5048.1615059025007        5048.1615059187952        1.6294507076963782E-008
   86.000000000000000        5043.7845904786291        5043.7845904948663        1.6237208910752088E-008
   86.500000000000000        5039.4370316785644        5039.4370316947416        1.6177182260435075E-008
   87.000000000000000        5035.1185889408162        5035.1185889569351        1.6118974599521607E-008
   87.500000000000000        5030.8290241922223        5030.8290242082830        1.6060766938608140E-008
   88.000000000000000        5026.5681018159112        5026.5681018319137        1.6002559277694672E-008
   88.500000000000000        5022.3355886197660        5022.3355886357103        1.5944351616781205E-008
   89.000000000000000        5018.1312538053780        5018.1312538212633        1.5885234461165965E-008
   89.500000000000000        5013.9548689374697        5013.9548689532967        1.5827026800252497E-008
   90.000000000000000        5009.8062079137972        5009.8062079295669        1.5769728634040803E-008
   90.500000000000000        5005.6850469355077        5005.6850469512192        1.5711520973127335E-008
   91.000000000000000        5001.5911644779453        5001.5911644935986        1.5653313312213868E-008
   91.500000000000000        4997.5243412619111        4997.5243412775053        1.5594196156598628E-008
   92.000000000000000        4993.4843602253495        4993.4843602408855        1.5535988495685160E-008
   92.500000000000000        4989.4710064954725        4989.4710065109502        1.5477780834771693E-008
   93.000000000000000        4985.4840673612989        4985.4840673767185        1.5419573173858225E-008
   93.500000000000000        4981.5233322466092        4981.5233322619706        1.5361365512944758E-008
   94.000000000000000        4977.5885926833089        4977.5885926986120        1.5303157852031291E-008
   94.500000000000000        4973.6796422851876        4973.6796423004325        1.5244950191117823E-008
   95.000000000000000        4969.7962767220743        4969.7962767372610        1.5186742530204356E-008
   95.500000000000000        4965.9382936943739        4965.9382937095033        1.5129444363992661E-008
   96.000000000000000        4962.1054929079910        4962.1054929230622        1.5071236703079194E-008
   96.500000000000000        4958.2976760496149        4958.2976760646279        1.5013029042165726E-008
   97.000000000000000        4954.5146467623754        4954.5146467773320        1.4956640370655805E-008
   97.500000000000000        4950.7562106218666        4950.7562106367659        1.4899342204444110E-008
   98.000000000000000        4947.0221751125073        4947.0221751273493        1.4842044038232416E-008
   98.500000000000000        4943.3123496042617        4943.3123496190474        1.4785655366722494E-008
   99.000000000000000        4939.6265453296992        4939.6265453444285        1.4729266695212573E-008
   99.500000000000000        4935.9645753613859        4935.9645753760578        1.4671968529000878E-008
   100.00000000000000        4932.3262545896087        4932.3262546042224        1.4613760868087411E-008
   100.50000000000000        4928.7113997004199        4928.7113997149772        1.4557372196577489E-008
   101.00000000000000        4925.1198291540122        4925.1198291685132        1.4500983525067568E-008
   101.50000000000000        4921.5513631633912        4921.5513631778349        1.4443685358855873E-008
   102.00000000000000        4918.0058236733630        4918.0058236877503        1.4387296687345952E-008
   102.50000000000000        4914.4830343398316        4914.4830343541626        1.4330908015836030E-008
   103.00000000000000        4910.9828205093809        4910.9828205236554        1.4274519344326109E-008
   103.50000000000000        4907.5050091991579        4907.5050092133770        1.4219040167517960E-008
   104.00000000000000        4904.0494290770457        4904.0494290912084        1.4162651496008039E-008
   104.50000000000000        4900.6159104421095        4900.6159104562166        1.4107172319199890E-008
   105.00000000000000        4897.2042852053319        4897.2042852193845        1.4052602637093514E-008
   105.50000000000000        4893.8143868706193        4893.8143868846155        1.3996213965583593E-008
   106.00000000000000        4890.4460505160660        4890.4460505300076        1.3941644283477217E-008
   106.50000000000000        4887.0991127755051        4887.0991127893913        1.3886165106669068E-008
   107.00000000000000        4883.7734118202989        4883.7734118341295        1.3830685929860920E-008
   107.50000000000000        4880.4687873413968        4880.4687873551720        1.3775206753052771E-008
   108.00000000000000        4877.1850805316417        4877.1850805453623        1.3720637070946395E-008
   108.50000000000000        4873.9221340683271        4873.9221340819922        1.3665157894138247E-008
   109.00000000000000        4870.6797920959898        4870.6797921096013        1.3611497706733644E-008
   109.50000000000000        4867.4579002094588        4867.4579002230148        1.3556018529925495E-008
   110.00000000000000        4864.2563054371149        4864.2563054506172        1.3502358342520893E-008
   110.50000000000000        4861.0748562244116        4861.0748562378594        1.3447788660414517E-008
   111.00000000000000        4857.9134024176001        4857.9134024309933        1.3393218978308141E-008
   111.50000000000000        4854.7717952476905        4854.7717952610301        1.3339558790903538E-008
   112.00000000000000        4851.6498873146356        4851.6498873279224        1.3286808098200709E-008
   112.50000000000000        4848.5475325717262        4848.5475325849593        1.3233147910796106E-008
   113.00000000000000        4845.4645863102005        4845.4645863233800        1.3179487723391503E-008
   113.50000000000000        4842.4009051440707        4842.4009051571966        1.3125827535986900E-008
   114.00000000000000        4839.3563469951469        4839.3563470082208        1.3073986337985843E-008
   114.50000000000000        4836.3307710782792        4836.3307710912995        1.3020326150581241E-008
   115.00000000000000        4833.3240378867813        4833.3240378997489        1.2967575457878411E-008
   115.50000000000000        4830.3360091780705        4830.3360091909844        1.2913915270473808E-008
   116.00000000000000        4827.3665479594865        4827.3665479723477        1.2861164577770978E-008
   116.50000000000000        4824.4155184743149        4824.4155184871233        1.2808413885068148E-008
   117.00000000000000        4821.4827861879876        4821.4827862007432        1.2755663192365319E-008
   117.50000000000000        4818.5682177744757        4818.5682177871795        1.2703821994364262E-008
   118.00000000000000        4815.6716811028627        4815.6716811155156        1.2652890291064978E-008
   118.50000000000000        4812.7930452240989        4812.7930452366991        1.2600139598362148E-008
   119.00000000000000        4809.9321803579223        4809.9321803704725        1.2550117389764637E-008
   119.50000000000000        4807.0889578799770        4807.0889578924744        1.2497366697061807E-008
   120.00000000000000        4804.2632503090708        4804.2632503215173        1.2446434993762523E-008
   120.50000000000000        4801.4549312946328        4801.4549313070283        1.2395503290463239E-008
   121.00000000000000        4798.6638756043149        4798.6638756166594        1.2344571587163955E-008
   121.50000000000000        4795.8899591117661        4795.8899591240597        1.2293639883864671E-008
   122.00000000000000        4793.1330587845687        4793.1330587968114        1.2242708180565387E-008
   122.50000000000000        4790.3930526723261        4790.3930526845197        1.2193595466669649E-008
   123.00000000000000        4787.6698198949198        4787.6698199070615        1.2141754268668592E-008
   123.50000000000000        4784.9632406308974        4784.9632406429891        1.2091732060071081E-008
   124.00000000000000        4782.2731961060408        4782.2731961180834        1.2042619346175343E-008
   124.50000000000000        4779.5995685820599        4779.5995685940534        1.1993506632279605E-008
   125.00000000000000        4776.9422413454449        4776.9422413573884        1.1943484423682094E-008
   125.50000000000000        4774.3010986964573        4774.3010987083508        1.1893462215084583E-008
   126.00000000000000        4771.6760259382681        4771.6760259501125        1.1844349501188844E-008
   126.50000000000000        4769.0669093662345        4769.0669093780307        1.1796146281994879E-008
   127.00000000000000        4766.4736362573149        4766.4736362690610        1.1746124073397368E-008
   127.50000000000000        4763.8960948596132        4763.8960948713111        1.1697920854203403E-008
   128.00000000000000        4761.3341743820720        4761.3341743937217        1.1649717635009438E-008
   128.50000000000000        4758.7877649842831        4758.7877649958846        1.1601514415815473E-008
   129.00000000000000        4756.2567577664358        4756.2567577779882        1.1552401701919734E-008
   129.50000000000000        4753.7410447593884        4753.7410447708926        1.1504198482725769E-008
   130.00000000000000        4751.2405189148731        4751.2405189263300        1.1456904758233577E-008
   130.50000000000000        4748.7550740958186        4748.7550741072273        1.1408701539039612E-008
   131.00000000000000        4746.2846050667968        4746.2846050781573        1.1360498319845647E-008
   131.50000000000000        4743.8290074845900        4743.8290074959032        1.1313204595353454E-008
   132.00000000000000        4741.3881778888808        4741.3881779001467        1.1265910870861262E-008
   132.50000000000000        4738.9620136930534        4738.9620137042721        1.1218617146369070E-008
   133.00000000000000        4736.5504131751113        4736.5504131862835        1.1172232916578650E-008
   133.50000000000000        4734.1532754687150        4734.1532754798400        1.1124939192086458E-008
   134.00000000000000        4731.7705005543203        4731.7705005653988        1.1078554962296039E-008
   134.50000000000000        4729.4019892504402        4729.4019892614724        1.1032170732505620E-008
   135.00000000000000        4727.0476432050045        4727.0476432159903        1.0985786502715200E-008
   135.50000000000000        4724.7073648868336        4724.7073648977730        1.0939402272924781E-008
   136.00000000000000        4722.3810575772122        4722.3810575881062        1.0893927537836134E-008
   136.50000000000000        4720.0686253615759        4720.0686253724234        1.0847543308045715E-008
   137.00000000000000        4717.7699731212870        4717.7699731320899        1.0802978067658842E-008
   137.50000000000000        4715.4850065255287        4715.4850065362862        1.0757503332570195E-008
   138.00000000000000        4713.2136320232803        4713.2136320339932        1.0712938092183322E-008
   138.50000000000000        4710.9557568354076        4710.9557568460750        1.0667463357094675E-008
   139.00000000000000        4708.7112889468362        4708.7112889574582        1.0621988622006029E-008
   139.50000000000000        4706.4801370988316        4706.4801371094081        1.0576513886917382E-008
   140.00000000000000        4704.2622107813640        4704.2622107918969        1.0532858141232282E-008
   140.50000000000000        4702.0574202255748        4702.0574202360640        1.0489202395547181E-008
   141.00000000000000        4699.8656763963281        4699.8656764067719        1.0443727660458535E-008
   141.50000000000000        4697.6868909848490        4697.6868909952491        1.0400071914773434E-008
   142.00000000000000        4695.5209764014653        4695.5209764118217        1.0356416169088334E-008
   142.50000000000000        4693.3678457684218        4693.3678457787346        1.0312760423403233E-008
   143.00000000000000        4691.2274129127863        4691.2274129230545        1.0268195183016360E-008
   143.50000000000000        4689.0995923594419        4689.0995923696673        1.0225448932033032E-008
   144.00000000000000        4686.9842993241655        4686.9842993343473        1.0181793186347932E-008
   144.50000000000000        4684.8814497067815        4684.8814497169205        1.0139046935364604E-008
   145.00000000000000        4682.7909600844041        4682.7909600945013        1.0097210179083049E-008
   145.50000000000000        4680.7127477047597        4680.7127477148133        1.0053554433397949E-008
   146.00000000000000        4678.6467304795806        4678.6467304895914        1.0010808182414621E-008
   146.50000000000000        4676.5928269780889        4676.5928269880578        9.9689714261330664E-009
   147.00000000000000        4674.5509564205513        4674.5509564304775        9.9262251751497388E-009
   147.50000000000000        4672.5210386719054        4672.5210386817889        9.8834789241664112E-009
   148.00000000000000        4670.5029942354713        4670.5029942453129        9.8416421678848565E-009
   148.50000000000000        4668.4967442467305        4668.4967442565312        9.8007149063050747E-009
   149.00000000000000        4666.5022104671807        4666.5022104769396        9.7588781500235200E-009
   149.50000000000000        4664.5193152782576        4664.5193152879747        9.7170413937419653E-009
   150.00000000000000        4662.5479816753332        4662.5479816850093        9.6761141321621835E-009
   150.50000000000000        4660.5881332617846        4660.5881332714198        9.6351868705824018E-009
   151.00000000000000        4658.6396942431284        4658.6396942527226        9.5942596090026200E-009
   151.50000000000000        4656.7025894212220        4656.7025894307753        9.5533323474228382E-009
   152.00000000000000        4654.7767441885380        4654.7767441980504        9.5124050858430564E-009
   152.50000000000000        4652.8620845225005        4652.8620845319720        9.4714778242632747E-009
   153.00000000000000        4650.9585369798851        4650.9585369893175        9.4323695520870388E-009
   153.50000000000000        4649.0660286912935        4649.0660287006849        9.3914422905072570E-009
   154.00000000000000        4647.1844873556747        4647.1844873650261        9.3514245236292481E-009
   154.50000000000000        4645.3138412349272        4645.3138412442386        9.3114067567512393E-009
   155.00000000000000        4643.4540191485503        4643.4540191578217        9.2713889898732305E-009
   155.50000000000000        4641.6049504683615        4641.6049504775938        9.2322807176969945E-009
   156.00000000000000        4639.7665651132747        4639.7665651224679        9.1931724455207586E-009
   156.50000000000000        4637.9387935441373        4637.9387935532914        9.1540641733445227E-009
   157.00000000000000        4636.1215667586221        4636.1215667677379        9.1158653958700597E-009
   157.50000000000000        4634.3148162861880        4634.3148162952648        9.0767571236938238E-009
   158.00000000000000        4632.5184741830808        4632.5184741921184        9.0376488515175879E-009
   158.50000000000000        4630.7324730274077        4630.7324730364071        8.9994500740431249E-009
   159.00000000000000        4628.9567459142563        4628.9567459232176        8.9612512965686619E-009
   159.50000000000000        4627.1912264508737        4627.1912264597968        8.9230525190941989E-009
   160.00000000000000        4625.4358487518975        4625.4358487607824        8.8848537416197360E-009
   160.50000000000000        4623.6905474346395        4623.6905474434870        8.8475644588470459E-009
   161.00000000000000        4621.9552576144279        4621.9552576232372        8.8093656813725829E-009
   161.50000000000000        4620.2299148999909        4620.2299149087630        8.7720763985998929E-009
   162.00000000000000        4618.5144553889040        4618.5144553976388        8.7347871158272028E-009
   162.50000000000000        4616.8088156630802        4616.8088156717777        8.6974978330545127E-009
   163.00000000000000        4615.1129327843109        4615.1129327929712        8.6602085502818227E-009
   163.50000000000000        4613.4267442898581        4613.4267442984819        8.6238287622109056E-009
   164.00000000000000        4611.7501881880962        4611.7501881966837        8.5874489741399884E-009
   164.50000000000000        4610.0832029542016        4610.0832029627518        8.5501596913672984E-009
   165.00000000000000        4608.4257275258815        4608.4257275343962        8.5146893979981542E-009
   165.50000000000000        4606.7777012991683        4606.7777013076466        8.4783096099272370E-009
   166.00000000000000        4605.1390641242397        4605.1390641326816        8.4419298218563199E-009
   166.50000000000000        4603.5097563012987        4603.5097563097033        8.4046405390836298E-009
   167.00000000000000        4601.8897185764890        4601.8897185848582        8.3691702457144856E-009
   167.50000000000000        4600.2788921378669        4600.2788921462006        8.3336999523453414E-009
   168.00000000000000        4598.6772186114040        4598.6772186197013        8.2973201642744243E-009
   168.50000000000000        4597.0846400570399        4597.0846400653018        8.2618498709052801E-009
   169.00000000000000        4595.5010989647808        4595.5010989730072        8.2263795775361359E-009
   169.50000000000000        4593.9265382508338        4593.9265382590247        8.1909092841669917E-009
   170.00000000000000        4592.3609012537845        4592.3609012619409        8.1563484854996204E-009
   170.50000000000000        4590.8041317308225        4590.8041317389443        8.1217876868322492E-009
   171.00000000000000        4589.2561738539980        4589.2561738620843        8.0863173934631050E-009
   171.50000000000000        4587.7169722065237        4587.7169722145745        8.0508471000939608E-009
   172.00000000000000        4586.1864717791159        4586.1864717871322        8.0162863014265895E-009
   172.50000000000000        4584.6646179663767        4584.6646179743593        7.9826349974609911E-009
   173.00000000000000        4583.1513565632113        4583.1513565711593        7.9480741987936199E-009
   173.50000000000000        4581.6466337612828        4581.6466337691973        7.9144228948280215E-009
   174.00000000000000        4580.1503961455128        4580.1503961533926        7.8798620961606503E-009
   174.50000000000000        4578.6625906906047        4578.6625906984518        7.8471202868968248E-009
   175.00000000000000        4577.1831647576237        4577.1831647654371        7.8134689829312265E-009
   175.50000000000000        4575.7120660905921        4575.7120660983719        7.7798176789656281E-009
   176.00000000000000        4574.2492428131363        4574.2492428208825        7.7461663750000298E-009
   176.50000000000000        4572.7946434251608        4572.7946434328733        7.7125150710344315E-009
   177.00000000000000        4571.3482167995608        4571.3482168072405        7.6797732617706060E-009
   177.50000000000000        4569.9099121789695        4569.9099121866157        7.6461219578050077E-009
   178.00000000000000        4568.4796791725348        4568.4796791801491        7.6142896432429552E-009
   178.50000000000000        4567.0574677527393        4567.0574677603208        7.5815478339791298E-009
   179.00000000000000        4565.6432282522410        4565.6432282597898        7.5488060247153044E-009
   179.50000000000000        4564.2369113607583        4564.2369113682744        7.5160642154514790E-009
   180.00000000000000        4562.8384681219814        4562.8384681294656        7.4842319008894265E-009
   180.50000000000000        4561.4478499305169        4561.4478499379693        7.4523995863273740E-009
   181.00000000000000        4560.0650085288662        4560.0650085362859        7.4196577770635486E-009
   181.50000000000000        4558.6898960044300        4558.6898960118178        7.3878254625014961E-009
   182.00000000000000        4557.3224647865509        4557.3224647939069        7.3559931479394436E-009
   182.50000000000000        4555.9626676435810        4555.9626676509051        7.3241608333773911E-009
   183.00000000000000        4554.6104576799826        4554.6104576872749        7.2923285188153386E-009
   183.50000000000000        4553.2657883334559        4553.2657883407173        7.2614056989550591E-009
   184.00000000000000        4551.9286133721007        4551.9286133793312        7.2304828790947795E-009
   184.50000000000000        4550.5988868916020        4550.5988868988015        7.1995600592344999E-009
   185.00000000000000        4549.2765633124500        4549.2765633196186        7.1686372393742204E-009
   185.50000000000000        4547.9615973771815        4547.9615973843192        7.1377144195139408E-009
   186.00000000000000        4546.6539441476571        4546.6539441547638        7.1067915996536613E-009
   186.50000000000000        4545.3535590023603        4545.3535590094361        7.0758687797933817E-009
   187.00000000000000        4544.0603976337270        4544.0603976407720        7.0449459599331021E-009
   187.50000000000000        4542.7744160454977        4542.7744160525135        7.0158421294763684E-009
   188.00000000000000        4541.4955705501088        4541.4955705570947        6.9858288043178618E-009
   188.50000000000000        4540.2238177660920        4540.2238177730469        6.9549059844575822E-009
   189.00000000000000        4538.9591146155126        4538.9591146224384        6.9258021540008485E-009
   189.50000000000000        4537.7014183214342        4537.7014183283300        6.8957888288423419E-009
   190.00000000000000        4536.4506864053983        4536.4506864122650        6.8666849983856082E-009
   190.50000000000000        4535.2068766849425        4535.2068766917791        6.8366716732271016E-009
   191.00000000000000        4533.9699472711318        4533.9699472779394        6.8075678427703679E-009
   191.50000000000000        4532.7398565661233        4532.7398565729018        6.7784640123136342E-009
   192.00000000000000        4531.5165632607504        4531.5165632674998        6.7493601818569005E-009
   192.50000000000000        4530.3000263321319        4530.3000263388521        6.7202563514001667E-009
   193.00000000000000        4529.0902050413051        4529.0902050479972        6.6920620156452060E-009
   193.50000000000000        4527.8870589308854        4527.8870589375483        6.6629581851884723E-009
   194.00000000000000        4526.6905478227427        4526.6905478293766        6.6338543547317386E-009
   194.50000000000000        4525.5006318157057        4525.5006318223113        6.6056600189767778E-009
   195.00000000000000        4524.3172712832902        4524.3172712898668        6.5765561885200441E-009
   195.50000000000000        4523.1404268714414        4523.1404268779906        6.5492713474668562E-009
   196.00000000000000        4521.9700594963115        4521.9700595028326        6.5210770117118955E-009
   196.50000000000000        4520.8061303420445        4520.8061303485374        6.4928826759569347E-009
   197.00000000000000        4519.6486008585962        4519.6486008650609        6.4646883402019739E-009
   197.50000000000000        4518.4974327595646        4518.4974327660011        6.4364940044470131E-009
   198.00000000000000        4517.3525880200496        4517.3525880264588        6.4092091633938253E-009
   198.50000000000000        4516.2140288745286        4516.2140288809105        6.3819243223406374E-009
   199.00000000000000        4515.0817178147563        4515.0817178211100        6.3537299865856767E-009
   199.50000000000000        4513.9556175876787        4513.9556175940052        6.3264451455324888E-009
   200.00000000000000        4512.8356911933761        4512.8356911996761        6.3000697991810739E-009
   200.50000000000000        4511.7219018830228        4511.7219018892956        6.2727849581278861E-009
   201.00000000000000        4510.6142131568595        4510.6142131631050        6.2455001170746982E-009
   201.50000000000000        4509.5125887621944        4509.5125887684135        6.2191247707232833E-009
   202.00000000000000        4508.4169926914228        4508.4169926976147        6.1918399296700954E-009
   202.50000000000000        4507.3273891800582        4507.3273891862236        6.1654645833186805E-009
   203.00000000000000        4506.2437427047907        4506.2437427109298        6.1390892369672656E-009
   203.50000000000000        4505.1660179815608        4505.1660179876735        6.1127138906158507E-009
   204.00000000000000        4504.0941799636512        4504.0941799697366        6.0854290495626628E-009
   204.50000000000000        4503.0281938397929        4503.0281938458529        6.0599631979130208E-009
   205.00000000000000        4501.9680250323026        4501.9680250383353        6.0326783568598330E-009
   205.50000000000000        4500.9136391952179        4500.9136392012251        6.0072125052101910E-009
   206.00000000000000        4499.8650022124721        4499.8650022184529        5.9808371588587761E-009
   206.50000000000000        4498.8220801960670        4498.8220802020214        5.9544618125073612E-009
   207.00000000000000        4497.7848394842740        4497.7848394902030        5.9289959608577192E-009
   207.50000000000000        4496.7532466398534        4496.7532466457569        5.9035301092080772E-009
   208.00000000000000        4495.7272684482805        4495.7272684541585        5.8780642575584352E-009
   208.50000000000000        4494.7068719159997        4494.7068719218523        5.8525984059087932E-009
   209.00000000000000        4493.6920242686865        4493.6920242745136        5.8271325542591512E-009
   209.50000000000000        4492.6826929495310        4492.6826929553336        5.8025761973112822E-009
   210.00000000000000        4491.6788456175373        4491.6788456233144        5.7771103456616402E-009
   210.50000000000000        4490.6804501458319        4490.6804501515853        5.7534634834155440E-009
   211.00000000000000        4489.6874746200019        4489.6874746257308        5.7289071264676750E-009
   211.50000000000000        4488.6998873364328        4488.6998873421362        5.7034412748180330E-009
   212.00000000000000        4487.7176568006707        4487.7176568063496        5.6788849178701639E-009
   212.50000000000000        4486.7407517258016        4486.7407517314559        5.6543285609222949E-009
   213.00000000000000        4485.7691410308380        4485.7691410364678        5.6297722039744258E-009
   213.50000000000000        4484.8027938391278        4484.8027938447331        5.6052158470265567E-009
   214.00000000000000        4483.8416794767736        4483.8416794823543        5.5806594900786877E-009
   214.50000000000000        4482.8857674710671        4482.8857674766241        5.5570126278325915E-009
   215.00000000000000        4481.9350275489423        4481.9350275544748        5.5324562708847225E-009
   215.50000000000000        4480.9894296354332        4480.9894296409420        5.5088094086386263E-009
   216.00000000000000        4480.0489438521590        4480.0489438576433        5.4842530516907573E-009
   216.50000000000000        4479.1135405158093        4479.1135405212708        5.4615156841464341E-009
   217.00000000000000        4478.1831901366568        4478.1831901420946        5.4378688219003379E-009
   217.50000000000000        4477.2578634170695        4477.2578634224847        5.4151314543560147E-009
   218.00000000000000        4476.3375312500511        4476.3375312554426        5.3914845921099186E-009
   218.50000000000000        4475.4221647177810        4475.4221647231489        5.3678377298638225E-009
   219.00000000000000        4474.5117350901764        4474.5117350955215        5.3451003623194993E-009
   219.50000000000000        4473.6062138234674        4473.6062138287898        5.3223629947751760E-009
   220.00000000000000        4472.7055725587797        4472.7055725640785        5.2987161325290799E-009
   220.50000000000000        4471.8097831207324        4471.8097831260084        5.2759787649847567E-009
   221.00000000000000        4470.9188175160516        4470.9188175213058        5.2541508921422064E-009
   221.50000000000000        4470.0326479321948        4470.0326479374253        5.2305040298961103E-009
   222.00000000000000        4469.1512467359807        4469.1512467411894        5.2086761570535600E-009
   222.50000000000000        4468.2745864722474        4468.2745864774333        5.1859387895092368E-009
   223.00000000000000        4467.4026398625028        4467.4026398676669        5.1641109166666865E-009
   223.50000000000000        4466.5353798036058        4466.5353798087472        5.1413735491223633E-009
   224.00000000000000        4465.6727793664450        4465.6727793715636        5.1186361815780401E-009
   224.50000000000000        4464.8148117946348        4464.8148117997325        5.0977178034372628E-009
   225.00000000000000        4463.9614505032305        4463.9614505083055        5.0749804358929396E-009
   225.50000000000000        4463.1126690774354        4463.1126690824894        5.0540620577521622E-009
   226.00000000000000        4462.2684412713452        4462.2684412763765        5.0313246902078390E-009
   226.50000000000000        4461.4287410066763        4461.4287410116858        5.0094968173652887E-009
   227.00000000000000        4460.5935423715300        4460.5935423765186        4.9885784392245114E-009
   227.50000000000000        4459.7628196191536        4459.7628196241203        4.9667505663819611E-009
   228.00000000000000        4458.9365471667106        4458.9365471716555        4.9449226935394108E-009
   228.50000000000000        4458.1146995940717        4458.1146995989957        4.9240043153986335E-009
   229.00000000000000        4457.2972516426116        4457.2972516475147        4.9030859372578561E-009
   229.50000000000000        4456.4841782140138        4456.4841782188951        4.8812580644153059E-009
   230.00000000000000        4455.6754543690886        4455.6754543739489        4.8603396862745285E-009
   230.50000000000000        4454.8710553266019        4454.8710553314422        4.8403308028355241E-009
   231.00000000000000        4454.0709564621156        4454.0709564669351        4.8194124246947467E-009
   231.50000000000000        4453.2751333068318        4453.2751333116303        4.7984940465539694E-009
   232.00000000000000        4452.4835615464535        4452.4835615512311        4.7775756684131920E-009
   232.50000000000000        4451.6962170200532        4451.6962170248107        4.7575667849741876E-009
   233.00000000000000        4450.9130757189523        4450.9130757236890        4.7366484068334103E-009
   233.50000000000000        4450.1341137856070        4450.1341137903228        4.7157300286926329E-009
   234.00000000000000        4449.3593075125073        4449.3593075172021        4.6948116505518556E-009
   234.50000000000000        4448.5886333410836        4448.5886333457574        4.6738932724110782E-009
   235.00000000000000        4447.8220678606231        4447.8220678652769        4.6538843889720738E-009
   235.50000000000000        4447.0595878071990        4447.0595878118329        4.6338755055330694E-009
   236.00000000000000        4446.3011700626012        4446.3011700672150        4.6138666220940650E-009
   236.50000000000000        4445.5467916532843        4445.5467916578782        4.5938577386550605E-009
   237.00000000000000        4444.7964297493181        4444.7964297538929        4.5747583499178290E-009
   237.50000000000000        4444.0500616633544        4444.0500616679092        4.5547494664788246E-009
   238.00000000000000        4443.3076648495944        4443.3076648541291        4.5347405830398202E-009
   238.50000000000000        4442.5692169027689        4442.5692169072845        4.5156411943025887E-009
   239.00000000000000        4441.8346955571324        4441.8346955616289        4.4965418055653572E-009
   239.50000000000000        4441.1040786854555        4441.1040786899321        4.4765329221263528E-009
   240.00000000000000        4440.3773442980319        4440.3773443024884        4.4565240386873484E-009
   240.50000000000000        4439.6544705416927        4439.6544705461311        4.4383341446518898E-009
   241.00000000000000        4438.9354356988342        4438.9354357032526        4.4183252612128854E-009
   241.50000000000000        4438.2202181864404        4438.2202181908397        4.3992258724756539E-009
   242.00000000000000        4437.5087965551302        4437.5087965595103        4.3801264837384224E-009
   242.50000000000000        4436.8011494881994        4436.8011494925613        4.3619365897029638E-009
   243.00000000000000        4436.0972558006833        4436.0972558050253        4.3419277062639594E-009
   243.50000000000000        4435.3970944384091        4435.3970944427329        4.3237378122285008E-009
   244.00000000000000        4434.7006444770795        4434.7006444813842        4.3046384234912694E-009
   244.50000000000000        4434.0078851213420        4434.0078851256285        4.2864485294558108E-009
   245.00000000000000        4433.3187957038817        4433.3187957081500        4.2682586354203522E-009
   245.50000000000000        4432.6333556845157        4432.6333556887648        4.2491592466831207E-009
   246.00000000000000        4431.9515446492887        4431.9515446535197        4.2309693526476622E-009
   246.50000000000000        4431.2733423095933        4431.2733423138052        4.2118699639104307E-009
   247.00000000000000        4430.5987285012761        4430.5987285054698        4.1936800698749721E-009
   247.50000000000000        4429.9276831837706        4429.9276831879461        4.1754901758395135E-009
   248.00000000000000        4429.2601864392236        4429.2601864433809        4.1573002818040550E-009
   248.50000000000000        4428.5962184716373        4428.5962184757764        4.1391103877685964E-009
   249.00000000000000        4427.9357596060117        4427.9357596101327        4.1209204937331378E-009
   249.50000000000000        4427.2787902875016        4427.2787902916052        4.1036400943994522E-009
   250.00000000000000        4426.6252910805742        4426.6252910846597        4.0854502003639936E-009
   250.50000000000000        4425.9752426681762        4425.9752426722443        4.0681698010303080E-009
   251.00000000000000        4425.3286258509097        4425.3286258549597        4.0499799069948494E-009
   251.50000000000000        4424.6854215462081        4424.6854215502417        4.0336090023629367E-009
   252.00000000000000        4424.0456107875316        4424.0456107915470        4.0154191083274782E-009
   252.50000000000000        4423.4091747235507        4423.4091747275488        3.9981387089937925E-009
   253.00000000000000        4422.7760946173557        4422.7760946213366        3.9808583096601069E-009
   253.50000000000000        4422.1463518456603        4422.1463518496239        3.9635779103264213E-009
   254.00000000000000        4421.5199278980144        4421.5199279019607        3.9462975109927356E-009
   254.50000000000000        4420.8968043760251        4420.8968043799541        3.9290171116590500E-009
   255.00000000000000        4420.2769629925833        4420.2769629964960        3.9126462070271373E-009
   255.50000000000000        4419.6603855710973        4419.6603855749927        3.8953658076934516E-009
   256.00000000000000        4419.0470540447286        4419.0470540486076        3.8789949030615389E-009
   256.50000000000000        4418.4369504556407        4418.4369504595024        3.8617145037278533E-009
   257.00000000000000        4417.8300569542471        4417.8300569580924        3.8453435990959406E-009
   257.50000000000000        4417.2263557984706        4417.2263558022996        3.8289726944640279E-009
   258.00000000000000        4416.6258293530054        4416.6258293568180        3.8126017898321152E-009
   258.50000000000000        4416.0284600885871        4416.0284600923833        3.7962308852002025E-009
   259.00000000000000        4415.4342305812670        4415.4342305850469        3.7798599805682898E-009
   259.50000000000000        4414.8431235116932        4414.8431235154567        3.7634890759363770E-009
   260.00000000000000        4414.2551216643969        4414.2551216681441        3.7471181713044643E-009
   260.50000000000000        4413.6702079270854        4413.6702079308161        3.7307472666725516E-009
   261.00000000000000        4413.0883652899392        4413.0883652936536        3.7143763620406389E-009
   261.50000000000000        4412.5095768449164        4412.5095768486153        3.6989149521104991E-009
   262.00000000000000        4411.9338257850623        4411.9338257887448        3.6825440474785864E-009
   262.50000000000000        4411.3610954038222        4411.3610954074884        3.6661731428466737E-009
   263.00000000000000        4410.7913690943615        4410.7913690980122        3.6507117329165339E-009
   263.50000000000000        4410.2246303488964        4410.2246303525308        3.6343408282846212E-009
   264.00000000000000        4409.6608627580144        4409.6608627616333        3.6188794183544815E-009
   264.50000000000000        4409.1000500100226        4409.1000500136252        3.6025085137225688E-009
   265.00000000000000        4408.5421758902785        4408.5421758938664        3.5879565984942019E-009
   265.50000000000000        4407.9872242805450        4407.9872242841175        3.5724951885640621E-009
   266.00000000000000        4407.4351791583349        4407.4351791618919        3.5570337786339223E-009
   266.50000000000000        4406.8860245962733        4406.8860245998148        3.5415723687037826E-009
   267.00000000000000        4406.3397447614570        4406.3397447649832        3.5261109587736428E-009
   267.50000000000000        4405.7963239148212        4405.7963239183318        3.5106495488435030E-009
   268.00000000000000        4405.2557464105112        4405.2557464140073        3.4960976336151361E-009
   268.50000000000000        4404.7179966952617        4404.7179966987433        3.4815457183867693E-009
   269.00000000000000        4404.1830593077766        4404.1830593112427        3.4660843084566295E-009
   269.50000000000000        4403.6509188781129        4403.6509188815644        3.4515323932282627E-009
   270.00000000000000        4403.1215601270778        4403.1215601305139        3.4360709832981229E-009
   270.50000000000000        4402.5949678656189        4402.5949678690404        3.4215190680697560E-009
   271.00000000000000        4402.0711269942294        4402.0711269976364        3.4069671528413892E-009
   271.50000000000000        4401.5500225023516        4401.5500225057431        3.3915057429112494E-009
   272.00000000000000        4401.0316394677839        4401.0316394711608        3.3769538276828825E-009
   272.50000000000000        4400.5159630561011        4400.5159630594635        3.3624019124545157E-009
   273.00000000000000        4400.0029785200704        4400.0029785234183        3.3478499972261488E-009
   273.50000000000000        4399.4926711990747        4399.4926712024080        3.3332980819977820E-009
   274.00000000000000        4398.9850265185396        4398.9850265218583        3.3187461667694151E-009
   274.50000000000000        4398.4800299893686        4398.4800299926728        3.3041942515410483E-009
   275.00000000000000        4397.9776672073776        4397.9776672106682        3.2905518310144544E-009
   275.50000000000000        4397.4779238527390        4397.4779238560150        3.2759999157860875E-009
   276.00000000000000        4396.9807856894222        4396.9807856926836        3.2614480005577207E-009
   276.50000000000000        4396.4862385646466        4396.4862385678935        3.2468960853293538E-009
   277.00000000000000        4395.9942684083344        4395.9942684115676        3.2332536648027599E-009
   277.50000000000000        4395.5048612325700        4395.5048612357896        3.2196112442761660E-009
   278.00000000000000        4395.0180031310601        4395.0180031342661        3.2059688237495720E-009
   278.50000000000000        4394.5336802786014        4394.5336802817928        3.1914169085212052E-009
   279.00000000000000        4394.0518789305488        4394.0518789337266        3.1777744879946113E-009
   279.50000000000000        4393.5725854222928        4393.5725854254570        3.1641320674680173E-009
   280.00000000000000        4393.0957861687357        4393.0957861718862        3.1504896469414234E-009
   280.50000000000000        4392.6214676637728        4392.6214676669097        3.1368472264148295E-009
   281.00000000000000        4392.1496164797827        4392.1496164829050        3.1222953111864626E-009
   281.50000000000000        4391.6802192671112        4391.6802192702207        3.1095623853616416E-009
   282.00000000000000        4391.2132627535721        4391.2132627566680        3.0959199648350477E-009
   282.50000000000000        4390.7487337439388        4390.7487337470211        3.0822775443084538E-009
   283.00000000000000        4390.2866191194498        4390.2866191225194        3.0695446184836328E-009
   283.50000000000000        4389.8269058373126        4389.8269058403685        3.0559021979570389E-009
   284.00000000000000        4389.3695809302108        4389.3695809332530        3.0422597774304450E-009
   284.50000000000000        4388.9146315058197        4388.9146315088492        3.0295268516056240E-009
   285.00000000000000        4388.4620447463212        4388.4620447493380        3.0167939257808030E-009
   285.50000000000000        4388.0118079079230        4388.0118079109270        3.0040609999559820E-009
   286.00000000000000        4387.5639083203841        4387.5639083233755        2.9913280741311610E-009
   286.50000000000000        4387.1183333865401        4387.1183333895178        2.9776856536045671E-009
   287.00000000000000        4386.6750705818331        4386.6750705847971        2.9640432330779731E-009
   287.50000000000000        4386.2341074538463        4386.2341074567976        2.9513103072531521E-009
   288.00000000000000        4385.7954316218447        4385.7954316247824        2.9376678867265582E-009
   288.50000000000000        4385.3590307763097        4385.3590307792347        2.9249349609017372E-009
   289.00000000000000        4384.9248926784903        4384.9248926814016        2.9112925403751433E-009
   289.50000000000000        4384.4930051599440        4384.4930051628426        2.8985596145503223E-009
   290.00000000000000        4384.0633561220930        4384.0633561249797        2.8867361834272742E-009
   290.50000000000000        4383.6359335357774        4383.6359335386514        2.8740032576024532E-009
   291.00000000000000        4383.2107254408111        4383.2107254436723        2.8612703317776322E-009
   291.50000000000000        4382.7877199455434        4382.7877199483919        2.8485374059528112E-009
   292.00000000000000        4382.3669052264231        4382.3669052292598        2.8367139748297632E-009
   292.50000000000000        4381.9482695275683        4381.9482695303923        2.8239810490049422E-009
   293.00000000000000        4381.5318011603313        4381.5318011631434        2.8121576178818941E-009
   293.50000000000000        4381.1174885028795        4381.1174885056789        2.7994246920570731E-009
   294.00000000000000        4380.7053199997636        4380.7053200025512        2.7876012609340250E-009
   294.50000000000000        4380.2952841615052        4380.2952841642809        2.7757778298109770E-009
   295.00000000000000        4379.8873695641751        4379.8873695669390        2.7639543986879289E-009
   295.50000000000000        4379.4815648489821        4379.4815648517333        2.7512214728631079E-009
   296.00000000000000        4379.0778587218574        4379.0778587245968        2.7393980417400599E-009
   296.50000000000000        4378.6762399530526        4378.6762399557801        2.7275746106170118E-009
   297.00000000000000        4378.2766973767293        4378.2766973794451        2.7157511794939637E-009
   297.50000000000000        4377.8792198905603        4377.8792198932642        2.7039277483709157E-009
   298.00000000000000        4377.4837964553290        4377.4837964580211        2.6921043172478676E-009
   298.50000000000000        4377.0904160945320        4377.0904160972123        2.6802808861248195E-009
   299.00000000000000        4376.6990678939883        4376.6990678966567        2.6684574550017715E-009
   299.50000000000000        4376.3097410014443        4376.3097410041019        2.6575435185804963E-009
   300.00000000000000        4375.9224246261920        4375.9224246288377        2.6457200874574482E-009
   300.50000000000000        4375.5371080386776        4375.5371080413115        2.6338966563344002E-009
   301.00000000000000        4375.1537805701228        4375.1537805727457        2.6229827199131250E-009
   301.50000000000000        4374.7724316121457        4374.7724316147578        2.6120687834918499E-009
   302.00000000000000        4374.3930506163824        4374.3930506189827        2.6002453523688018E-009
   302.50000000000000        4374.0156270941106        4374.0156270967000        2.5893314159475267E-009
   303.00000000000000        4373.6401506158845        4373.6401506184620        2.5775079848244786E-009
   303.50000000000000        4373.2666108111580        4373.2666108137246        2.5665940484032035E-009
   304.00000000000000        4372.8949973679246        4372.8949973704812        2.5565896066837013E-009
   304.50000000000000        4372.5253000323537        4372.5253000348985        2.5447661755606532E-009
   305.00000000000000        4372.1575086084231        4372.1575086109578        2.5347617338411510E-009
   305.50000000000000        4371.7916129575697        4371.7916129600935        2.5238477974198759E-009
   306.00000000000000        4371.4276029983257        4371.4276030008386        2.5129338609986007E-009
   306.50000000000000        4371.0654687059696        4371.0654687084716        2.5020199245773256E-009
   307.00000000000000        4370.7052001121747        4370.7052001146658        2.4911059881560504E-009
   307.50000000000000        4370.3467873046584        4370.3467873071386        2.4801920517347753E-009
   308.00000000000000        4369.9902204268401        4369.9902204293094        2.4692781153135002E-009
   308.50000000000000        4369.6354896774938        4369.6354896799530        2.4592736735939980E-009
   309.00000000000000        4369.2825853104114        4369.2825853128588        2.4474502424709499E-009
   309.50000000000000        4368.9314976340575        4368.9314976364949        2.4374458007514477E-009
   310.00000000000000        4368.5822170112406        4368.5822170136671        2.4265318643301725E-009
   310.50000000000000        4368.2347338587733        4368.2347338611889        2.4156179279088974E-009
   311.00000000000000        4367.8890386471430        4367.8890386495486        2.4056134861893952E-009
   311.50000000000000        4367.5451219001843        4367.5451219025799        2.3956090444698930E-009
   312.00000000000000        4367.2029741947508        4367.2029741971346        2.3837856133468449E-009
   312.50000000000000        4366.8625861603850        4366.8625861627588        2.3737811716273427E-009
   313.00000000000000        4366.5239484790063        4366.5239484813692        2.3628672352060676E-009
   313.50000000000000        4366.1870518845808        4366.1870518869346        2.3537722881883383E-009
   314.00000000000000        4365.8518871628121        4365.8518871651559        2.3437678464688361E-009
   314.50000000000000        4365.5184451508194        4365.5184451531513        2.3319444153457880E-009
   315.00000000000000        4365.1867167368227        4365.1867167391447        2.3219399736262858E-009
   315.50000000000000        4364.8566928598384        4364.8566928621503        2.3119355319067836E-009
   316.00000000000000        4364.5283645093650        4364.5283645116670        2.3019310901872814E-009
   316.50000000000000        4364.2017227250781        4364.2017227273691        2.2910171537660062E-009
   317.00000000000000        4363.8767585965215        4363.8767585988035        2.2819222067482769E-009
   317.50000000000000        4363.5534632628114        4363.5534632650833        2.2719177650287747E-009
   318.00000000000000        4363.2318279123283        4363.2318279145902        2.2619133233092725E-009
   318.50000000000000        4362.9118437824218        4362.9118437846746        2.2528183762915432E-009
   319.00000000000000        4362.5935021591176        4362.5935021613604        2.2428139345720410E-009
   319.50000000000000        4362.2767943768140        4362.2767943790468        2.2328094928525388E-009
   320.00000000000000        4361.9617118179976        4361.9617118202204        2.2228050511330366E-009
   320.50000000000000        4361.6482459129475        4361.6482459151612        2.2137101041153073E-009
   321.00000000000000        4361.3363881394507        4361.3363881416553        2.2046151570975780E-009
   321.50000000000000        4361.0261300225129        4361.0261300247075        2.1946107153780758E-009
   322.00000000000000        4360.7174631340722        4360.7174631362577        2.1855157683603466E-009
   322.50000000000000        4360.4103790927220        4360.4103790948984        2.1764208213426173E-009
   323.00000000000000        4360.1048695634254        4360.1048695655918        2.1664163796231151E-009
   323.50000000000000        4359.8009262572368        4359.8009262593941        2.1573214326053858E-009
   324.00000000000000        4359.4985409310275        4359.4985409331757        2.1482264855876565E-009
   324.50000000000000        4359.1977053872088        4359.1977053893470        2.1382220438681543E-009
   325.00000000000000        4358.8984114734576        4358.8984114755867        2.1291270968504250E-009
   325.50000000000000        4358.6006510824482        4358.6006510845682        2.1200321498326957E-009
   326.00000000000000        4358.3044161515800        4358.3044161536909        2.1109372028149664E-009
   326.50000000000000        4358.0096986627113        4358.0096986648132        2.1018422557972372E-009
   327.00000000000000        4357.7164906418930        4357.7164906439857        2.0927473087795079E-009
   327.50000000000000        4357.4247841591032        4357.4247841611868        2.0836523617617786E-009
   328.00000000000000        4357.1345713279879        4357.1345713300625        2.0745574147440493E-009
   328.50000000000000        4356.8458443055970        4356.8458443076624        2.0654624677263200E-009
   329.00000000000000        4356.5585952921283        4356.5585952941847        2.0563675207085907E-009
   329.50000000000000        4356.2728165306689        4356.2728165327162        2.0472725736908615E-009
   330.00000000000000        4355.9885003069403        4355.9885003089785        2.0381776266731322E-009
   330.50000000000000        4355.7056389490435        4355.7056389510735        2.0299921743571758E-009
   331.00000000000000        4355.4242248272112        4355.4242248292321        2.0208972273394465E-009
   331.50000000000000        4355.1442503535518        4355.1442503555636        2.0118022803217173E-009
   332.00000000000000        4354.8657079818040        4354.8657079838076        2.0036168280057609E-009
   332.50000000000000        4354.5885902070904        4354.5885902090859        1.9954313756898046E-009
   333.00000000000000        4354.3128895656728        4354.3128895676591        1.9863364286720753E-009
   333.50000000000000        4354.0385986347046        4354.0385986366819        1.9772414816543460E-009
   334.00000000000000        4353.7657100319921        4353.7657100339602        1.9681465346366167E-009
   334.50000000000000        4353.4942164157537        4353.4942164177137        1.9599610823206604E-009
   335.00000000000000        4353.2241104843806        4353.2241104863324        1.9517756300047040E-009
   335.50000000000000        4352.9553849762005        4352.9553849781441        1.9435901776887476E-009
   336.00000000000000        4352.6880326692408        4352.6880326711762        1.9354047253727913E-009
   336.50000000000000        4352.4220463809943        4352.4220463829215        1.9272192730568349E-009
   337.00000000000000        4352.1574189681887        4352.1574189701068        1.9181243260391057E-009
   337.50000000000000        4351.8941433265527        4351.8941433284626        1.9099388737231493E-009
   338.00000000000000        4351.6322123905884        4351.6322123924901        1.9017534214071929E-009
   338.50000000000000        4351.3716191333442        4351.3716191352369        1.8926584743894637E-009
   339.00000000000000        4351.1123565661846        4351.1123565680700        1.8853825167752802E-009
   339.50000000000000        4350.8544177385720        4350.8544177404483        1.8762875697575510E-009
   340.00000000000000        4350.5977957378336        4350.5977957397026        1.8690116121433675E-009
   340.50000000000000        4350.3424836889499        4350.3424836908107        1.8608261598274112E-009
   341.00000000000000        4350.0884747543250        4350.0884747561777        1.8526407075114548E-009
   341.50000000000000        4349.8357621335745        4349.8357621354189        1.8444552551954985E-009
   342.00000000000000        4349.5843390633017        4349.5843390651389        1.8371792975813150E-009
   342.50000000000000        4349.3341988168877        4349.3341988187167        1.8289938452653587E-009
   343.00000000000000        4349.0853347042712        4349.0853347060920        1.8208083929494023E-009
   343.50000000000000        4348.8377400717372        4348.8377400735499        1.8126229406334460E-009
   344.00000000000000        4348.5914083017051        4348.5914083035104        1.8053469830192626E-009
   344.50000000000000        4348.3463328125199        4348.3463328143171        1.7971615307033062E-009
   345.00000000000000        4348.1025070582364        4348.1025070600263        1.7898855730891228E-009
   345.50000000000000        4347.8599245284204        4347.8599245302021        1.7817001207731664E-009
   346.00000000000000        4347.6185787479344        4347.6185787497079        1.7735146684572101E-009
   346.50000000000000        4347.3784632767356        4347.3784632785018        1.7662387108430266E-009
   347.00000000000000        4347.1395717096730        4347.1395717114310        1.7580532585270703E-009
   347.50000000000000        4346.9018976762818        4346.9018976780326        1.7507773009128869E-009
   348.00000000000000        4346.6654348405855        4346.6654348423290        1.7435013432987034E-009
   348.50000000000000        4346.4301769008935        4346.4301769026288        1.7353158909827471E-009
   349.00000000000000        4346.1961175896022        4346.1961175913302        1.7280399333685637E-009
   349.50000000000000        4345.9632506730004        4345.9632506747203        1.7198544810526073E-009
   350.00000000000000        4345.7315699510700        4345.7315699527817        1.7116690287366509E-009
   350.50000000000000        4345.5010692572914        4345.5010692589958        1.7043930711224675E-009
   351.00000000000000        4345.2717424584534        4345.2717424601506        1.6971171135082841E-009
   351.50000000000000        4345.0435834544560        4345.0435834561458        1.6898411558941007E-009
   352.00000000000000        4344.8165861781226        4344.8165861798052        1.6825651982799172E-009
   352.50000000000000        4344.5907445950097        4344.5907445966850        1.6752892406657338E-009
   353.00000000000000        4344.3660527032152        4344.3660527048833        1.6680132830515504E-009
   353.50000000000000        4344.1425045331953        4344.1425045348560        1.6607373254373670E-009
   354.00000000000000        4343.9200941475747        4343.9200941492281        1.6534613678231835E-009
   354.50000000000000        4343.6988156409643        4343.6988156426105        1.6461854102090001E-009
   355.00000000000000        4343.4786631397737        4343.4786631414127        1.6389094525948167E-009
   355.50000000000000        4343.2596308020329        4343.2596308036645        1.6316334949806333E-009
   356.00000000000000        4343.0417128172057        4343.0417128188310        1.6252670320682228E-009
   356.50000000000000        4342.8249034060154        4342.8249034076334        1.6179910744540393E-009
   357.00000000000000        4342.6091968202591        4342.6091968218698        1.6107151168398559E-009
   357.50000000000000        4342.3945873426337        4342.3945873442372        1.6034391592256725E-009
   358.00000000000000        4342.1810692865574        4342.1810692881536        1.5961632016114891E-009
   358.50000000000000        4341.9686369959936        4341.9686369975825        1.5888872439973056E-009
   359.00000000000000        4341.7572848452774        4341.7572848468599        1.5825207810848951E-009
   359.50000000000000        4341.5470072389408        4341.5470072405160        1.5752448234707117E-009
   360.00000000000000        4341.3377986115402        4341.3377986131081        1.5679688658565283E-009
   360.50000000000000        4341.1296534274843        4341.1296534290459        1.5616024029441178E-009
   361.00000000000000        4340.9225661808669        4340.9225661824212        1.5543264453299344E-009
   361.50000000000000        4340.7165313952928        4340.7165313968399        1.5470504877157509E-009
   362.00000000000000        4340.5115436237129        4340.5115436252527        1.5397745301015675E-009
   362.50000000000000        4340.3075974482545        4340.3075974497879        1.5334080671891570E-009
   363.00000000000000        4340.1046874800595        4340.1046874815866        1.5270416042767465E-009
   363.50000000000000        4339.9028083591138        4339.9028083606345        1.5206751413643360E-009
   364.00000000000000        4339.7019547540876        4339.7019547556010        1.5133991837501526E-009
   364.50000000000000        4339.5021213621685        4339.5021213636755        1.5070327208377421E-009
