   0.0000000000000000        4200.0000000000000        4200.0000000000000        0.0000000000000000     
  0.50000000000000000        4198.5243588389349        4198.5243588394851        5.5024429457262158E-010
   1.0000000000000000        4197.0274763771358        4197.0274763782509        1.1150405043736100E-009
   1.5000000000000000        4195.5090627119935        4195.5090627136897        1.6962076188065112E-009
   2.0000000000000000        4193.9688244552744        4193.9688244575655        2.2910171537660062E-009
   2.5000000000000000        4192.4064647054229        4192.4064647083251        2.9021975933574140E-009
   3.0000000000000000        4190.8216830201236        4190.8216830236533        3.5297489375807345E-009
   3.5000000000000000        4189.2141753891137        4189.2141753932874        4.1736711864359677E-009
   4.0000000000000000        4187.5836342072853        4187.5836342121183        4.8330548452213407E-009
   4.5000000000000000        4185.9297482480870        4185.9297482535967        5.5097189033403993E-009
   5.0000000000000000        4184.2522026372571        4184.2522026434608        6.2036633607931435E-009
   5.5000000000000000        4182.5506788269031        4182.5506788338171        6.9139787228778005E-009
   6.0000000000000000        4180.8248545699444        4180.8248545775878        7.6433934736996889E-009
   6.5000000000000000        4179.0744038949624        4179.0744039033534        8.3909981185570359E-009
   7.0000000000000000        4177.2989970814588        4177.2989970906156        9.1567926574498415E-009
   7.5000000000000000        4175.4983006355606        4175.4983006455004        9.9398675956763327E-009
   8.0000000000000000        4173.6719772661927        4173.6719772769347        1.0742041922640055E-008
   8.5000000000000000        4171.8196858617475        4171.8196858733118        1.1564225133042783E-008
   9.0000000000000000        4169.9410814672783        4169.9410814796838        1.2405507732182741E-008
   9.5000000000000000        4168.0358152622366        4168.0358152755034        1.3266799214761704E-008
   10.000000000000000        4166.1035345387927        4166.1035345529408        1.4148099580779672E-008
   10.500000000000000        4164.1438826807635        4164.1438826958138        1.5050318324938416E-008
   11.000000000000000        4162.1564991431769        4162.1564991591504        1.5973455447237939E-008
   11.500000000000000        4160.1410194325090        4160.1410194494256        1.6916601452976465E-008
   12.000000000000000        4158.0970750876095        4158.0970751054920        1.7882484826259315E-008
   12.500000000000000        4156.0242936613813        4156.0242936802506        1.8869286577682942E-008
   13.000000000000000        4153.9222987032035        4153.9222987230814        1.9877916201949120E-008
   13.500000000000000        4151.7907097421694        4151.7907097630796        2.0910192688461393E-008
   14.000000000000000        4149.6291422711565        4149.6291422931217        2.1965206542517990E-008
   14.500000000000000        4147.4372077317657        4147.4372077548078        2.3042048269417137E-008
   15.000000000000000        4145.2145135001665        4145.2145135243100        2.4143446353264153E-008
   15.500000000000000        4142.9606628738966        4142.9606628991651        2.5268491299357265E-008
   16.000000000000000        4140.6752550596339        4140.6752550860510        2.6417183107696474E-008
   16.500000000000000        4138.3578851619977        4138.3578851895891        2.7591340767685324E-008
   17.000000000000000        4136.0081441734173        4136.0081442022074        2.8790054784622043E-008
   17.500000000000000        4133.6256189650940        4133.6256189951082        3.0014234653208405E-008
   18.000000000000000        4131.2098922791201        4131.2098923103840        3.1263880373444408E-008
   18.500000000000000        4128.7605427217832        4128.7605427543212        3.2538082450628281E-008
   19.000000000000000        4126.2771447580999        4126.2771447919404        3.3840478863567114E-008
   19.500000000000000        4123.7592687076385        4123.7592687428078        3.5169250622857362E-008
   20.000000000000000        4121.2064807416527        4121.2064807781780        3.6525307223200798E-008
   20.500000000000000        4118.6183428815966        4118.6183429195053        3.7908648664597422E-008
   21.000000000000000        4115.9944129990490        4115.9944130383683        3.9319274947047234E-008
   21.500000000000000        4113.3342448171088        4113.3342448578669        4.0758095565252006E-008
   22.000000000000000        4110.6373879133089        4110.6373879555331        4.2224201024509966E-008
   22.500000000000000        4107.9033877240863        4107.9033877678075        4.3721229303628206E-008
   23.000000000000000        4105.1317855508878        4105.1317855961343        4.5246451918501407E-008
   23.500000000000000        4102.3221185679213        4102.3221186147230        4.6801687858533114E-008
   24.000000000000000        4099.4739198316520        4099.4739198800389        4.8386937123723328E-008
   24.500000000000000        4096.5867182920629        4096.5867183420651        5.0002199714072049E-008
   25.000000000000000        4093.6600388057518        4093.6600388574002        5.1648385124281049E-008
   25.500000000000000        4090.6934021509155        4090.6934022042410        5.3325493354350328E-008
   26.000000000000000        4087.6863250442771        4087.6863250993110        5.5033979151630774E-008
   26.500000000000000        4084.6383201600170        4084.6383202167913        5.6774297263473272E-008
   27.000000000000000        4081.5488961507654        4081.5488962093118        5.8546447689877823E-008
   27.500000000000000        4078.4175576707112        4078.4175577310625        6.0351339925546199E-008
   28.000000000000000        4075.2438054008967        4075.2438054630852        6.2188519223127514E-008
   28.500000000000000        4072.0271360767470        4072.0271361408059        6.4058895077323541E-008
   29.000000000000000        4068.7670425179081        4068.7670425838719        6.5963831730186939E-008
   29.500000000000000        4065.4630136604505        4065.4630137283530        6.7902419687015936E-008
   30.000000000000000        4062.1145345914974        4062.1145346613725        6.9875113695161417E-008
   30.500000000000000        4058.7210865863494        4058.7210866582323        7.1882823249325156E-008
   31.000000000000000        4055.2821471481693        4055.2821472220949        7.3925548349507153E-008
   31.500000000000000        4051.7971900502866        4051.7971901262895        7.6002834248356521E-008
   32.000000000000000        4048.2656853811932        4048.2656854593097        7.8116499935276806E-008
   32.500000000000000        4044.6870995922991        4044.6870996725647        8.0265635915566236E-008
   33.000000000000000        4041.0608955485068        4041.0608956309584        8.2451606431277469E-008
   33.500000000000000        4037.3865325816819        4037.3865326663563        8.4674411482410505E-008
   34.000000000000000        4033.6634665470847        4033.6634666340183        8.6933596321614459E-008
   34.500000000000000        4029.8911498828247        4029.8911499720552        8.9230525190941989E-008
   35.000000000000000        4026.0690316724240        4026.0690317639896        9.1565652837743983E-008
   35.500000000000000        4022.1965577105425        4022.1965578044806        9.3938069767318666E-008
   36.000000000000000        4018.2731705719420        4018.2731706682907        9.6348685474367812E-008
   36.500000000000000        4014.2983096837629        4014.2983097825609        9.8797954706242308E-008
   37.000000000000000        4010.2714114011769        4010.2714115024633        1.0128633221029304E-007
   37.500000000000000        4006.1919090864922        4006.1919091903064        1.0381427273387089E-007
   38.000000000000000        4002.0592331917805        4002.0592332981610        1.0638041203492321E-007
   38.500000000000000        3997.8728113450902        3997.8728114540772        1.0898702385020442E-007
   39.000000000000000        3993.6320684403313        3993.6320685519649        1.1163365343236364E-007
   39.500000000000000        3989.3364267308862        3989.3364268452069        1.1432075552875176E-007
   40.000000000000000        3984.9853059270290        3984.9853060440764        1.1704742064466700E-007
   40.500000000000000        3980.5781232972136        3980.5781234170295        1.1981592251686379E-007
   41.000000000000000        3976.1142937733139        3976.1142938959392        1.2262535165064037E-007
   41.500000000000000        3971.5932300598697        3971.5932301853454        1.2547570804599673E-007
   42.000000000000000        3967.0143427474186        3967.0143428757865        1.2836790119763464E-007
   42.500000000000000        3962.3770404299794        3962.3770405612800        1.3130056686350144E-007
   43.000000000000000        3957.6807298267481        3957.6807299610246        1.3427643352770247E-007
   43.500000000000000        3952.9248159080912        3952.9248160453849        1.3729368220083416E-007
   44.000000000000000        3948.1087020258738        3948.1087021662274        1.4035367712494917E-007
   44.500000000000000        3943.2317900482185        3943.2317901916740        1.4345550880534574E-007
   45.000000000000000        3938.2934804987322        3938.2934806453322        1.4660008673672564E-007
   45.500000000000000        3933.2931727002838        3933.2931728500712        1.4978741091908887E-007
   46.000000000000000        3928.2302649233798        3928.2302650763972        1.5301748135243542E-007
   46.500000000000000        3923.1041545392040        3923.1041546954948        1.5629075278411619E-007
   47.000000000000000        3917.9142381773800        3917.9142383369872        1.5960722521413118E-007
   47.500000000000000        3912.6599118885083        3912.6599120514747        1.6296644389512949E-007
   48.000000000000000        3907.3405713115358        3907.3405714779046        1.6636886357446201E-007
   48.500000000000000        3901.9556118460091        3901.9556120158245        1.6981539374683052E-007
   49.000000000000000        3896.5044288292652        3896.5044290025703        1.7330512491753325E-007
   49.500000000000000        3890.9864177185996        3890.9864178954367        1.7683714759186842E-007
   50.000000000000000        3885.4009742784610        3885.4009744588743        1.8041328075923957E-007
   50.500000000000000        3879.7474947727260        3879.7474949567591        1.8403306967229582E-007
   51.000000000000000        3874.0253761620738        3874.0253763497703        1.8769651433103718E-007
   51.500000000000000        3868.2340163065151        3868.2340164979178        1.9140270524076186E-007
   52.000000000000000        3862.3728141730994        3862.3728143682515        1.9515209714882076E-007
   52.500000000000000        3856.4411700488376        3856.4411702477828        1.9894514480256476E-007
   53.000000000000000        3850.4384857588661        3850.4384859616475        2.0278139345464297E-007
   53.500000000000000        3844.3641648898724        3844.3641650965328        2.0666038835770451E-007
   54.000000000000000        3838.2176130188050        3838.2176132293880        2.1058303900645114E-007
   54.500000000000000        3831.9982379468893        3831.9982381614377        2.1454843590618111E-007
   55.000000000000000        3825.7054499389496        3825.7054501575062        2.1855657905689441E-007
   55.500000000000000        3819.3386619680564        3819.3386621906639        2.2260746845859103E-007
   56.000000000000000        3812.8972899654959        3812.8972901921961        2.2670019461656921E-007
   56.500000000000000        3806.3807530760628        3806.3807533068975        2.3083475753082894E-007
   57.000000000000000        3799.7884739186661        3799.7884741536786        2.3501252144342288E-007
   57.500000000000000        3793.1198788522520        3793.1198790914827        2.3923075787024572E-007
   58.000000000000000        3786.3743982469964        3786.3743984904877        2.4349128580070101E-007
   58.500000000000000        3779.5514667607845        3779.5514670085763        2.4779183149803430E-007
   59.000000000000000        3772.6505236209132        3772.6505238730470        2.5213375920429826E-007
   59.500000000000000        3765.6710129110124        3765.6710131675291        2.5651661417214200E-007
   60.000000000000000        3758.6123838631270        3758.6123841240665        2.6093948690686375E-007
   60.500000000000000        3751.4740911549197        3751.4740914203212        2.6540146791376173E-007
   61.000000000000000        3744.2555952119460        3744.2555954818495        2.6990346668753773E-007
   61.500000000000000        3736.9563625149412        3736.9563627893849        2.7444366423878819E-007
   62.000000000000000        3729.5758659120506        3729.5758661910731        2.7902251531486399E-007
   62.500000000000000        3722.1135849359353        3722.1135852195753        2.8364001991576515E-007
   63.000000000000000        3714.5690061256760        3714.5690064139703        2.8829435905208811E-007
   63.500000000000000        3706.9416233533775        3706.9416236463630        2.9298553272383288E-007
   64.000000000000000        3699.2309381553955        3699.2309384531086        2.9771308618364856E-007
   64.500000000000000        3691.4364600680728        3691.4364603705494        3.0247656468418427E-007
   65.000000000000000        3683.5577069678784        3683.5577072751544        3.0727596822544001E-007
   65.500000000000000        3675.5942054158368        3675.5942057279458        3.1210902307066135E-007
   66.000000000000000        3667.5454910061094        3667.5454913230860        3.1697663871455006E-007
   66.500000000000000        3659.4111087186143        3659.4111090404913        3.2187699616770260E-007
   67.000000000000000        3651.1906132755198        3651.1906136023294        3.2680964068276808E-007
   67.500000000000000        3642.8835695014786        3642.8835698332537        3.3177502700709738E-007
   68.000000000000000        3634.4895526874375        3634.4895530242084        3.3677088140393607E-007
   68.500000000000000        3626.0081489578456        3626.0081492996424        3.4179674912593327E-007
   69.000000000000000        3617.4389556410983        3617.4389559879510        3.4685263017308898E-007
   69.500000000000000        3608.7815816430243        3608.7815819949615        3.5193716030335054E-007
   70.000000000000000        3600.0356478232161        3600.0356481802655        3.5704943002201617E-007
   70.500000000000000        3591.2007873740067        3591.2007877361957        3.6218898458173499E-007
   71.000000000000000        3582.2766462018753        3582.2766465692298        3.6735445974045433E-007
   71.500000000000000        3573.2628833110607        3573.2628836836047        3.7254403650877066E-007
   72.000000000000000        3564.1591711891410        3564.1591715669006        3.7775953387608752E-007
   72.500000000000000        3554.9651961943632        3554.9651965773596        3.8299640436889604E-007
   73.000000000000000        3545.6806589444295        3545.6806593326860        3.8825646697659977E-007
   73.500000000000000        3536.3052747065290        3536.3052751000664        3.9353744796244428E-007
   74.000000000000000        3526.8387737883018        3526.8387741871402        3.9883843783172779E-007
   74.500000000000000        3517.2809019294832        3517.2809023336417        4.0415852708974853E-007
   75.000000000000000        3507.6314206939296        3507.6314211034260        4.0949635149445385E-007
   75.500000000000000        3497.8901078617282        3497.8901082765797        4.1485145629849285E-007
   76.000000000000000        3488.0567578210871        3488.0567582413087        4.2022156776511110E-007
   76.500000000000000        3478.1311819596835        3478.1311823852898        4.2560623114695773E-007
   77.000000000000000        3468.1132090551537        3468.1132094861582        4.3100453694933094E-007
   77.500000000000000        3458.0026856643867        3458.0026861008005        4.3641375668812543E-007
   78.000000000000000        3447.7994765112726        3447.7994769531078        4.4183525460539386E-007
   78.500000000000000        3437.5034648725741        3437.5034653198395        4.4726539272232912E-007
   79.000000000000000        3427.1145529615369        3427.1145534142406        4.5270371629158035E-007
   79.500000000000000        3416.6326623088935        3416.6326627670419        4.5814840632374398E-007
   80.000000000000000        3406.0577341408734        3406.0577346044729        4.6359946281882003E-007
   80.500000000000000        3395.3897297538456        3395.3897302229007        4.6905506678740494E-007
   81.000000000000000        3384.6286308851968        3384.6286313597097        4.7451294449274428E-007
   81.500000000000000        3373.7744400800520        3373.7744405600242        4.7997218644013628E-007
   82.000000000000000        3362.8271810534384        3362.8271815388703        4.8543188313487917E-007
   82.500000000000000        3351.7868990474803        3351.7868995383701        4.9088976084021851E-007
   83.000000000000000        3340.6536611832084        3340.6536616795534        4.9634491006145254E-007
   83.500000000000000        3329.4275568065700        3329.4275573083655        5.0179551180917770E-007
   84.000000000000000        3318.1086978282074        3318.1086983354489        5.0724156608339399E-007
   84.500000000000000        3306.6972190565871        3306.6972195692665        5.1267943490529433E-007
   85.000000000000000        3295.1932785240269        3295.1932790421361        5.1810911827487871E-007
   85.500000000000000        3283.5970578052102        3283.5970583287381        5.2352788770804182E-007
   86.000000000000000        3271.9087623277210        3271.9087628566563        5.2893528845743276E-007
   86.500000000000000        3260.1286216741833        3260.1286222085118        5.3432859203894623E-007
   87.000000000000000        3248.2568898755344        3248.2568904152427        5.3970825319993310E-007
   87.500000000000000        3236.2938456950178        3236.2938462400889        5.4507108870893717E-007
   88.000000000000000        3224.2397929024182        3224.2397934528335        5.5041527957655489E-007
   88.500000000000000        3212.0950605381163        3212.0950610938567        5.5574037105543539E-007
   89.000000000000000        3199.8600031665105        3199.8600037275551        5.6104454415617511E-007
   89.500000000000000        3187.5350011183609        3187.5350016846864        5.6632552514201961E-007
   90.000000000000000        3175.1204607216137        3175.1204612931956        5.7158194977091625E-007
   90.500000000000000        3162.6168145202705        3162.6168150970839        5.7681336329551414E-007
   91.000000000000000        3150.0245214808710        3150.0245220628872        5.8201612773700617E-007
   91.500000000000000        3137.3440671861417        3137.3440677733324        5.8719069784274325E-007
   92.000000000000000        3124.5759640154097        3124.5759646077431        5.9233343563391827E-007
   92.500000000000000        3111.7207513113353        3111.7207519087797        5.9744434111053124E-007
   93.000000000000000        3098.7789955325743        3098.7789961350954        6.0252114053582773E-007
   93.500000000000000        3085.7512903919423        3085.7512909995053        6.0756292441510595E-007
   94.000000000000000        3072.6382569797006        3072.6382575922676        6.1256696426426060E-007
   94.500000000000000        3059.4405438715594        3059.4405444890922        6.1753280533594079E-007
   95.000000000000000        3046.1588272210333        3046.1588278434911        6.2245771914604120E-007
   95.500000000000000        3032.7938108357671        3032.7938114631074        6.2734034145250916E-007
   96.000000000000000        3019.3462262374837        3019.3462268696635        6.3217976276064292E-007
   96.500000000000000        3005.8168327052053        3005.8168333421800        6.3697461882838979E-007
   97.000000000000000        2992.2064173014169        2992.2064179431395        6.4172263591899537E-007
   97.500000000000000        2978.5157948808492        2978.5157955272707        6.4642154029570520E-007
   98.000000000000000        2964.7458080815818        2964.7458087326531        6.5107133195851929E-007
   98.500000000000000        2950.8973272981802        2950.8973279538504        6.5567019191803411E-007
   99.000000000000000        2936.9712506365877        2936.9712512968031        6.6021539169014432E-007
   99.500000000000000        2922.9685038505168        2922.9685045152237        6.6470693127484992E-007
   100.00000000000000        2908.8900402591130        2908.8900409282551        6.6914208218804561E-007
   100.50000000000000        2894.7368406456571        2894.7368413191775        6.7352038968238048E-007
   101.00000000000000        2880.5099131371176        2880.5099138149576        6.7784003476845101E-007
   101.50000000000000        2866.2102930643641        2866.2102937464638        6.8209965320420451E-007
   102.00000000000000        2851.8390428028888        2851.8390434891862        6.8629742600023746E-007
   102.50000000000000        2837.3972515938908        2837.3972522843237        6.9043289840919897E-007
   103.00000000000000        2822.8860353456139        2822.8860360401177        6.9450379669433460E-007
   103.50000000000000        2808.3065364148338        2808.3065371133434        6.9850966610829346E-007
   104.00000000000000        2793.6599233684328        2793.6599240708806        7.0244777816697024E-007
   104.50000000000000        2778.9473907250026        2778.9473914313203        7.0631767812301405E-007
   105.00000000000000        2764.1701586764621        2764.1701593865810        7.1011891122907400E-007
   105.50000000000000        2749.3294727896841        2749.3294735035329        7.1384874900104478E-007
   106.00000000000000        2734.4266036881504        2734.4266044056576        7.1750719143892638E-007
   106.50000000000000        2719.4628467136977        2719.4628474347901        7.2109241955331527E-007
   107.00000000000000        2704.4395215684167        2704.4395222930202        7.2460352384950966E-007
   107.50000000000000        2689.3579719368122        2689.3579726648513        7.2803914008545689E-007
   108.00000000000000        2674.2195650883496        2674.2195658197479        7.3139835876645520E-007
   108.50000000000000        2659.0256914605384        2659.0256921952187        7.3468027039780281E-007
   109.00000000000000        2643.7777642227343        2643.7777649606182        7.3788396548479795E-007
   109.50000000000000        2628.4772188208649        2628.4772195618725        7.4100762503803708E-007
   110.00000000000000        2613.1255125033049        2613.1255132473566        7.4405170380487107E-007
   110.50000000000000        2597.7241238281713        2597.7241245751857        7.4701438279589638E-007
   111.00000000000000        2582.2745521523061        2582.2745529022009        7.4989475251641124E-007
   111.50000000000000        2566.7783171022711        2566.7783178549630        7.5269190347171389E-007
   112.00000000000000        2551.2369580276818        2551.2369587830876        7.5540583566180430E-007
   112.50000000000000        2535.6520334372485        2535.6520341952837        7.5803518484462984E-007
   113.00000000000000        2520.0251204179044        2520.0251211784830        7.6057858677813783E-007
   113.50000000000000        2504.3578140374370        2504.3578148004749        7.6303786045173183E-007
   114.00000000000000        2488.6517267310664        2488.6517274964763        7.6540982263395563E-007
   114.50000000000000        2472.9084876724114        2472.9084884401063        7.6769492807216011E-007
   115.00000000000000        2457.1297421293521        2457.1297428992434        7.6989135777694173E-007
   115.50000000000000        2441.3171508052737        2441.3171515772747        7.7200093073770404E-007
   116.00000000000000        2425.4723891662456        2425.4723899402670        7.7402137321769260E-007
   116.50000000000000        2409.5971467546592        2409.5971475306123        7.7595313996425830E-007
   117.00000000000000        2393.6931264899231        2393.6931272677180        7.7779486673534848E-007
   117.50000000000000        2377.7620439567891        2377.7620447363370        7.7954791777301580E-007
   118.00000000000000        2361.8056266819376        2361.8056274631476        7.8121001934050582E-007
   118.50000000000000        2345.8256133994346        2345.8256141822167        7.8278208093252033E-007
   119.00000000000000        2329.8237533057263        2329.8237540899904        7.8426410254905932E-007
   119.50000000000000        2313.8018053048272        2313.8018060904828        7.8565562944277190E-007
   120.00000000000000        2297.7615372443843        2297.7615380313396        7.8695529737160541E-007
   120.50000000000000        2281.7047251433060        2281.7047259314713        7.8816538007231429E-007
   121.00000000000000        2265.6331524116849        2265.6331532009694        7.8928451330284588E-007
   121.50000000000000        2249.5486090637096        2249.5486098540227        7.9031315181055106E-007
   122.00000000000000        2233.4528909243186        2233.4528917155685        7.9124993135337718E-007
   122.50000000000000        2217.3477988303248        2217.3477996224215        7.9209667092072777E-007
   123.00000000000000        2201.2351378267786        2201.2351386196319        7.9285337051260285E-007
   123.50000000000000        2185.1167163593132        2185.1167171528323        7.9351912063430063E-007
   124.00000000000000        2168.9943454632457        2168.9943462573406        7.9409483078052290E-007
   124.50000000000000        2152.8698379502098        2152.8698387447903        7.9458050095126964E-007
   125.00000000000000        2136.7450075930860        2136.7450083880631        7.9497704064124264E-007
   125.50000000000000        2120.6216683100183        2120.6216691053023        7.9528399510309100E-007
   126.00000000000000        2104.5016333482849        2104.5016341437877        7.9550272857886739E-007
   126.50000000000000        2088.3867144688193        2088.3867152644521        7.9563278632122092E-007
   127.00000000000000        2072.2787211321433        2072.2787219278184        7.9567507782485336E-007
   127.50000000000000        2056.1794596865029        2056.1794604821325        7.9562960308976471E-007
   128.00000000000000        2040.0907325589710        2040.0907333544683        7.9549727161065675E-007
   128.50000000000000        2024.0143374502914        2024.0143382455706        7.9527922025590669E-007
   129.00000000000000        2007.9520665342241        2007.9520673291988        7.9497476690448821E-007
   129.50000000000000        1991.9057056621409        1991.9057064567273        7.9458641266683117E-007
   130.00000000000000        1975.8770335736338        1975.8770343677468        7.9411302067455836E-007
   130.50000000000000        1959.8678211138492        1959.8678219074050        7.9355572779604699E-007
   131.00000000000000        1943.8798304582970        1943.8798312512124        7.9291544352599885E-007
   131.50000000000000        1927.9148143458299        1927.9148151380239        7.9219398685381748E-007
   132.00000000000000        1911.9745153205090        1911.9745161119001        7.9139113040582743E-007
   132.50000000000000        1896.0606649830261        1896.0606657735332        7.9050710155570414E-007
   133.00000000000000        1880.1749832523615        1880.1749840419059        7.8954440141387749E-007
   133.50000000000000        1864.3191776383399        1864.3191784268424        7.8850257523299661E-007
   134.00000000000000        1848.4949425257016        1848.4949433130844        7.8738275988143869E-007
   134.50000000000000        1832.7039584703246        1832.7039592565120        7.8618745646963362E-007
   135.00000000000000        1816.9478915081966        1816.9478922931119        7.8491530075552873E-007
   135.50000000000000        1801.2283924777009        1801.2283932612693        7.8356833910220303E-007
   136.00000000000000        1785.5470963557962        1785.5470971379445        7.8214839049906004E-007
   136.50000000000000        1769.9056216086165        1769.9056223892717        7.8065522757242434E-007
   137.00000000000000        1754.3055695570038        1754.3055703360940        7.7909021456434857E-007
   137.50000000000000        1738.7485237574735        1738.7485245349296        7.7745607995893806E-007
   138.00000000000000        1723.2360493990855        1723.2360501748371        7.7575168688781559E-007
   138.50000000000000        1707.7696927166448        1707.7696934906244        7.7397953646141104E-007
   139.00000000000000        1692.3509804206833        1692.3509811928232        7.7213985605339985E-007
   139.50000000000000        1676.9814191445905        1676.9814199148248        7.7023423727951013E-007
   140.00000000000000        1661.6624949092836        1661.6624956775481        7.6826449912914541E-007
   140.50000000000000        1646.3956726057538        1646.3956733719845        7.6623064160230570E-007
   141.00000000000000        1631.1823954958047        1631.1823962599390        7.6413425631471910E-007
   141.50000000000000        1616.0240847312837        1616.0240854932615        7.6197784437681548E-007
   142.00000000000000        1600.9221388920748        1600.9221396518356        7.5976072366756853E-007
   142.50000000000000        1585.8779335430793        1585.8779343005640        7.5748471317638177E-007
   143.00000000000000        1570.8928208104157        1570.8928215655683        7.5515254138736054E-007
   143.50000000000000        1555.9681289770253        1555.9681297297884        7.5276307143212762E-007
   144.00000000000000        1541.1051620978246        1541.1051628481446        7.5031994128949009E-007
   144.50000000000000        1526.3051996345771        1526.3052003823989        7.4782178671739530E-007
   145.00000000000000        1511.5694961105539        1511.5694968558257        7.4527179094729945E-007
   145.50000000000000        1496.8992807851018        1496.8992815277734        7.4267154559493065E-007
   146.00000000000000        1482.2957573481588        1482.2957580881791        7.4002036853926256E-007
   146.50000000000000        1467.7601036347469        1467.7601043720676        7.3732076089072507E-007
   147.00000000000000        1453.2934713594682        1453.2934720940430        7.3457476901239716E-007
   147.50000000000000        1438.8969858709766        1438.8969866027585        7.3178193815692794E-007
   148.00000000000000        1424.5717459263792        1424.5717466553240        7.2894476943474729E-007
   148.50000000000000        1410.3188234855213        1410.3188242115859        7.2606462708790787E-007
   149.00000000000000        1396.1392635250547        1396.1392642481962        7.2314151111640967E-007
   149.50000000000000        1382.0340838721811        1382.0340845923583        7.2017724050965626E-007
   150.00000000000000        1368.0042750579460        1368.0042757751203        7.1717431637807749E-007
   150.50000000000000        1354.0508001899300        1354.0508009040623        7.1413228397432249E-007
   151.00000000000000        1340.1745948441517        1340.1745955552053        7.1105364440882113E-007
   151.50000000000000        1326.3765669760107        1326.3765676839489        7.0793817030789796E-007
   152.00000000000000        1312.6575968500349        1312.6575975548230        7.0478813540830743E-007
   152.50000000000000        1299.0185369882188        1299.0185376898241        7.0160535869945306E-007
   153.00000000000000        1285.4602121366979        1285.4602128350873        6.9838938543398399E-007
   153.50000000000000        1271.9834192504834        1271.9834199456257        6.9514226197497919E-007
   154.00000000000000        1258.5889274959902        1258.5889281878560        6.9186580731184222E-007
   154.50000000000000        1245.2774782710517        1245.2774789596115        6.8855979407089762E-007
   155.00000000000000        1232.0497852421015        1232.0497859273273        6.8522581386787351E-007
   155.50000000000000        1218.9065343982074        1218.9065350800740        6.8186659518687520E-007
   156.00000000000000        1205.8483841216132        1205.8483848000942        6.7848100115952548E-007
   156.50000000000000        1192.8759652744229        1192.8759659494940        6.7507107814890333E-007
   157.00000000000000        1179.9898813010807        1179.9898819727193        6.7163864514441229E-007
   157.50000000000000        1167.1907083462627        1167.1907090144462        6.6818347477237694E-007
   158.00000000000000        1154.4789953877864        1154.4789960524943        6.6470784076955169E-007
   158.50000000000000        1141.8552643841629        1141.8552650453744        6.6121151576226112E-007
   159.00000000000000        1129.3200104363641        1129.3200110940604        6.5769631873990875E-007
   159.50000000000000        1116.8737019634164        1116.8737026175800        6.5416361394454725E-007
   160.00000000000000        1104.5167808913891        1104.5167815420023        6.5061317400250118E-007
   160.50000000000000        1092.2496628553547        1092.2496635024015        6.4704681790317409E-007
   161.00000000000000        1080.0727374138987        1080.0727380573653        6.4346659200964496E-007
   161.50000000000000        1067.9863682757436        1067.9863689156148        6.3987113207986113E-007
   162.00000000000000        1055.9908935380365        1055.9908941742992        6.3626271185057703E-007
   162.50000000000000        1044.0866259358825        1044.0866265685252        6.3264269556384534E-007
   163.00000000000000        1032.2738531026646        1032.2738537316752        6.2901062847231515E-007
   163.50000000000000        1020.5528378407056        1020.5528384660744        6.2536878431274090E-007
   164.00000000000000        1008.9238184018410        1008.9238190235575        6.2171648096409626E-007
   164.50000000000000        997.38700877743588        997.38700939549176        6.1805587847629795E-007
   165.00000000000000        985.94259899742246        985.94259961181001        6.1438754528353456E-007
   165.50000000000000        974.59075543789822        974.59075604860993        6.1071170875948155E-007
   166.00000000000000        963.33162113684693        963.33162174387621        6.0702927839884069E-007
   166.50000000000000        952.16531611754397        952.16531672088593        6.0334195950417779E-007
   167.00000000000000        941.09193771920980        941.09193831885875        5.9964895626762882E-007
   167.50000000000000        930.11156093446573        930.11156153041793        5.9595220136543503E-007
   168.00000000000000        919.22423875317816        919.22423934543076        5.9225260429229820E-007
   168.50000000000000        908.43000251225317        908.43000310080276        5.8854959661402972E-007
   169.00000000000000        897.72886225095908        897.72886283580351        5.8484442888584454E-007
   169.50000000000000        887.12080707136943        887.12080765250812        5.8113869272347074E-007
   170.00000000000000        876.60580550351108        876.60580608094267        5.7743159231904428E-007
   170.50000000000000        866.18380587480442        866.18380644852948        5.7372506034880644E-007
   171.00000000000000        855.85473668341490        855.85473725343331        5.7001841469173087E-007
   171.50000000000000        845.61850697510476        845.61850754141756        5.6631279221619479E-007
   172.00000000000000        835.47500672321473        835.47500728582429        5.6260955716425087E-007
   172.50000000000000        825.42410721139458        825.42410777030250        5.5890791372803506E-007
   173.00000000000000        815.46566141870449        815.46566197391360        5.5520911246276228E-007
   173.50000000000000        805.59950440673902        805.59950495825319        5.5151417654997203E-007
   174.00000000000000        795.82545370841240        795.82545425623505        5.4782265124231344E-007
   174.50000000000000        786.14330971805714        786.14331026219247        5.4413533234765055E-007
   175.00000000000000        776.55285608250620        776.55285662295955        5.4045335673436057E-007
   175.50000000000000        767.05386009282927        767.05386062960531        5.3677604228141718E-007
   176.00000000000000        757.64607307639631        757.64607360950095        5.3310463954403531E-007
   176.50000000000000        748.32923078896988        748.32923131840971        5.2943983064324129E-007
   177.00000000000000        739.10305380651835        739.10305433229951        5.2578116083168425E-007
   177.50000000000000        729.96724791645488        729.96724843858499        5.2213010803825455E-007
   178.00000000000000        720.92150450803183        720.92150502651782        5.1848599014192587E-007
   178.50000000000000        711.96550096160149        711.96550147645098        5.1484948926372454E-007
   179.00000000000000        703.09890103649172        703.09890154771358        5.1122185595886549E-007
   179.50000000000000        694.32135525723947        694.32135576484166        5.0760218073264696E-007
   180.00000000000000        685.63250129792880        685.63250180192006        5.0399125939293299E-007
   180.50000000000000        677.03196436440919        677.03196486479931        5.0039011512126308E-007
   181.00000000000000        668.51935757416300        668.51935807096106        4.9679806579661090E-007
   181.50000000000000        660.09428233360029        660.09428282681608        4.9321579354000278E-007
   182.00000000000000        651.75632871258108        651.75632920222540        4.8964432153297821E-007
   182.50000000000000        643.50507581596514        643.50507630204777        4.8608262659399770E-007
   183.00000000000000        635.34009215199046        635.34009263452288        4.8253241402562708E-007
   183.50000000000000        627.26093599731746        627.26093647631001        4.7899254695948912E-007
   184.00000000000000        619.26715575854803        619.26715623401208        4.7546404857712332E-007
   184.50000000000000        611.35829033007280        611.35829080202029        4.7194748731271829E-007
   185.00000000000000        603.53386944808540        603.53386991652758        4.6844218104524771E-007
   185.50000000000000        595.79341404061597        595.79341450556490        4.6494892558257561E-007
   186.00000000000000        588.13643657345438        588.13643703492266        4.6146828935889062E-007
   186.50000000000000        580.56244139183104        580.56244184983086        4.5799981762684183E-007
   187.00000000000000        573.07092505773221        573.07092551227595        4.5454373776010470E-007
   187.50000000000000        565.66137668274177        565.66137713384285        4.5110107294021873E-007
   188.00000000000000        558.33327825630693        558.33327870397795        4.4767102735931985E-007
   188.50000000000000        551.08610496932192        551.08610541357609        4.4425416945159668E-007
   189.00000000000000        543.91932553295180        543.91932597380287        4.4085106765123783E-007
   189.50000000000000        536.83240249260848        536.83240293006975        4.3746126721089240E-007
   190.00000000000000        529.82479253700274        529.82479297108807        4.3408533656474901E-007
   190.50000000000000        522.89594680221126        522.89594723293442        4.3072316202596994E-007
   191.00000000000000        516.04531117069098        516.04531159806584        4.2737485728139291E-007
   191.50000000000000        509.27232656519027        509.27232698923149        4.2404121813888196E-007
   192.00000000000000        502.57642923751132        502.57642965823277        4.2072144879057305E-007
   192.50000000000000        495.95705105207412        495.95705146949030        4.1741617451407365E-007
   193.00000000000000        489.41361976425708        489.41362017838287        4.1412579321331577E-007
   193.50000000000000        482.94555929347837        482.94555970432822        4.1084985014094855E-007
   194.00000000000000        476.55228999099364        476.55229039858216        4.0758851582722855E-007
   194.50000000000000        470.23322890239507        470.23322930673771        4.0434264292343869E-007
   195.00000000000000        463.98779002479961        463.98779042591099        4.0111137877829606E-007
   195.50000000000000        457.81538455871038        457.81538495660601        3.9789563288650243E-007
   196.00000000000000        451.71542115456094        451.71542154925561        3.9469466628361261E-007
   196.50000000000000        445.68730615393065        445.68730654543964        3.9150899056039634E-007
   197.00000000000000        439.73044382544805        439.73044421378717        3.8833911730762338E-007
   197.50000000000000        433.84423659538874        433.84423698057310        3.8518436440426740E-007
   198.00000000000000        428.02808527297873        428.02808565502397        3.8204524344109814E-007
   198.50000000000000        422.28138927042977        422.28138964935181        3.7892203863520990E-007
   199.00000000000000        416.60354681772429        416.60354719353847        3.7581418155241408E-007
   199.50000000000000        410.99395517217482        410.99395554489695        3.7272212694006157E-007
   200.00000000000000        405.45201082279283        405.45201119243910        3.6964627270208439E-007
   200.50000000000000        399.97710968949707        399.97711005608301        3.6658593671745621E-007
   201.00000000000000        394.56864731719446        394.56864768073598        3.6354151689010905E-007
   201.50000000000000        389.22601906477900        389.22601942529252        3.6051352481081267E-007
   202.00000000000000        383.94862028908761        383.94862064658878        3.5750116467170301E-007
   202.50000000000000        378.73584652385352        378.73584687835876        3.5450523228064412E-007
   203.00000000000000        373.58709365371334        373.58709400523850        3.5152515920344740E-007
   203.50000000000000        368.50175808330727        368.50175843186850        3.4856122965720715E-007
   204.00000000000000        363.47923690153164        363.47923724714553        3.4561389838927425E-007
   204.50000000000000        358.51892804099504        358.51892838367752        3.4268248327862239E-007
   205.00000000000000        353.62023043273030        353.62023077249773        3.3976743907260243E-007
   205.50000000000000        348.78254415622575        348.78254449309469        3.3686893630147097E-007
   206.00000000000000        344.00527058483146        344.00527091881804        3.3398657706129597E-007
   206.50000000000000        339.28781252659934        339.28781285771987        3.3112053188233403E-007
   207.00000000000000        334.62957436062322        334.62957468889448        3.2827125551193603E-007
   207.50000000000000        330.02996216894115        330.02996249437922        3.2543806582907564E-007
   208.00000000000000        325.48838386405947        325.48838418668117        3.2262170179819805E-007
   208.50000000000000        321.00424931217367        321.00424963199515        3.1982148129827692E-007
   209.00000000000000        316.57697045214195        316.57697076917964        3.1703768854640657E-007
   209.50000000000000        312.20596141028705        312.20596172455777        3.1427072144651902E-007
   210.00000000000000        307.89063861109145        307.89063892261146        3.1152001156442566E-007
   210.50000000000000        303.63042088385191        303.63042119263770        3.0878578627380193E-007
   211.00000000000000        299.42472956536761        299.42472987143594        3.0606832979174214E-007
   211.50000000000000        295.27298859872934        295.27298890209653        3.0336718737089541E-007
   212.00000000000000        291.17462462827746        291.17462492896010        3.0068264322835603E-007
   212.50000000000000        287.12906709080369        287.12906738881850        2.9801481105096173E-007
   213.00000000000000        283.13574830306482        283.13574859842811        2.9536329293478047E-007
   213.50000000000000        279.19410354567719        279.19410383840557        2.9272837309690658E-007
   214.00000000000000        275.30357114346742        275.30357143357759        2.9011016522417776E-007
   214.50000000000000        271.46359254234693        271.46359282985520        2.8750827141266200E-007
   215.00000000000000        267.67361238277988        267.67361266770308        2.8492320325312903E-007
   215.50000000000000        263.93307856992061        263.93307885227506        2.8235444915480912E-007
   216.00000000000000        260.24144234048356        260.24144262028574        2.7980217964795884E-007
   216.50000000000000        256.59815832642209        256.59815860368866        2.7726656526283477E-007
   217.00000000000000        253.00268461548356        253.00268489023085        2.7474729336063319E-007
   217.50000000000000        249.45448280870855        249.45448308095308        2.7224453447161068E-007
   218.00000000000000        245.95301807494675        245.95301834470507        2.6975831701747666E-007
   218.50000000000000        242.49775920245600        242.49775946974447        2.6728847046797455E-007
   219.00000000000000        239.08817864765214        239.08817891248717        2.6483502324481378E-007
   219.50000000000000        235.72375258107917        235.72375284347737        2.6239820272166980E-007
   220.00000000000000        232.40396093066610        232.40396119064368        2.5997758257290116E-007
   220.50000000000000        229.12828742233484        229.12828767990814        2.5757330490705499E-007
   221.00000000000000        225.89621961802811        225.89621987321371        2.5518559709780675E-007
   221.50000000000000        222.70724895122160        222.70724920403563        2.5281403281951498E-007
   222.00000000000000        219.56087075998158        219.56087101044054        2.5045895313269284E-007
   222.50000000000000        216.45658431763755        216.45658456575748        2.4811993171169888E-007
   223.00000000000000        213.39389286112646        213.39389310692363        2.4579716750849911E-007
   223.50000000000000        210.37230361707572        210.37230386056655        2.4349083105335012E-007
   224.00000000000000        207.39132782568424        207.39132806688471        2.4120046759890101E-007
   224.50000000000000        204.45048076246024        204.45048100138655        2.3892630451882724E-007
   225.00000000000000        201.54928175787933        201.54928199454775        2.3666842707825708E-007
   225.50000000000000        198.68725421501927        198.68725444944576        2.3442649421667738E-007
   226.00000000000000        195.86392562522857        195.86392585742917        2.3220059119921643E-007
   226.50000000000000        193.07882758188842        193.07882781187931        2.2999088855613081E-007
   227.00000000000000        190.33149579232310        190.33149602012011        2.2779701680519793E-007
   227.50000000000000        187.62147008791237        187.62147031353160        2.2561923174180265E-007
   228.00000000000000        184.94829443246402        184.94829465592125        2.2345722072714125E-007
   228.50000000000000        182.31151692889574        182.31151715020681        2.2131106902634201E-007
   229.00000000000000        179.71068982428218        179.71069004346307        2.1918089032624266E-007
   229.50000000000000        177.14536951331783        177.14536973038420        2.1706637198803946E-007
   230.00000000000000        174.61511654024477        174.61511675521234        2.1496757085515128E-007
   230.50000000000000        172.11949559929755        172.11949581218218        2.1288462903612526E-007
   231.00000000000000        169.65807553371320        169.65807574453041        2.1081720547044824E-007
   231.50000000000000        167.23042933335248        167.23042954211786        2.0876538542324852E-007
   232.00000000000000        164.83613413098206        164.83613433771134        2.0672928258136380E-007
   232.50000000000000        162.47477119726267        162.47477140197117        2.0470849904086208E-007
   233.00000000000000        160.14592593448643        160.14592613718966        2.0270323375370936E-007
   233.50000000000000        157.84918786911089        157.84918806982444        2.0071354356332449E-007
   234.00000000000000        155.58415064313110        155.58415084187013        1.9873903056577547E-007
   234.50000000000000        153.35041200433071        153.35041220111071        1.9678000739986601E-007
   235.00000000000000        151.14757379545782        151.14757399029386        1.9483604773995467E-007
   235.50000000000000        148.97524194236061        148.97524213526796        1.9290735053800745E-007
   236.00000000000000        146.83302644112740        146.83302663212132        1.9099391579402436E-007
   236.50000000000000        144.72054134426696        144.72054153336242        1.8909545929091109E-007
   237.00000000000000        142.63740474596702        142.63740493317906        1.8721203787208651E-007
   237.50000000000000        140.58323876646961        140.58323895181331        1.8534370838096947E-007
   238.00000000000000        138.55766953559848        138.55766971908866        1.8349018660046568E-007
   238.50000000000000        136.56032717547259        136.56032735712418        1.8165158621741284E-007
   239.00000000000000        134.59084578244281        134.59084596227066        1.7982785038839211E-007
   239.50000000000000        132.64886340828329        132.64886358630207        1.7801878016143746E-007
   240.00000000000000        130.73402204067051        130.73402221689491        1.7622440395825834E-007
   240.50000000000000        128.84596758298315        128.84596775742793        1.7444477862227359E-007
   241.00000000000000        126.98434983345317        126.98435000613277        1.7267960572553420E-007
   241.50000000000000        125.14882246369746        125.14882263462650        1.7092904158744204E-007
   242.00000000000000        123.33904299666220        123.33904316585502        1.6919281620175752E-007
   242.50000000000000        121.55467278400565        121.55467295147662        1.6747097220104479E-007
   243.00000000000000        119.79537698294993        119.79537714871348        1.6576355221786798E-007
   243.50000000000000        118.06082453262825        118.06082469669850        1.6407025782427809E-007
   244.00000000000000        116.35068812995283        116.35068829234400        1.6239117428540339E-007
   244.50000000000000        114.66464420503181        114.66464436575811        1.6072630160124390E-007
   245.00000000000000        113.00237289615865        113.00237305523402        1.5907536976556003E-007
   245.50000000000000        111.36355802439807        111.36355818183650        1.5743842141091591E-007
   246.00000000000000        109.74788706779385        109.74788722360935        1.5581549916987569E-007
   246.50000000000000        108.15505113522069        108.15505128942702        1.5420633303619979E-007
   247.00000000000000        106.58474493990150        106.58474509251252        1.5261102248587122E-007
   247.50000000000000        105.03666677261431        105.03666692364366        1.5102935435606923E-007
   248.00000000000000        103.51051847460722        103.51051862406854        1.4946131443593913E-007
   248.50000000000000        102.00600541024382        102.00600555815075        1.4790693114719033E-007
   249.00000000000000        100.52283643939832        100.52283658576430        1.4636597711614741E-007
   249.50000000000000        99.060723889618885        99.060724034457337        1.4483845234281034E-007
   250.00000000000000        97.619383528079155        97.619383671403511        1.4332435682717914E-007
   250.50000000000000        96.198534533335405        96.198534675158868        1.4182346319557837E-007
   251.00000000000000        94.797899466906202        94.797899607241987        1.4033578565886273E-007
   251.50000000000000        93.417204244692854        93.417204383554179        1.3886132421703223E-007
   252.00000000000000        92.056178108256361        92.056178245656227        1.3739986570726614E-007
   252.50000000000000        90.714553595966180        90.714553731917576        1.3595139591870975E-007
   253.00000000000000        89.392066514037325        89.392066648553254        1.3451592906221777E-007
   253.50000000000000        88.088455907470234        88.088456040563457        1.3309322355326003E-007
   254.00000000000000        86.803464030906810        86.803464162590160        1.3168335044611013E-007
   254.50000000000000        85.536836319418413        85.536836449704552        1.3028613921051146E-007
   255.00000000000000        84.288321359237202        84.288321488138735        1.2890153300304519E-007
   255.50000000000000        83.057670858445150        83.057670985974667        1.2752951761285658E-007
   256.00000000000000        81.844639617632822        81.844639743802745        1.2616992250968906E-007
   256.50000000000000        80.648985500539325        80.648985625362073        1.2482274769354262E-007
   257.00000000000000        79.470469404686142        79.470469528174078        1.2348793632099841E-007
   257.50000000000000        78.308855232015318        78.308855354180622        1.2216530365094513E-007
   258.00000000000000        77.163909859542457        77.163909980397321        1.2085486389423750E-007
   258.50000000000000        76.035403110035986        76.035403229592546        1.1955656020745664E-007
   259.00000000000000        74.923107722731800        74.923107841002007        1.1827020784949127E-007
   259.50000000000000        73.826799324092647        73.826799441088511        1.1699586366376025E-007
   260.00000000000000        72.746256398622876        72.746256514356190        1.1573331448744284E-007
   260.50000000000000        71.681260259745414        71.681260374227961        1.1448254610968434E-007
   261.00000000000000        70.631595020751220        70.631595133994779        1.1324355853048473E-007
   261.50000000000000        69.597047565828746        69.597047677844870        1.1201612437616859E-007
   262.00000000000000        68.577407521180419        68.577407631980691        1.1080027206844534E-007
   262.50000000000000        67.572467226235290        67.572467335831220        1.0959593055304140E-007
   263.00000000000000        66.582021704963736        66.582021813366680        1.0840294351055491E-007
   263.50000000000000        65.605868637301342        65.605868744522610        1.0722126830842171E-007
   264.00000000000000        64.643808330688998        64.643808436739889        1.0605089073578711E-007
   264.50000000000000        63.695643691735242        63.695643796626875        1.0489163315696715E-007
   265.00000000000000        62.761180198006414        62.761180301749881        1.0374346715025240E-007
   265.50000000000000        61.840225869951098        61.840225972557455        1.0260635718850608E-007
   266.00000000000000        60.932591242964016        60.932591344444148        1.0148013274147161E-007
   266.50000000000000        60.038089339594002        60.038089439958824        1.0036482223085841E-007
   267.00000000000000        59.156535641902259        59.156535741162500        9.9260240915555187E-008
   267.50000000000000        58.287748063974043        58.287748162140446        9.8166403006416658E-008
   268.00000000000000        57.431546924589860        57.431547021672969        9.7083109551476809E-008
   268.50000000000000        56.587754920058693        56.587755016069131        9.6010438710436574E-008
   269.00000000000000        55.756197097219129        55.756197192167377        9.4948248374748800E-008
   269.50000000000000        54.936700826610576        54.936700920506929        9.3896353803302190E-008
   270.00000000000000        54.129095775818563        54.129095868673438        9.2854875788361824E-008
   270.50000000000000        53.333213882998699        53.333213974822328        9.1823629588816402E-008
   271.00000000000000        52.548889330580550        52.548889421383016        9.0802465990691417E-008
   271.50000000000000        51.775958519155438        51.775958608946908        8.9791470259115158E-008
   272.00000000000000        51.014260041551594        51.014260130342088        8.8790493180113117E-008
   272.50000000000000        50.263634657097860        50.263634744897217        8.7799357118001353E-008
   273.00000000000000        49.523925266078976        49.523925352897152        8.6818175759617588E-008
   273.50000000000000        48.794976884385733        48.794976970232490        8.5846757258423168E-008
   274.00000000000000        48.076636618360268        48.076636703245249        8.4884980822153011E-008
   274.50000000000000        47.368753639839618        47.368753723772521        8.3932903294225980E-008
   275.00000000000000        46.671179161399614        46.671179244390004        8.2990389671522280E-008
   275.50000000000000        45.983766411799643        45.983766493856997        8.2057354688913620E-008
   276.00000000000000        45.306370611630747        45.306370692764396        8.1133649132425489E-008
   276.50000000000000        44.638848949167702        44.638849029387039        8.0219336950904108E-008
   277.00000000000000        43.981060556427416        43.981060635741706        7.9314290246657038E-008
   277.50000000000000        43.332866485433435        43.332866563851788        7.8418352700282412E-008
   278.00000000000000        42.694129684688086        42.694129762219681        7.7531595366053807E-008
   278.50000000000000        42.064714975853889        42.064715052507758        7.6653869029996713E-008
   279.00000000000000        41.444489030643624        41.444489106428662        7.5785038688991335E-008
   279.50000000000000        40.833320347920406        40.833320422845553        7.4925146975601820E-008
   280.00000000000000        40.231079231008806        40.231079305082886        7.4074080202990444E-008
   280.50000000000000        39.637637765216404        39.637637838448079        7.3231674946327985E-008
   281.00000000000000        39.052869795566430        39.052869867964446        7.2398016470742732E-008
   281.50000000000000        38.476650904742733        38.476650976315675        7.1572941351405461E-008
   282.00000000000000        37.908858391245531        37.908858462001866        7.0756335901478451E-008
   282.50000000000000        37.349371247759095        37.349371317707330        6.9948235648098489E-008
   283.00000000000000        36.798070139731479        36.798070208879999        6.9148519799000496E-008
   283.50000000000000        36.254837384165356        36.254837452522409        6.8357053351064678E-008
   284.00000000000000        35.719556928620165        35.719556996194051        6.7573886042282538E-008
   284.50000000000000        35.192114330425902        35.192114397224778        6.6798875764106924E-008
   285.00000000000000        34.672396736107096        34.672396802138998        6.6031901724272757E-008
   285.50000000000000        34.160292861017147        34.160292926290175        6.5273027871626255E-008
   286.00000000000000        33.655692969183114        33.655693033705226        6.4522112097620266E-008
   286.50000000000000        33.158488853359231        33.158488917138236        6.3779005188280280E-008
   287.00000000000000        32.668573815289108        32.668573878332900        6.3043792408734589E-008
   287.50000000000000        32.185842646176695        32.185842708493020        6.2316324545008683E-008
   288.00000000000000        31.710191607363846        31.710191668960388        6.1596541200970023E-008
   288.50000000000000        31.241518411214919        31.241518472099234        6.0884314478926171E-008
   289.00000000000000        30.779722202206749        30.779722262386446        6.0179697669582310E-008
   289.50000000000000        30.324703538224146        30.324703597706698        5.9482552217104967E-008
   290.00000000000000        29.876364372058791        29.876364430851563        5.8792771540083777E-008
   290.50000000000000        29.434608033111271        29.434608091221655        5.8110384060228171E-008
   291.00000000000000        28.999339209295528        28.999339266730804        5.7435276090700427E-008
   291.50000000000000        28.570463929143898        28.570463985911232        5.6767333944662823E-008
   292.00000000000000        28.147889544112029        28.147889600218623        5.6106593149252149E-008
   292.50000000000000        27.731524711083090        27.731524766536015        5.5452925806775966E-008
   293.00000000000000        27.321279375069096        27.321279429875336        5.4806239546678626E-008
   293.50000000000000        26.917064752108850        26.917064806275405        5.4166555685242201E-008
   294.00000000000000        26.518793312361463        26.518793365895220        5.3533756982915293E-008
   294.50000000000000        26.126378763393511        26.126378816301255        5.2907743963714893E-008
   295.00000000000000        25.739736033658968        25.739736085947506        5.2288537943923075E-008
   295.50000000000000        25.358781256170989        25.358781307847028        5.1676039447556832E-008
   296.00000000000000        24.983431752363483        24.983431803433607        5.1070124129637406E-008
   296.50000000000000        24.613606016141407        24.613606066612245        5.0470838175442623E-008
   297.00000000000000        24.249223698119039        24.249223747997100        4.9878060792707402E-008
   297.50000000000000        23.890205590043806        23.890205639335505        4.9291699610876094E-008
   298.00000000000000        23.536473609404879        23.536473658116652        4.8711772393517094E-008
   298.50000000000000        23.187950784225368        23.187950832363548        4.8138179664647396E-008
   299.00000000000000        22.844561238035986        22.844561285606805        4.7570818395570313E-008
   299.50000000000000        22.506230175029081        22.506230222038795        4.7009713455281599E-008
   300.00000000000000        22.172883865392006        22.172883911846764        4.6454758262370888E-008
   300.50000000000000        21.844449630817525        21.844449676723386        4.5905860446282531E-008
   301.00000000000000        21.520855830190250        21.520855875553284        4.5363034217871245E-008
   301.50000000000000        21.202031845447877        21.202031890274064        4.4826187206581380E-008
   302.00000000000000        20.887908067615037        20.887908111910303        4.4295266121707755E-008
   302.50000000000000        20.578415883008855        20.578415926779023        4.3770167934553683E-008
   303.00000000000000        20.273487659614219        20.273487702865129        4.3250910408687560E-008
   303.50000000000000        19.973056733627867        19.973056776365269        4.2737401173553735E-008
   304.00000000000000        19.677057396169054        19.677057438398609        4.2229554964023919E-008
   304.50000000000000        19.385424880155600        19.385424921882983        4.1727382438239147E-008
   305.00000000000000        19.098095347344074        19.098095388574869        4.1230794778357449E-008
   305.50000000000000        18.815005875531980        18.815005916271680        4.0739699613823177E-008
   306.00000000000000        18.536094445920689        18.536094486174797        4.0254107602777367E-008
   306.50000000000000        18.261299930637886        18.261299970411827        3.9773940585519085E-008
   307.00000000000000        17.990562080417408        17.990562119716515        3.9299106191492683E-008
   307.50000000000000        17.723821512435183        17.723821551264798        3.8829615078839197E-008
   308.00000000000000        17.461019698300049        17.461019736665435        3.8365385535144014E-008
   308.50000000000000        17.202098952197321        17.202098990103654        3.7906332295278844E-008
   309.00000000000000        16.947002419183860        16.947002456636326        3.7452466017384722E-008
   309.50000000000000        16.695674063633390        16.695674100637092        3.7003701436333358E-008
   310.00000000000000        16.448058657829922        16.448058694389882        3.6559960392423818E-008
   310.50000000000000        16.204101770708110        16.204101806829357        3.6121246438369781E-008
   311.00000000000000        15.963749756739213        15.963749792426700        3.5687486743540831E-008
   311.50000000000000        15.726949744960633        15.726949780219231        3.5258597819165516E-008
   312.00000000000000        15.493649628147754        15.493649662982342        3.4834588547028034E-008
   312.50000000000000        15.263798052126857        15.263798086542240        3.4415382543784290E-008
   313.00000000000000        15.037344405227056        15.037344439227958        3.4000901649733350E-008
   313.50000000000000        14.814238807870016        14.814238841461172        3.3591156523016252E-008
   314.00000000000000        14.594432102296228        14.594432135482291        3.3186063674861543E-008
   314.50000000000000        14.377875842425770        14.377875875211346        3.2785576919991399E-008
   315.00000000000000        14.164522283852564        14.164522316242193        3.2389628756845923E-008
   315.50000000000000        13.954324373970326        13.954324405968547        3.1998220961781954E-008
   316.00000000000000        13.747235742229105        13.747235773840384        3.1611278927812236E-008
   316.50000000000000        13.543210690520510        13.543210721749245        3.1228735153376874E-008
   317.00000000000000        13.342204183690404        13.342204214540995        3.0850591414832707E-008
   317.50000000000000        13.144171840177799        13.144171870654578        3.0476778434262997E-008
   318.00000000000000        12.949069922778119        12.949069952885347        3.0107228710107847E-008
   318.50000000000000        12.756855329529596        12.756855359271540        2.9741944018724098E-008
   319.00000000000000        12.567485584721620        12.567485614102472        2.9380851529481333E-008
   319.50000000000000        12.380918830023147        12.380918859047039        2.9023892622603853E-008
   320.00000000000000        12.197113815730084        12.197113844401148        2.8671063745377978E-008
   320.50000000000000        12.016029892130355        12.016029920452659        2.8322304501671169E-008
   321.00000000000000        11.837627000984936        11.837627028962478        2.7977542060853011E-008
   321.50000000000000        11.661865667123637        11.661865694760422        2.7636785304707701E-008
   322.00000000000000        11.488706990154533        11.488707017454498        2.7299964955318501E-008
   322.50000000000000        11.318112636285225        11.318112663252249        2.6967024169266551E-008
   323.00000000000000        11.150044830254860        11.150044856892817        2.6637957617481334E-008
   323.50000000000000        10.984466347375710        10.984466373688415        2.6312704903830308E-008
   324.00000000000000        10.821340505682654        10.821340531673863        2.5991209184894615E-008
   324.50000000000000        10.660631158189441        10.660631183862906        2.5673465131603734E-008
   325.00000000000000        10.502302685250575        10.502302710609992        2.5359417676895646E-008
   325.50000000000000        10.346319987027250        10.346320012076257        2.5049006424637810E-008
   326.00000000000000        10.192648476056174        10.192648500798404        2.4742229598473386E-008
   326.50000000000000        10.041254069920214        10.041254094359241        2.4439026802269836E-008
   327.00000000000000        9.8921031840192484        9.8921032081586162        2.4139367837960890E-008
   327.50000000000000        9.7451627244403163        9.7451627482835033        2.3843186980343489E-008
   328.00000000000000        9.6004000809255299        9.6004001044760177        2.3550487782131313E-008
   328.50000000000000        9.4577831199369200        9.4577831431981334        2.3261213399905500E-008
   329.00000000000000        9.3172801778165866        9.3172802007918989        2.2975312319317709E-008
   329.50000000000000        9.1788600540411771        9.1788600767339563        2.2692779211297420E-008
   330.00000000000000        9.0424920045696151        9.0424920269831777        2.2413562561496292E-008
   330.50000000000000        8.9081457352826270        8.9081457574202361        2.2137609079209142E-008
   331.00000000000000        8.7757913955130586        8.7757914173779721        2.1864913435365452E-008
   331.50000000000000        8.6453995716659442        8.6453995932613719        2.1595427668330558E-008
   332.00000000000000        8.5169412809269449        8.5169413022560452        2.1329100263756118E-008
   332.50000000000000        8.3903879650581388        8.3903879861240647        2.1065925892571613E-008
   333.00000000000000        8.2657114842801835        8.2657115050860401        2.0805856593142380E-008
   333.50000000000000        8.1428841112394981        8.1428841317883407        2.0548842627476915E-008
   334.00000000000000        8.0218785250594742        8.0218785453543546        2.0294880442861540E-008
   334.50000000000000        7.9026678054747919        7.9026678255187131        2.0043921189483171E-008
   335.00000000000000        7.7852254270474797        7.7852254468433992        1.9795919570242404E-008
   335.50000000000000        7.6695252534638172        7.6695252730146866        1.9550869367890300E-008
   336.00000000000000        7.5555415319111363        7.5555415512198580        1.9308721732613776E-008
   336.50000000000000        7.4432488875332270        7.4432489066026628        1.9069435808205526E-008
   337.00000000000000        7.3326223179634828        7.3326223367964865        1.8833003601059772E-008
   337.50000000000000        7.2236371879348393        7.2236372065342209        1.8599381590433950E-008
   338.00000000000000        7.1162692239652996        7.1162692423338232        1.8368523591050234E-008
   338.50000000000000        7.0104945091181481        7.0104945272585750        1.8140426938373366E-008
   339.00000000000000        6.9062894778360073        6.9062894957510546        1.7915047223482361E-008
   339.50000000000000        6.8036309108475015        6.8036309285398566        1.7692355136489368E-008
   340.00000000000000        6.7024959301457798        6.7024959476180870        1.7472307156651823E-008
   340.50000000000000        6.6028619940377968        6.6028620112926957        1.7254898843077626E-008
   341.00000000000000        6.5047068922636067        6.5047069093036960        1.7040089339559472E-008
   341.50000000000000        6.4080087411845126        6.4080087580123477        1.6827835125354795E-008
   342.00000000000000        6.3127459790392528        6.3127459956573855        1.6618132647749917E-008
   342.50000000000000        6.2188973612674392        6.2188973776783802        1.6410941050537531E-008
   343.00000000000000        6.1264419558991161        6.1264419721053400        1.6206223918402429E-008
   343.50000000000000        6.0353591390096915        6.0353591550136620        1.6003970593203576E-008
   344.00000000000000        5.9456285902394139        5.9456286060435586        1.5804144659625763E-008
   344.50000000000000        5.8572302883763827        5.8572303039830915        1.5606708814175363E-008
   345.00000000000000        5.7701445070022981        5.7701445224139549        1.5411656839603438E-008
   345.50000000000000        5.6843518102002166        5.6843518254191663        1.5218949656059522E-008
   346.00000000000000        5.5998330483232737        5.5998330633518263        1.5028552624585245E-008
   346.50000000000000        5.5165693538236598        5.5165693686641175        1.4840457751574831E-008
   347.00000000000000        5.4345421371411025        5.4345421517957337        1.4654631286248332E-008
   347.50000000000000        5.3537330826498897        5.3537330971209265        1.4471036813290539E-008
   348.00000000000000        5.2741241446637055        5.2741241589533736        1.4289668115452514E-008
   348.50000000000000        5.1956975434975963        5.1956975576080859        1.4110489665597470E-008
   349.00000000000000        5.1184357615861034        5.1184357755195711        1.3933467712945458E-008
   349.50000000000000        5.0423215396568892        5.0423215534154853        1.3758596040247539E-008
   350.00000000000000        4.9673378729591802        4.9673378865450202        1.3585840008545347E-008
   350.50000000000000        4.8934680075461001        4.8934680209612686        1.3415168531594190E-008
   351.00000000000000        4.8206954366102561        4.8206954498568306        1.3246574503966713E-008
   351.50000000000000        4.7490038968719110        4.7490039099519352        1.3080024174882965E-008
   352.00000000000000        4.6783773650188616        4.6783773779343480        1.2915486458098258E-008
   352.50000000000000        4.6088000541973999        4.6088000669503550        1.2752955136363653E-008
   353.00000000000000        4.5402564105537202        4.5402564231461193        1.2592399123434461E-008
   353.50000000000000        4.4727311098249167        4.4727311222587121        1.2433795326671770E-008
   354.00000000000000        4.4062090539790253        4.4062090662561388        1.2277113548009311E-008
   354.50000000000000        4.3406753679033292        4.3406753800256759        1.2122346682019725E-008
   355.00000000000000        4.2761153961403844        4.2761154081098498        1.1969465418815162E-008
   355.50000000000000        4.2125146996709626        4.2125147114894030        1.1818440448507772E-008
   356.00000000000000        4.1498590527433210        4.1498590644125848        1.1669263777491778E-008
   356.50000000000000        4.0881344397482282        4.0881344512701379        1.1521909648593009E-008
   357.00000000000000        4.0273270521389790        4.0273270635153269        1.1376347863745195E-008
   357.50000000000000        3.9674232853958267        3.9674232966283975        1.1232570873431769E-008
   358.00000000000000        3.9084097360342862        3.9084097471248391        1.1090552920478558E-008
   358.50000000000000        3.8502731986565726        3.8502732096068373        1.0950264694997713E-008
   359.00000000000000        3.7930006630456172        3.7930006738573190        1.0811701756097136E-008
   359.50000000000000        3.7365793113011554        3.7365793219759906        1.0674835237978186E-008
   360.00000000000000        3.6809965150171418        3.6809965255567825        1.0539640715734322E-008
   360.50000000000000        3.6262398325000085        3.6262398429061187        1.0406110195759766E-008
   361.00000000000000        3.5722970060272212        3.5722970163014396        1.0274218364969556E-008
   361.50000000000000        3.5191559591454742        3.5191559692894132        1.0143939022100312E-008
   362.00000000000000        3.4668047940080093        3.4668048040232771        1.0015267726259935E-008
   362.50000000000000        3.4152317887505799        3.4152317986387568        9.8881769439174150E-009
   363.00000000000000        3.3644253949053819        3.3644254046680260        9.7626440265230485E-009
   363.50000000000000        3.3143742348525000        3.3143742444911615        9.6386614245602686E-009
   364.00000000000000        3.2650670993083684        3.2650671088245744        9.5162060453901631E-009
   364.50000000000000        3.2164929448506352        3.2164929542458887        9.3952534641061902E-009
