                    0  0.40000000000000002     
                    1  0.40000000000000002     
                    2  0.40000000000000002     
                    3  0.40000000000000002     
                    4  0.40000000000000002     
                    5  0.40000000000000002     
                    6  0.40000000000000002     
                    7  0.40000000000000002     
                    8  0.40000000000000002     
                    9  0.40000000000000002     
                   10  0.40000000000000002     
                   11  0.40000000000000002     
                   12  0.40000000000000002     
                   13  0.40000000000000002     
                   14  0.40000000000000002     
                   15  0.40000000000000002     
                   16  0.40000000000000002     
                   17  0.40000000000000002     
                   18  0.40000000000000002     
                   19  0.40000000000000002     
                   20  0.40000000000000002     
                   21  0.40000000000000002     
                   22  0.40000000000000002     
                   23  0.40000000000000002     
                   24  0.40000000000000002     
                   25  0.40000000000000002     
                   26  0.40000000000000002     
                   27  0.40000000000000002     
                   28  0.40000000000000002     
                   29  0.40000000000000002     
                   30  0.40000000000000002     
                   31  0.40000000000000002     
                   32  0.40000000000000002     
                   33  0.40000000000000002     
                   34  0.40000000000000002     
                   35  0.40000000000000002     
                   36  0.40000000000000002     
                   37  0.40000000000000002     
                   38  0.40000000000000002     
                   39  0.40000000000000002     
                   40  0.40000000000000002     
                   41  0.40000000000000002     
                   42  0.40000000000000002     
                   43  0.40000000000000002     
                   44  0.40000000000000002     
                   45  0.40000000000000002     
                   46  0.40000000000000002     
                   47  0.40000000000000002     
                   48  0.40000000000000002     
                   49  0.40000000000000002     
                   50  0.40000000000000002     
                   51  0.40000000000000002     
                   52  0.40000000000000002     
                   53  0.40000000000000002     
                   54  0.40000000000000002     
                   55  0.40000000000000002     
                   56  0.40000000000000002     
                   57  0.40000000000000002     
                   58  0.40000000000000002     
                   59  0.40000000000000002     
                   60  0.40000000000000002     
                   61  0.40000000000000002     
                   62  0.40000000000000002     
                   63  0.40000000000000002     
                   64  0.40000000000000002     
                   65  0.40000000000000002     
                   66  0.40000000000000002     
                   67  0.40000000000000002     
                   68  0.40000000000000002     
                   69  0.40000000000000002     
                   70  0.40000000000000002     
                   71  0.40000000000000002     
                   72  0.40000000000000002     
                   73  0.40000000000000002     
                   74  0.40000000000000002     
                   75  0.40000000000000002     
                   76  0.40000000000000002     
                   77  0.40000000000000002     
                   78  0.40000000000000002     
                   79  0.40000000000000002     
                   80  0.40000000000000002     
                   81  0.40000000000000002     
                   82  0.40000000000000002     
                   83  0.40000000000000002     
                   84  0.40000000000000002     
                   85  0.40000000000000002     
                   86  0.40000000000000002     
                   87  0.40000000000000002     
                   88  0.40000000000000002     
                   89  0.40000000000000002     
                   90  0.40000000000000002     
                   91  0.40000000000000002     
                   92  0.40000000000000002     
                   93  0.40000000000000002     
                   94  0.40000000000000002     
                   95  0.40000000000000002     
                   96  0.40000000000000002     
                   97  0.40000000000000002     
                   98  0.40000000000000002     
                   99  0.40000000000000002     
                  100  0.40000000000000002     
                  101  0.40000000000000002     
                  102  0.40000000000000002     
                  103  0.40000000000000002     
                  104  0.40000000000000002     
                  105  0.40000000000000002     
                  106  0.40000000000000002     
                  107  0.40000000000000002     
                  108  0.40000000000000002     
                  109  0.40000000000000002     
                  110  0.40000000000000002     
                  111  0.40000000000000002     
                  112  0.40000000000000002     
                  113  0.40000000000000002     
                  114  0.40000000000000002     
                  115  0.40000000000000002     
                  116  0.40000000000000002     
                  117  0.40000000000000002     
                  118  0.40000000000000002     
                  119  0.40000000000000002     
                  120  0.80000000000000004     
                  121  0.80000000000000004     
                  122  0.80000000000000004     
                  123  0.80000000000000004     
                  124  0.80000000000000004     
                  125  0.80000000000000004     
                  126  0.80000000000000004     
                  127  0.80000000000000004     
                  128  0.80000000000000004     
                  129  0.80000000000000004     
                  130  0.80000000000000004     
                  131  0.80000000000000004     
                  132  0.80000000000000004     
                  133  0.80000000000000004     
                  134  0.80000000000000004     
                  135  0.80000000000000004     
                  136  0.80000000000000004     
                  137  0.80000000000000004     
                  138  0.80000000000000004     
                  139  0.80000000000000004     
                  140  0.80000000000000004     
                  141  0.80000000000000004     
                  142  0.80000000000000004     
                  143  0.80000000000000004     
                  144  0.80000000000000004     
                  145  0.80000000000000004     
                  146  0.80000000000000004     
                  147  0.80000000000000004     
                  148  0.80000000000000004     
                  149  0.80000000000000004     
                  150  0.80000000000000004     
                  151  0.80000000000000004     
                  152  0.80000000000000004     
                  153  0.80000000000000004     
                  154  0.80000000000000004     
                  155  0.80000000000000004     
                  156  0.80000000000000004     
                  157  0.80000000000000004     
                  158  0.80000000000000004     
                  159  0.80000000000000004     
                  160  0.80000000000000004     
                  161  0.80000000000000004     
                  162  0.80000000000000004     
                  163  0.80000000000000004     
                  164  0.80000000000000004     
                  165  0.80000000000000004     
                  166  0.80000000000000004     
                  167  0.80000000000000004     
                  168  0.80000000000000004     
                  169  0.80000000000000004     
                  170  0.80000000000000004     
                  171  0.80000000000000004     
                  172  0.80000000000000004     
                  173  0.80000000000000004     
                  174  0.80000000000000004     
                  175  0.80000000000000004     
                  176  0.80000000000000004     
                  177  0.80000000000000004     
                  178  0.80000000000000004     
                  179  0.80000000000000004     
                  180  0.80000000000000004     
                  181  0.40000000000000002     
                  182  0.40000000000000002     
                  183  0.40000000000000002     
                  184  0.40000000000000002     
                  185  0.40000000000000002     
                  186  0.40000000000000002     
                  187  0.40000000000000002     
                  188  0.40000000000000002     
                  189  0.40000000000000002     
                  190  0.40000000000000002     
                  191  0.40000000000000002     
                  192  0.40000000000000002     
                  193  0.40000000000000002     
                  194  0.40000000000000002     
                  195  0.40000000000000002     
                  196  0.40000000000000002     
                  197  0.40000000000000002     
                  198  0.40000000000000002     
                  199  0.40000000000000002     
                  200  0.40000000000000002     
