                    0  0.51954837395215037     
                    1  0.51957134632544522     
                    2  0.51959798875454022     
                    3  0.51962838688156221     
                    4  0.51966261706732297     
                    5  0.51970074516709597     
                    6  0.51974282527599125     
                    7  0.51978889845649645     
                    8  0.51983899146273471     
                    9  0.51989311547795569     
                   10  0.51995126488363341     
                   11  0.52001341608026297     
                   12  0.52007952638143107     
                   13  0.52014953300391376     
                   14  0.52022335217734927     
                   15  0.52030087839738071     
                   16  0.52038198384595358     
                   17  0.52046651800168398     
                   18  0.52055430746177855     
                   19  0.52064515599488914     
                   20  0.52073884484150690     
                   21  0.52083513327505104     
                   22  0.52093375943273712     
                   23  0.52103444142067512     
                   24  0.52113687869256375     
                   25  0.52124075369592204     
                   26  0.52134573377418525     
                   27  0.52145147330735786     
                   28  0.52155761606842577     
                   29  0.52166379776758121     
                   30  0.52176964875165932     
                   31  0.52187479682222171     
                   32  0.52197887013254729     
                   33  0.52208150012158483     
                   34  0.52218232444169110     
                   35  0.52228098983684401     
                   36  0.52237715492892367     
                   37  0.52247049287161140     
                   38  0.52256069383434967     
                   39  0.52264746728257316     
                   40  0.52273054402487984     
                   41  0.52280967800284950     
                   42  0.52288464780462873     
                   43  0.52295525788903718     
                   44  0.52302133951261931     
                   45  0.52308275135761384     
                   46  0.52313937986409997     
                   47  0.52319113927444594     
                   48  0.52323797140258843     
                   49  0.52327984514446124     
                   50  0.52331675574907921     
                   51  0.52334872387231135     
                   52  0.52337579443725013     
                   53  0.52339803532632334     
                   54  0.52341553593093637     
                   55  0.52342840558452841     
                   56  0.52343677190452020     
                   57  0.52344077906782471     
                   58  0.52344058604340216     
                   59  0.52343636480389344     
                   60  0.52342829853667894     
                   61  0.52341657987288293     
                   62  0.52340140915090427     
                   63  0.52338299272908673     
                   64  0.52336154136014745     
                   65  0.52333726863805008     
                   66  0.52331038952612374     
                   67  0.52328111897343643     
                   68  0.52324967062476124     
                   69  0.52321625562790874     
                   70  0.52318108154077958     
                   71  0.52314435133919313     
                   72  0.52310626252540871     
                   73  0.52306700633622860     
                   74  0.52302676704869655     
                   75  0.52298572138065036     
                   76  0.52294403798275113     
                   77  0.52290187701809765     
                   78  0.52285938982511670     
                   79  0.52281671865910850     
                   80  0.52277399650759859     
                   81  0.52273134697450174     
                   82  0.52268888422802551     
                   83  0.52264671300723153     
                   84  0.52260492868221708     
                   85  0.52256361736296153     
                   86  0.52252285605201854     
                   87  0.52248271283638770     
                   88  0.52244324711409440     
                   89  0.52240450985120845     
                   90  0.52236654386524950     
                   91  0.52232938413117103     
                   92  0.52229305810633553     
                   93  0.52225758607114359     
                   94  0.52222298148221291     
                   95  0.52218925133523375     
                   96  0.52215639653485812     
                   97  0.52212441226919626     
                   98  0.52209328838670421     
                   99  0.52206300977344644     
                  100  0.52203355672890350     
                  101  0.52200490533867505     
                  102  0.52197702784259314     
                  103  0.52194989299691463     
                  104  0.52192346642940834     
                  105  0.52189771098628712     
                  106  0.52187258707005812     
                  107  0.52184805296747683     
                  108  0.52182406516690927     
                  109  0.52180057866449203     
                  110  0.52177754725858361     
                  111  0.52175492383208200     
                  112  0.52173266062226686     
                  113  0.52171070947789600     
                  114  0.52168902210336410     
                  115  0.52166755028979339     
                  116  0.52164624613299071     
                  117  0.52162506223826521     
                  118  0.52160395191215758     
                  119  0.52158286934118636     
                  120  0.52156176975776580     
                  121  0.52154060959349724     
                  122  0.52151934662008403     
                  123  0.52149794007815908     
                  124  0.52147635079435484     
                  125  0.52145454128698510     
                  126  0.52143247586073505     
                  127  0.52141012069079884     
                  128  0.52138744389691749     
                  129  0.52136441560781177     
                  130  0.52134100801651184     
                  131  0.52131719542711952     
                  132  0.52129295429354539     
                  133  0.52126826325078235     
                  134  0.52124310313928701     
                  135  0.52121745702305022     
                  136  0.52119131020194365     
                  137  0.52116465021892810     
                  138  0.52113746686272033     
                  139  0.52110975216650091     
                  140  0.52108150040325130     
                  141  0.52105270807829684     
                  142  0.52102337391962494     
                  143  0.52099349886654045     
                  144  0.52096308605719877     
                  145  0.52093214081555328     
                  146  0.52090067063823187     
                  147  0.52086868518183382     
                  148  0.52083619625113176     
                  149  0.52080321778862848     
                  150  0.52076976586589574     
                  151  0.52073585867711147     
                  152  0.52070151653515850     
                  153  0.52066676187064509     
                  154  0.52063161923415635     
                  155  0.52059611530202154     
                  156  0.52056027888584244     
                  157  0.52052414094599275     
                  158  0.52048773460925213     
                  159  0.52045109519069732     
                  160  0.52041426021992543     
                  161  0.52037726947163121     
                  162  0.52034016500050517     
                  163  0.52030299118036261     
                  164  0.52026579474734636     
                  165  0.52022862484697907     
                  166  0.52019153308476507     
                  167  0.52015457357996098     
                  168  0.52011780302205168     
                  169  0.52008128072936566     
                  170  0.52004506870917300     
                  171  0.52000923171849245     
                  172  0.51997383732471980     
                  173  0.51993895596506723     
                  174  0.51990466100366128     
                  175  0.51987102878501246     
                  176  0.51983813868241158     
                  177  0.51980607313965099     
                  178  0.51977491770429218     
                  179  0.51974476105053824     
                  180  0.51971569498956793     
                  181  0.51968781446501866     
                  182  0.51966121753109795     
                  183  0.51963600531062015     
                  184  0.51961228193007269     
                  185  0.51959015442862788     
                  186  0.51956973263784856     
                  187  0.51955112902867528     
                  188  0.51953445852214541     
                  189  0.51951983826019033     
                  190  0.51950738733278956     
                  191  0.51949722645773322     
                  192  0.51948947760928499     
                  193  0.51948426359213384     
                  194  0.51948170755721024     
                  195  0.51948193245621099     
                  196  0.51948506043205611     
                  197  0.51949121214299487     
                  198  0.51950050601870035     
                  199  0.51951305744745357     
                  200  0.51952897789442776     
