                    0  0.43825728917787482     
                    1  0.44030361506957538     
                    2  0.44238504660347783     
                    3  0.44449892309236427     
                    4  0.44664275790106878     
                    5  0.44881415201849068     
                    6  0.45101071847751295     
                    7  0.45323001580998645     
                    8  0.45546948851457864     
                    9  0.45772641254815438     
                   10  0.45999784404722360     
                   11  0.46228056979021992     
                   12  0.46457105829575707     
                   13  0.46686541091575057     
                   14  0.46915931285417384     
                   15  0.47144798478632866     
                   16  0.47372613678081377     
                   17  0.47598792771514514     
                   18  0.47822693560554475     
                   19  0.48043614767434389     
                   20  0.48260798421941187     
                   21  0.48473437843948874     
                   22  0.48680694682104819     
                   23  0.48881730372606108     
                   24  0.49075760258862738     
                   25  0.49262142889009197     
                   26  0.49440523209619380     
                   27  0.49611057033313821     
                   28  0.49774755508984614     
                   29  0.49934001492481062     
                   30  0.50093300804794949     
                   31  0.50260329317823493     
                   32  0.50447295597200192     
                   33  0.50672506103417758     
                   34  0.50961711575890434     
                   35  0.51348251289731250     
                   36  0.51870289248050072     
                   37  0.52563160050797020     
                   38  0.53446321961890253     
                   39  0.54508615428576257     
                   40  0.55700338604315980     
                   41  0.56940226723405207     
                   42  0.58136695481319756     
                   43  0.59212488437402966     
                   44  0.60120382197342226     
                   45  0.60845332592444756     
                   46  0.61396796209454896     
                   47  0.61797780130698887     
                   48  0.62075328045761613     
                   49  0.62254223319985091     
                   50  0.62353806746680629     
                   51  0.62387172314481198     
                   52  0.62362030199674168     
                   53  0.62282666697005185     
                   54  0.62152446100040204     
                   55  0.61976225980020971     
                   56  0.61762057114891111     
                   57  0.61521720952672476     
                   58  0.61269984279723289     
                   59  0.61022798247081911     
                   60  0.60794939339008069     
                   61  0.60597743865465215     
                   62  0.60437585986522935     
                   63  0.60315534575162755     
                   64  0.60228212782498536     
                   65  0.60169447845848378     
                   66  0.60132074187198870     
                   67  0.60109341458472065     
                   68  0.60095668173346228     
                   69  0.60086765311261081     
                   70  0.60079297072683691     
                   71  0.60070234507862819     
                   72  0.60055949455112367     
                   73  0.60030950220029089     
                   74  0.59986010946090085     
                   75  0.59905321988497429     
                   76  0.59762279951977715     
                   77  0.59513950707922381     
                   78  0.59095853224571115     
                   79  0.58422851146949306     
                   80  0.57408749421031957     
                   81  0.56018754467593734     
                   82  0.54342526461845220     
                   83  0.52616038403801246     
                   84  0.51118733985471121     
                   85  0.50016054322749781     
                   86  0.49310021174341556     
                   87  0.48916152975461386     
                   88  0.48755069883068014     
                   89  0.48798223490671216     
                   90  0.49079355780922546     
                   91  0.49687989078112288     
                   92  0.50736466319494566     
                   93  0.52283134744064619     
                   94  0.54238019451530239     
                   95  0.56344009496347891     
                   96  0.58285983234214955     
                   97  0.59838378130640724     
                   98  0.60928793115989710     
                   99  0.61603858139958956     
                  100  0.61961682006553898     
                  101  0.62101722902374212     
                  102  0.62102816833685059     
                  103  0.62019816665387340     
                  104  0.61887961240172351     
                  105  0.61728720463167286     
                  106  0.61554698695803867     
                  107  0.61373107158034246     
                  108  0.61188010718111507     
                  109  0.61001696740913258     
                  110  0.60815468564022712     
                  111  0.60630082365635418     
                  112  0.60445971895884498     
                  113  0.60263351088837225     
                  114  0.60082248374732372     
                  115  0.59902504247121158     
                  116  0.59723751048286911     
                  117  0.59545387518500947     
                  118  0.59366557725214120     
                  119  0.59186142569896227     
                  120  0.59002770782268599     
                  121  0.58814854305551889     
                  122  0.58620649910785538     
                  123  0.58418344891905027     
                  124  0.58206160324757128     
                  125  0.57982461402837948     
                  126  0.57745861593125647     
                  127  0.57495306392595946     
                  128  0.57230123571799374     
                  129  0.56950029862580787     
                  130  0.56655088715445023     
                  131  0.56345619556635151     
                  132  0.56022065505172036     
                  133  0.55684833441682291     
                  134  0.55334127298209956     
                  135  0.54969801832911391     
                  136  0.54591268808594240     
                  137  0.54197488624029522     
                  138  0.53787075867282286     
                  139  0.53358535032058652     
                  140  0.52910622033599031     
                  141  0.52442799642010784     
                  142  0.51955724728432562     
                  143  0.51451679033185294     
                  144  0.50934841197287872     
                  145  0.50411303892930392     
                  146  0.49888771300903284     
                  147  0.49375928961086701     
                  148  0.48881552280307011     
                  149  0.48413494350514963     
                  150  0.47977743631182596     
                  151  0.47577744122531429     
                  152  0.47214115584501276     
                  153  0.46884813303116601     
                  154  0.46585660378716381     
                  155  0.46311108559342123     
                  156  0.46055058222521456     
                  157  0.45811591649243194     
                  158  0.45575526141730421     
                  159  0.45342751431807171     
                  160  0.45110362992520736     
                  161  0.44876632650783582     
                  162  0.44640870472877248     
                  163  0.44403230809169686     
                  164  0.44164505429046869     
                  165  0.43925932735993117     
                  166  0.43689038258437018     
                  167  0.43455510682674819     
                  168  0.43227110701800142     
                  169  0.43005606616395647     
                  170  0.42792729909709720     
                  171  0.42590144761093895     
                  172  0.42399426729616307     
                  173  0.42222047081962572     
                  174  0.42059360229701287     
                  175  0.41912592466749354     
                  176  0.41782830743286303     
                  177  0.41671010683052984     
                  178  0.41577903529995075     
                  179  0.41504102238544560     
                  180  0.41450007492026875     
                  181  0.41415814991504357     
                  182  0.41401505810891520     
                  183  0.41406841852104409     
                  184  0.41431368353792530     
                  185  0.41474424949419264     
                  186  0.41535165950283820     
                  187  0.41612589452217463     
                  188  0.41705573716640276     
                  189  0.41812918282679290     
                  190  0.41933386632609532     
                  191  0.42065747085114596     
                  192  0.42208808943098886     
                  193  0.42361451675679307     
                  194  0.42522645891183403     
                  195  0.42691465860520955     
                  196  0.42867094208749645     
                  197  0.43048820000585575     
                  198  0.43236031768364658     
                  199  0.43428207093837945     
                  200  0.43624900220627488     
