                    0  0.50624752508500048     
                    1  0.50630054452717976     
                    2  0.50633194304991591     
                    3  0.50634975166825757     
                    4  0.50635947767024203     
                    5  0.50636465429064115     
                    6  0.50636740132876812     
                    7  0.50636890654977951     
                    8  0.50636979038004537     
                    9  0.50637035450222911     
                   10  0.50637073564072999     
                   11  0.50637099212781533     
                   12  0.50637114818661833     
                   13  0.50637121442553290     
                   14  0.50637119635394578     
                   15  0.50637109752388998     
                   16  0.50637092054382271     
                   17  0.50637066735942937     
                   18  0.50637033931788233     
                   19  0.50636993717529921     
                   20  0.50636946108544478     
                   21  0.50636891057407385     
                   22  0.50636828449587423     
                   23  0.50636758096872525     
                   24  0.50636679727646694     
                   25  0.50636592972300143     
                   26  0.50636497340212561     
                   27  0.50636392180341327     
                   28  0.50636276607645625     
                   29  0.50636149354993754     
                   30  0.50636008459861803     
                   31  0.50635850584930719     
                   32  0.50635669531882321     
                   33  0.50635453003938835     
                   34  0.50635175618599737     
                   35  0.50634784028104596     
                   36  0.50634165700436706     
                   37  0.50633084406227047     
                   38  0.50631048980480442     
                   39  0.50627050353946579     
                   40  0.50619042909135403     
                   41  0.50602939073600595     
                   42  0.50570702746631346     
                   43  0.50506853163598608     
                   44  0.50382425936384900     
                   45  0.50145758873866331     
                   46  0.49712301717756191     
                   47  0.48965037391376787     
                   48  0.47793720698103997     
                   49  0.46197951436067458     
                   50  0.44393449209124924     
                   51  0.42750126275996519     
                   52  0.41543880530014421     
                   53  0.40808083059431866     
                   54  0.40422860675576577     
                   55  0.40255760867113721     
                   56  0.40221035499356123     
                   57  0.40280302821935787     
                   58  0.40428972440608180     
                   59  0.40684661374627118     
                   60  0.41077357756268129     
                   61  0.41636732517164632     
                   62  0.42374197796146884     
                   63  0.43264948908180012     
                   64  0.44242942021854498     
                   65  0.45217699887000695     
                   66  0.46104683271458702     
                   67  0.46849586193966897     
                   68  0.47434588270068334     
                   69  0.47869807734534725     
                   70  0.48179971322235121     
                   71  0.48393553819419105     
                   72  0.48536538876654733     
                   73  0.48629955143431564     
                   74  0.48689621715845033     
                   75  0.48726872946961963     
                   76  0.48749551305052230     
                   77  0.48762939174955128     
                   78  0.48770516026776783     
                   79  0.48774528621791335     
                   80  0.48776400654271485     
                   81  0.48777017519622201     
                   82  0.48776919296733695     
                   83  0.48776428771720837     
                   84  0.48775734874055426     
                   85  0.48774946522210255     
                   86  0.48774128008079426     
                   87  0.48773324947729702     
                   88  0.48772590036916824     
                   89  0.48772021673942584     
                   90  0.48771838692034863     
                   91  0.48772536271295897     
                   92  0.48775211159189857     
                   93  0.48782224912161049     
                   94  0.48798517104558237     
                   95  0.48834116426615748     
                   96  0.48908727730491025     
                   97  0.49059524113726544     
                   98  0.49352618904730688     
                   99  0.49894611553352824     
                  100  0.50828887332432604     
                  101  0.52286099556752796     
                  102  0.54276494960594635     
                  103  0.56600671446389239     
                  104  0.58905144617630656     
                  105  0.60865493186543362     
                  106  0.62326148132941894     
                  107  0.63302075383555056     
                  108  0.63899056118317066     
                  109  0.64238280356656041     
                  110  0.64418178965266060     
                  111  0.64505863655812479     
                  112  0.64542114055463995     
                  113  0.64549485812378860     
                  114  0.64539261394646252     
                  115  0.64516288782519127     
                  116  0.64481996818178622     
                  117  0.64436145863205352     
                  118  0.64377798700905753     
                  119  0.64305846612596829     
                  120  0.64219292787845184     
                  121  0.64117402815022240     
                  122  0.63999776918490381     
                  123  0.63866370064369515     
                  124  0.63717473267548363     
                  125  0.63553664501785978     
                  126  0.63375735899831731     
                  127  0.63184603326265110     
                  128  0.62981204358268594     
                  129  0.62766391334966942     
                  130  0.62540827566646728     
                  131  0.62304896786640040     
                  132  0.62058637746408929     
                  133  0.61801716436547560     
                  134  0.61533446744240927     
                  135  0.61252865883812391     
                  136  0.60958863882764491     
                  137  0.60650357790176701     
                  138  0.60326492664482811     
                  139  0.59986844497637026     
                  140  0.59631596472065163     
                  141  0.59261660173632968     
                  142  0.58878717682059656     
                  143  0.58485168083615313     
                  144  0.58083971422504144     
                  145  0.57678392604751427     
                  146  0.57271655895337592     
                  147  0.56866527490420715     
                  148  0.56464851639459046     
                  149  0.56067079573194389     
                  150  0.55671854799051712     
                  151  0.55275753664755045     
                  152  0.54873317483556272     
                  153  0.54457530664893861     
                  154  0.54020868604760941     
                  155  0.53556934735181538     
                  156  0.53062526420835476     
                  157  0.52539749291550086     
                  158  0.51997609151622337     
                  159  0.51452436869639473     
                  160  0.50926623278594518     
                  161  0.50445502863193958     
                  162  0.50032804031230693     
                  163  0.49705737539747014     
                  164  0.49471228540272355     
                  165  0.49324658862302773     
                  166  0.49251637527327724     
                  167  0.49232095723123237     
                  168  0.49245102497055709     
                  169  0.49272749048108466     
                  170  0.49302181800103045     
                  171  0.49325817581627562     
                  172  0.49340397182168394     
                  173  0.49345644946797990     
                  174  0.49343065579345047     
                  175  0.49335091445108092     
                  176  0.49324568754476911     
                  177  0.49314477615645902     
                  178  0.49307777444181422     
                  179  0.49307300980509366     
                  180  0.49315653326164605     
                  181  0.49335096000306305     
                  182  0.49367411435902875     
                  183  0.49413754835339496     
                  184  0.49474510394945892     
                  185  0.49549177316520032     
                  186  0.49636315392689395     
                  187  0.49733577357160319     
                  188  0.49837844057124575     
                  189  0.49945460181627438     
                  190  0.50052547261591884     
                  191  0.50155353027894745     
                  192  0.50250587086534249     
                  193  0.50335694415548571     
                  194  0.50409029356427604     
                  195  0.50469910445959920     
                  196  0.50518556823598493     
                  197  0.50555926319723732     
                  198  0.50583490163876998     
                  199  0.50602986573037623     
                  200  0.50616193719465008     
