                    0  0.52257532593981615     
                    1  0.52159071715580541     
                    2  0.52065582677425959     
                    3  0.51977332267180065     
                    4  0.51894469268807764     
                    5  0.51817038579189678     
                    6  0.51744998028321099     
                    7  0.51678236331939020     
                    8  0.51616590860899525     
                    9  0.51559864234658803     
                   10  0.51507839078112083     
                   11  0.51460290580241663     
                   12  0.51416996736005571     
                   13  0.51377746331457186     
                   14  0.51342344848942367     
                   15  0.51310618533495944     
                   16  0.51282416885079074     
                   17  0.51257613836006444     
                   18  0.51236107849357371     
                   19  0.51217821140864839     
                   20  0.51202698190111673     
                   21  0.51190703671331272     
                   22  0.51181819902680115     
                   23  0.51176043887357692     
                   24  0.51173384001424882     
                   25  0.51173856372080662     
                   26  0.51177480986563262     
                   27  0.51184277575468184     
                   28  0.51194261324516210     
                   29  0.51207438484673851     
                   30  0.51223801970602711     
                   31  0.51243327059775956     
                   32  0.51265967326834283     
                   33  0.51291650967004876     
                   34  0.51320277675557691     
                   35  0.51351716254207291     
                   36  0.51385803107358063     
                   37  0.51422341769231272     
                   38  0.51461103566560173     
                   39  0.51501829471660665     
                   40  0.51544233140022155     
                   41  0.51588005059548714     
                   42  0.51632817670954667     
                   43  0.51678331256986665     
                   44  0.51724200348343119     
                   45  0.51770080361586390     
                   46  0.51815634172387892     
                   47  0.51860538337209661     
                   48  0.51904488706670060     
                   49  0.51947205220842940     
                   50  0.51988435735450844     
                   51  0.52027958792345763     
                   52  0.52065585311811624     
                   53  0.52101159242782979     
                   54  0.52134557256015013     
                   55  0.52165687602059063     
                   56  0.52194488279657691     
                   57  0.52220924671307267     
                   58  0.52244986802741522     
                   59  0.52266686374132643     
                   60  0.52286053695356705     
                   61  0.52303134638181137     
                   62  0.52317987696905743     
                   63  0.52330681227637832     
                   64  0.52341290916358618     
                   65  0.52349897508146792     
                   66  0.52356584814859031     
                   67  0.52361438006386596     
                   68  0.52364542181216700     
                   69  0.52365981205156309     
                   70  0.52365836802345100     
                   71  0.52364187879670532     
                   72  0.52361110063968674     
                   73  0.52356675430552513     
                   74  0.52350952401304307     
                   75  0.52344005790524006     
                   76  0.52335896976731999     
                   77  0.52326684178561866     
                   78  0.52316422812693686     
                   79  0.52305165911499218     
                   80  0.52292964577778056     
                   81  0.52279868453796685     
                   82  0.52265926181962596     
                   83  0.52251185835049629     
                   84  0.52235695295103168     
                   85  0.52219502562124487     
                   86  0.52202655976439738     
                   87  0.52185204342309210     
                   88  0.52167196944750971     
                   89  0.52148683456589973     
                   90  0.52129713738165928     
                   91  0.52110337537652407     
                   92  0.52090604105226535     
                   93  0.52070561739045407     
                   94  0.52050257284810797     
                   95  0.52029735613372041     
                   96  0.52009039102131127     
                   97  0.51988207145881260     
                   98  0.51967275721136186     
                   99  0.51946277025111498     
                  100  0.51925239206515028     
                  101  0.51904186200483904     
                  102  0.51883137674717383     
                  103  0.51862109088466390     
                  104  0.51841111860908407     
                  105  0.51820153640884903     
                  106  0.51799238666261171     
                  107  0.51778368198466007     
                  108  0.51757541016172437     
                  109  0.51736753951597358     
                  110  0.51716002453457632     
                  111  0.51695281162092777     
                  112  0.51674584484481778     
                  113  0.51653907159651979     
                  114  0.51633244808114653     
                  115  0.51612594462296824     
                  116  0.51591955078332341     
                  117  0.51571328032932950     
                  118  0.51550717612328434     
                  119  0.51530131503435062     
                  120  0.51509581300512242     
                  121  0.51489083043659378     
                  122  0.51468657808669227     
                  123  0.51448332371084460     
                  124  0.51428139970891040     
                  125  0.51408121208203550     
                  126  0.51388325104600185     
                  127  0.51368810369448958     
                  128  0.51349646915558966     
                  129  0.51330917673615151     
                  130  0.51312720759792674     
                  131  0.51295172055172489     
                  132  0.51278408258292651     
                  133  0.51262590472182124     
                  134  0.51247908382838947     
                  135  0.51234585074947570     
                  136  0.51222882509430812     
                  137  0.51213107651855228     
                  138  0.51205619185143803     
                  139  0.51200834657518501     
                  140  0.51199237798883801     
                  141  0.51201385577100578     
                  142  0.51207914351590778     
                  143  0.51219544210477674     
                  144  0.51237080251517064     
                  145  0.51261409202880426     
                  146  0.51293489416609928     
                  147  0.51334331977408743     
                  148  0.51384970566410693     
                  149  0.51446417962020619     
                  150  0.51519607837477022     
                  151  0.51605322009513510     
                  152  0.51704105605753092     
                  153  0.51816175666796072     
                  154  0.51941332104667226     
                  155  0.52078882971363527     
                  156  0.52227597632067113     
                  157  0.52385700633492815     
                  158  0.52550915135414111     
                  159  0.52720557882259511     
                  160  0.52891679036914707     
                  161  0.53061231849177681     
                  162  0.53226251374646327     
                  163  0.53384019948648775     
                  164  0.53532200217726122     
                  165  0.53668923197276630     
                  166  0.53792827080178185     
                  167  0.53903050236030114     
                  168  0.53999187437692553     
                  169  0.54081221162150461     
                  170  0.54149440023177542     
                  171  0.54204354732499249     
                  172  0.54246619351254299     
                  173  0.54276962766426362     
                  174  0.54296132835364819     
                  175  0.54304853745114978     
                  176  0.54303795881686168     
                  177  0.54293556818100530     
                  178  0.54274651771822713     
                  179  0.54247511906124213     
                  180  0.54212489028417177     
                  181  0.54169865472226575     
                  182  0.54119868167435825     
                  183  0.54062686059516762     
                  184  0.53998490106522068     
                  185  0.53927455053578688     
                  186  0.53849782065292662     
                  187  0.53765721109959963     
                  188  0.53675591775656117     
                  189  0.53579801012608019     
                  190  0.53478856204815295     
                  191  0.53373372043363487     
                  192  0.53264069956504356     
                  193  0.53151769367698509     
                  194  0.53037370775707438     
                  195  0.52921831500363781     
                  196  0.52806135787986475     
                  197  0.52691261673290923     
                  198  0.52578147413982745     
                  199  0.52467660362101487     
                  200  0.52360570798117589     
