                    0  0.51438267508117386     
                    1  0.51265033395578974     
                    2  0.51101061023265926     
                    3  0.50947659626644226     
                    4  0.50805660130855446     
                    5  0.50675436463520740     
                    6  0.50556959052944905     
                    7  0.50449867991679187     
                    8  0.50353553804291185     
                    9  0.50267236098448165     
                   10  0.50190033528517863     
                   11  0.50121021586138104     
                   12  0.50059277226442678     
                   13  0.50003911049576932     
                   14  0.49954088725977847     
                   15  0.49909043740732589     
                   16  0.49868083527499735     
                   17  0.49830590834639282     
                   18  0.49796021841367955     
                   19  0.49763902201909488     
                   20  0.49733821886675617     
                   21  0.49705429431920983     
                   22  0.49678426007543658     
                   23  0.49652559562524823     
                   24  0.49627619200823192     
                   25  0.49603429868338311     
                   26  0.49579847385404130     
                   27  0.49556753832026795     
                   28  0.49534053279019968     
                   29  0.49511667852933416     
                   30  0.49489534122946266     
                   31  0.49467599801315726     
                   32  0.49445820753809600     
                   33  0.49424158321569084     
                   34  0.49402576960165984     
                   35  0.49381042204620279     
                   36  0.49359518970423877     
                   37  0.49337970199944603     
                   38  0.49316355860897110     
                   39  0.49294632298955104     
                   40  0.49272751940289655     
                   41  0.49250663332236500     
                   42  0.49228311501933886     
                   43  0.49205638604231744     
                   44  0.49182584822105424     
                   45  0.49159089475859213     
                   46  0.49135092292172261     
                   47  0.49110534781006832     
                   48  0.49085361667906807     
                   49  0.49059522331428546     
                   50  0.49032972200352348     
                   51  0.49005674072740735     
                   52  0.48977599328526494     
                   53  0.48948729018728765     
                   54  0.48919054827187319     
                   55  0.48888579914481445     
                   56  0.48857319668171928     
                   57  0.48825302398531145     
                   58  0.48792570034563704     
                   59  0.48759178891657129     
                   60  0.48725200600181928     
                   61  0.48690723304594274     
                   62  0.48655853266171722     
                   63  0.48620717030782867     
                   64  0.48585464357645164     
                   65  0.48550272147619516     
                   66  0.48515349662011703     
                   67  0.48480945386644086     
                   68  0.48447355971939637     
                   69  0.48414937767117999     
                   70  0.48384121561423515     
                   71  0.48355431238073049     
                   72  0.48329507118232939     
                   73  0.48307134788014000     
                   74  0.48289280101712040     
                   75  0.48277130742825736     
                   76  0.48272144052304511     
                   77  0.48276099586499127     
                   78  0.48291152761136991     
                   79  0.48319882646018392     
                   80  0.48365322227206864     
                   81  0.48430953259515885     
                   82  0.48520640899028733     
                   83  0.48638477647862455     
                   84  0.48788505701485047     
                   85  0.48974297472800976     
                   86  0.49198402174094669     
                   87  0.49461714285310743     
                   88  0.49762879564236850     
                   89  0.50097902894720681     
                   90  0.50460126001125327     
                   91  0.50840675967663396     
                   92  0.51229354386745518     
                   93  0.51615791238121023     
                   94  0.51990596854146320     
                   95  0.52346254957864402     
                   96  0.52677600427158122     
                   97  0.52981862416091119     
                   98  0.53258365341232816     
                   99  0.53508033243755837     
                  100  0.53732838911550773     
                  101  0.53935300885014748     
                  102  0.54118084409202305     
                  103  0.54283723078888790     
                  104  0.54434452435555880     
                  105  0.54572134187805899     
                  106  0.54698246249295235     
                  107  0.54813915513694844     
                  108  0.54919974332471655     
                  109  0.55017026296357074     
                  110  0.55105511271306562     
                  111  0.55185763344285332     
                  112  0.55258058293323931     
                  113  0.55322649425799342     
                  114  0.55379792193920185     
                  115  0.55429758985915434     
                  116  0.55472846008182930     
                  117  0.55509374326585237     
                  118  0.55539687030868490     
                  119  0.55564144220935718     
                  120  0.55583117166820106     
                  121  0.55596982625512137     
                  122  0.55606117948068001     
                  123  0.55610897304217799     
                  124  0.55611689101333628     
                  125  0.55608854484252301     
                  126  0.55602746671304992     
                  127  0.55593710806524577     
                  128  0.55582083983378250     
                  129  0.55568195115282426     
                  130  0.55552364385045494     
                  131  0.55534902090147242     
                  132  0.55516106802790577     
                  133  0.55496262871228275     
                  134  0.55475637389985755     
                  135  0.55454476850166579     
                  136  0.55433003738063624     
                  137  0.55411413375077534     
                  138  0.55389871282724268     
                  139  0.55368511315727031     
                  140  0.55347434740056334     
                  141  0.55326710350335939     
                  142  0.55306375632777027     
                  143  0.55286438896173251     
                  144  0.55266882223431990     
                  145  0.55247665045973227     
                  146  0.55228728116233250     
                  147  0.55209997649339104     
                  148  0.55191389420855808     
                  149  0.55172812638465274     
                  150  0.55154173445675192     
                  151  0.55135377959351328     
                  152  0.55116334784995269     
                  153  0.55096956990522383     
                  154  0.55077163548587116     
                  155  0.55056880278410136     
                  156  0.55036040330880787     
                  157  0.55014584266505440     
                  158  0.54992459776035796     
                  159  0.54969621089916199     
                  160  0.54946028116488832     
                  161  0.54921645341370606     
                  162  0.54896440512430045     
                  163  0.54870383126903266     
                  164  0.54843442729698422     
                  165  0.54815587024968626     
                  166  0.54786779796606433     
                  167  0.54756978627429176     
                  168  0.54726132401524474     
                  169  0.54694178569671281     
                  170  0.54661040154266605     
                  171  0.54626622468343622     
                  172  0.54590809523944805     
                  173  0.54553460109605512     
                  174  0.54514403526825794     
                  175  0.54473434993630210     
                  176  0.54430310752893696     
                  177  0.54384742968206812     
                  178  0.54336394555746448     
                  179  0.54284874192764765     
                  180  0.54229731868038245     
                  181  0.54170455502277670     
                  182  0.54106469369725818     
                  183  0.54037135292727356     
                  184  0.53961757845158431     
                  185  0.53879595057611784     
                  186  0.53789876312324836     
                  187  0.53691829163391946     
                  188  0.53584716599124071     
                  189  0.53467885634837198     
                  190  0.53340826943497266     
                  191  0.53203243409230638     
                  192  0.53055123066605647     
                  193  0.52896809130296274     
                  194  0.52729057276028346     
                  195  0.52553068824271643     
                  196  0.52370488928175052     
                  197  0.52183361981067444     
                  198  0.51994042307631416     
                  199  0.51805065915167703     
                  200  0.51618996869458522     
