                    0  0.52004332158670008     
                    1  0.52540330637112986     
                    2  0.53022782026588400     
                    3  0.53440671949315943     
                    4  0.53790654133011984     
                    5  0.54075223981490361     
                    6  0.54300532289209202     
                    7  0.54474465208659251     
                    8  0.54605253816540400     
                    9  0.54700620654326026     
                   10  0.54767350006103144     
                   11  0.54811143111897032     
                   12  0.54836640268556802     
                   13  0.54847525754985427     
                   14  0.54846662631305121     
                   15  0.54836227573851171     
                   16  0.54817831146336438     
                   17  0.54792618161521722     
                   18  0.54761348070845739     
                   19  0.54724458196276349     
                   20  0.54682114115770264     
                   21  0.54634252203054312     
                   22  0.54580619444582712     
                   23  0.54520815244863241     
                   24  0.54454338931758950     
                   25  0.54380645057623689     
                   26  0.54299206451738125     
                   27  0.54209582575803350     
                   28  0.54111488480924652     
                   29  0.54004858037408199     
                   30  0.53889894507917913     
                   31  0.53767102151471913     
                   32  0.53637294292519699     
                   33  0.53501575824001724     
                   34  0.53361300950500046     
                   35  0.53218009635227692     
                   36  0.53073348334469361     
                   37  0.52928982002170133     
                   38  0.52786504994033157     
                   39  0.52647358444654169     
                   40  0.52512760994259233     
                   41  0.52383658444520231     
                   42  0.52260696067150292     
                   43  0.52144214973986514     
                   44  0.52034271396182852     
                   45  0.51930675250822622     
                   46  0.51833042401392448     
                   47  0.51740853905273065     
                   48  0.51653515481777412     
                   49  0.51570411383830628     
                   50  0.51490948541939796     
                   51  0.51414588859090127     
                   52  0.51340869448073101     
                   53  0.51269412099674905     
                   54  0.51199924194234447     
                   55  0.51132193622977129     
                   56  0.51066080184974427     
                   57  0.51001505537039937     
                   58  0.50938443260372934     
                   59  0.50876910095321670     
                   60  0.50816958961413539     
                   61  0.50758674055976305     
                   62  0.50702168110432666     
                   63  0.50647581758443716     
                   64  0.50595084906392895     
                   65  0.50544879966641021     
                   66  0.50497206796250560     
                   67  0.50452349168215815     
                   68  0.50410642594976196     
                   69  0.50372483356219255     
                   70  0.50338338723012510     
                   71  0.50308758741621329     
                   72  0.50284390745731422     
                   73  0.50265999317021048     
                   74  0.50254497164927192     
                   75  0.50250996971401107     
                   76  0.50256901444166302     
                   77  0.50274059538282934     
                   78  0.50305031723286020     
                   79  0.50353525824560852     
                   80  0.50425083233328327     
                   81  0.50528099351868583     
                   82  0.50675215823807140     
                   83  0.50884946146372056     
                   84  0.51182955368697325     
                   85  0.51601586651076636     
                   86  0.52175230671282369     
                   87  0.52929182162745836     
                   88  0.53862975253669820     
                   89  0.54936198560150218     
                   90  0.56069137942636693     
                   91  0.57163200445520512     
                   92  0.58130437093272169     
                   93  0.58914543982049827     
                   94  0.59494586473930566     
                   95  0.59875599110365640     
                   96  0.60075224284034545     
                   97  0.60112950563336864     
                   98  0.60004237005629557     
                   99  0.59759283732909474     
                  100  0.59385450793579897     
                  101  0.58892160096928092     
                  102  0.58296634740836240     
                  103  0.57627966879275005     
                  104  0.56926699157227123     
                  105  0.56238670584633732     
                  106  0.55605241740120048     
                  107  0.55054672855050035     
                  108  0.54598686538153907     
                  109  0.54234691680060088     
                  110  0.53951097451776497     
                  111  0.53732687820038694     
                  112  0.53564382246893083     
                  113  0.53433161454726041     
                  114  0.53328661816735179     
                  115  0.53243040419401477     
                  116  0.53170546065827784     
                  117  0.53107038649261606     
                  118  0.53049563958930368     
                  119  0.52996016000117108     
                  120  0.52944884508130052     
                  121  0.52895073062346809     
                  122  0.52845771252471585     
                  123  0.52796366398262140     
                  124  0.52746383413097320     
                  125  0.52695444325604113     
                  126  0.52643241352366155     
                  127  0.52589519214527669     
                  128  0.52534063698875333     
                  129  0.52476694391592293     
                  130  0.52417260161219692     
                  131  0.52355636416554474     
                  132  0.52291723474985652     
                  133  0.52225445590064223     
                  134  0.52156750334088886     
                  135  0.52085608133052119     
                  136  0.52012011821735804     
                  137  0.51935976135806228     
                  138  0.51857537092023154     
                  139  0.51776751231612983     
                  140  0.51693694718476058     
                  141  0.51608462295269875     
                  142  0.51521166107947525     
                  143  0.51431934414033520     
                  144  0.51340910192506373     
                  145  0.51248249674159407     
                  146  0.51154120811148385     
                  147  0.51058701703428666     
                  148  0.50962178998216767     
                  149  0.50864746276702233     
                  150  0.50766602440184128     
                  151  0.50667950105770565     
                  152  0.50568994019896740     
                  153  0.50469939496291272     
                  154  0.50370990883739930     
                  155  0.50272350068118099     
                  156  0.50174215012734413     
                  157  0.50076778341072148     
                  158  0.49980225966551567     
                  159  0.49884735774973527     
                  160  0.49790476366857284     
                  161  0.49697605868973049     
                  162  0.49606270827033466     
                  163  0.49516605194817198     
                  164  0.49428729439066266     
                  165  0.49342749784504275     
                  166  0.49258757629533301     
                  167  0.49176829170975117     
                  168  0.49097025286201718     
                  169  0.49019391733978590     
                  170  0.48943959752512123     
                  171  0.48870747156261241     
                  172  0.48799760064484626     
                  173  0.48730995437724511     
                  174  0.48664444658379091     
                  175  0.48600098475046977     
                  176  0.48537953746915141     
                  177  0.48478022586991204     
                  178  0.48420344728612585     
                  179  0.48365004250542676     
                  180  0.48312152219341381     
                  181  0.48262037374342653     
                  182  0.48215047719327114     
                  183  0.48171766809044675     
                  184  0.48133049595401795     
                  185  0.48100123786908250     
                  186  0.48074723409094072     
                  187  0.48059260827584388     
                  188  0.48057040318525696     
                  189  0.48072507485407240     
                  190  0.48111509859116453     
                  191  0.48181508856614108     
                  192  0.48291627067782550     
                  193  0.48452341935982957     
                  194  0.48674576754401078     
                  195  0.48967965190524709     
                  196  0.49338284326735993     
                  197  0.49784523610558934     
                  198  0.50296632790156415     
                  199  0.50855231386144073     
                  200  0.51434012931913320     
