                    0  0.56006458674845927     
                    1  0.54987289015519114     
                    2  0.53626568349397541     
                    3  0.52033298804614847     
                    4  0.50441751537400814     
                    5  0.49100581862075576     
                    6  0.48137024631392350     
                    7  0.47530582919485487     
                    8  0.47185922185712420     
                    9  0.47005246021755492     
                   10  0.46917230319079023     
                   11  0.46877323865896986     
                   12  0.46859708794406191     
                   13  0.46849904572012430     
                   14  0.46839856463007762     
                   15  0.46825057008515303     
                   16  0.46802952624097155     
                   17  0.46772082852048447     
                   18  0.46731616339743431     
                   19  0.46681095610743084     
                   20  0.46620290364572087     
                   21  0.46549107747329982     
                   22  0.46467534045396680     
                   23  0.46375595637949346     
                   24  0.46273333586272331     
                   25  0.46160789158038834     
                   26  0.46037998649557188     
                   27  0.45904996045568636     
                   28  0.45761821877025477     
                   29  0.45608536396542104     
                   30  0.45445235046471227     
                   31  0.45272064217956426     
                   32  0.45089235504369385     
                   33  0.44897037011400248     
                   34  0.44695840744442439     
                   35  0.44486105585895541     
                   36  0.44268375837004698     
                   37  0.44043275680666938     
                   38  0.43811500193091096     
                   39  0.43573803684759876     
                   40  0.43330986195231297     
                   41  0.43083878925901409     
                   42  0.42833329301207762     
                   43  0.42580186235004813     
                   44  0.42325286076513574     
                   45  0.42069439648666285     
                   46  0.41813420801205664     
                   47  0.41557957021844666     
                   48  0.41303722949929089     
                   49  0.41051338252324715     
                   50  0.40801372521535201     
                   51  0.40554362188749643     
                   52  0.40310849003679411     
                   53  0.40071458576348901     
                   54  0.39837054996443205     
                   55  0.39609041638279507     
                   56  0.39389943713904357     
                   57  0.39184530764155234     
                   58  0.39001956380671815     
                   59  0.38859745368463444     
                   60  0.38790883741708654     
                   61  0.38855229640527217     
                   62  0.39153938216159923     
                   63  0.39835949081578137     
                   64  0.41067124380916464     
                   65  0.42931998501427265     
                   66  0.45312421913344691     
                   67  0.47881892993086234     
                   68  0.50265126808583160     
                   69  0.52213654222711170     
                   70  0.53657648656230617     
                   71  0.54652808848011813     
                   72  0.55304973143536129     
                   73  0.55719094155543913     
                   74  0.55977662094125780     
                   75  0.56137718335486098     
                   76  0.56235655371973725     
                   77  0.56293499731958974     
                   78  0.56324135644190265     
                   79  0.56334947077216502     
                   80  0.56330128805535440     
                   81  0.56312074003895407     
                   82  0.56282180529087300     
                   83  0.56241310544717427     
                   84  0.56190049408797893     
                   85  0.56128850012847720     
                   86  0.56058112243679903     
                   87  0.55978225946579274     
                   88  0.55889593563970374     
                   89  0.55792641605471305     
                   90  0.55687826014321173     
                   91  0.55575634085647252     
                   92  0.55456584188487845     
                   93  0.55331223773472871     
                   94  0.55200125792879806     
                   95  0.55063883575884320     
                   96  0.54923104282433099     
                   97  0.54778401218155925     
                   98  0.54630385460323450     
                   99  0.54479657368654399     
                  100  0.54326798602105641     
                  101  0.54172365221721919     
                  102  0.54016882337524996     
                  103  0.53860840576718294     
                  104  0.53704694442488754     
                  105  0.53548862430667055     
                  106  0.53393728604340085     
                  107  0.53239645214137343     
                  108  0.53086935903211718     
                  109  0.52935899049022606     
                  110  0.52786810858541833     
                  111  0.52639927934019870     
                  112  0.52495489146169716     
                  113  0.52353716775642389     
                  114  0.52214817001395564     
                  115  0.52078979921322821     
                  116  0.51946379388521458     
                  117  0.51817173045771614     
                  118  0.51691503060194344     
                  119  0.51569498230279787     
                  120  0.51451278405322642     
                  121  0.51336962593192637     
                  122  0.51226682841683246     
                  123  0.51120607117841321     
                  124  0.51018976206982913     
                  125  0.50922162432007378     
                  126  0.50830762189273326     
                  127  0.50745740439722331     
                  128  0.50668653888680693     
                  129  0.50601990724553281     
                  130  0.50549677088867961     
                  131  0.50517808561514488     
                  132  0.50515654162694557     
                  133  0.50556917016076042     
                  134  0.50661055740038485     
                  135  0.50854084982319447     
                  136  0.51167651623668120     
                  137  0.51634605102643860     
                  138  0.52279679498516518     
                  139  0.53106572305690714     
                  140  0.54087283336376946     
                  141  0.55161886578229691     
                  142  0.56252081470261195     
                  143  0.57282295723243482     
                  144  0.58197147164009133     
                  145  0.58968243051570657     
                  146  0.59591075022630124     
                  147  0.60077089064631761     
                  148  0.60445612372776603     
                  149  0.60717935563699721     
                  150  0.60913870670591452     
                  151  0.61050196028536619     
                  152  0.61140248630284955     
                  153  0.61194092033852310     
                  154  0.61218909241448161     
                  155  0.61219445734727673     
                  156  0.61198441925201930     
                  157  0.61157057100480738     
                  158  0.61095311268087049     
                  159  0.61012567000734319     
                  160  0.60908049807094222     
                  161  0.60781374222724638     
                  162  0.60633016926077965     
                  163  0.60464668492772167     
                  164  0.60279405609062398     
                  165  0.60081651131084002     
                  166  0.59876921173618269     
                  167  0.59671388583691076     
                  168  0.59471317683472635     
                  169  0.59282446602028838     
                  170  0.59109410157898545     
                  171  0.58955302144229194     
                  172  0.58821461130992081     
                  173  0.58707522481511532     
                  174  0.58611717909202721     
                  175  0.58531343424139659     
                  176  0.58463281550811153     
                  177  0.58404467362888779     
                  178  0.58352224117854012     
                  179  0.58304443437590181     
                  180  0.58259626762227301     
                  181  0.58216828121054909     
                  182  0.58175542956052417     
                  183  0.58135580203324766     
                  184  0.58096942575308219     
                  185  0.58059728204640826     
                  186  0.58024057702471621     
                  187  0.57990024215398750     
                  188  0.57957659078253398     
                  189  0.57926900685933713     
                  190  0.57897547679417394     
                  191  0.57869167623150641     
                  192  0.57840916551414789     
                  193  0.57811199235988209     
                  194  0.57777059460510083     
                  195  0.57733128124806210     
                  196  0.57669874237322472     
                  197  0.57570827176036443     
                  198  0.57408485688969113     
                  199  0.57139158594658845     
                  200  0.56698826518395051     
