                    0  0.54821931846904526     
                    1  0.54797516131674384     
                    2  0.54773432405282507     
                    3  0.54749501504578124     
                    4  0.54725552032548419     
                    5  0.54701423240615654     
                    6  0.54676967112875974     
                    7  0.54652049721370088     
                    8  0.54626551948249502     
                    9  0.54600369684102013     
                   10  0.54573413613729993     
                   11  0.54545608694004788     
                   12  0.54516893415922951     
                   13  0.54487218927342518     
                   14  0.54456548076344635     
                   15  0.54424854419467017     
                   16  0.54392121225354606     
                   17  0.54358340493337698     
                   18  0.54323511998327989     
                   19  0.54287642368163480     
                   20  0.54250744196853962     
                   21  0.54212835196671039     
                   22  0.54173937393188210     
                   23  0.54134076369678397     
                   24  0.54093280570177182     
                   25  0.54051580673490540     
                   26  0.54009009052977419     
                   27  0.53965599338627390     
                   28  0.53921386098417878     
                   29  0.53876404654902510     
                   30  0.53830691050293877     
                   31  0.53784282168935682     
                   32  0.53737216020126155     
                   33  0.53689532177010757     
                   34  0.53641272359093839     
                   35  0.53592481137316039     
                   36  0.53543206732168014     
                   37  0.53493501867550108     
                   38  0.53443424636608705     
                   39  0.53393039331084280     
                   40  0.53342417183182689     
                   41  0.53291636968881784     
                   42  0.53240785424004067     
                   43  0.53189957429261281     
                   44  0.53139255927600360     
                   45  0.53088791546231295     
                   46  0.53038681906283147     
                   47  0.52989050614658384     
                   48  0.52940025944858360     
                   49  0.52891739225865098     
                   50  0.52844322970135393     
                   51  0.52797908782972913     
                   52  0.52752625105590156     
                   53  0.52708594852669655     
                   54  0.52665933011800048     
                   55  0.52624744276413016     
                   56  0.52585120785402528     
                   57  0.52547140041106277     
                   58  0.52510863072463931     
                   59  0.52476332901719602     
                   60  0.52443573360932516     
                   61  0.52412588288911954     
                   62  0.52383361120337613     
                   63  0.52355854857338946     
                   64  0.52330012390491043     
                   65  0.52305757112024631     
                   66  0.52282993740144412     
                   67  0.52261609250809460     
                   68  0.52241473793176041     
                   69  0.52222441447966350     
                   70  0.52204350674881284     
                   71  0.52187024286106776     
                   72  0.52170268777999729     
                   73  0.52153872852050609     
                   74  0.52137604959082195     
                   75  0.52121209707489813     
                   76  0.52104402987887088     
                   77  0.52086865684549932     
                   78  0.52068235871900026     
                   79  0.52048099437601003     
                   80  0.52025979141508460     
                   81  0.52001322224810054     
                   82  0.51973486844592509     
                   83  0.51941727850238661     
                   84  0.51905182769816871     
                   85  0.51862859370789971     
                   86  0.51813626830503090     
                   87  0.51756213411306762     
                   88  0.51689214553729612     
                   89  0.51611116368074739     
                   90  0.51520340375182505     
                   91  0.51415315586941523     
                   92  0.51294582977189562     
                   93  0.51156934268958687     
                   94  0.51001581019362985     
                   95  0.50828341009285471     
                   96  0.50637817906448346     
                   97  0.50431539790055191     
                   98  0.50212016869342613     
                   99  0.49982683588602739     
                  100  0.49747708245156952     
                  101  0.49511682258267203     
                  102  0.49279233172369685     
                  103  0.49054628482765467     
                  104  0.48841441514462619     
                  105  0.48642333570979257     
                  106  0.48458975321737102     
                  107  0.48292097212093921     
                  108  0.48141634701878799     
                  109  0.48006924552523900     
                  110  0.47886911793008058     
                  111  0.47780338113978010     
                  112  0.47685895535807016     
                  113  0.47602340305753321     
                  114  0.47528569426300588     
                  115  0.47463666043871355     
                  116  0.47406921026148452     
                  117  0.47357837488373944     
                  118  0.47316123667289300     
                  119  0.47281677968059665     
                  120  0.47254568550772857     
                  121  0.47235008630291825     
                  122  0.47223327791094177     
                  123  0.47219939081914475     
                  124  0.47225301460522362     
                  125  0.47239877317540452     
                  126  0.47264085328284133     
                  127  0.47298249749818200     
                  128  0.47342548433471676     
                  129  0.47396963119833974     
                  130  0.47461236790754746     
                  131  0.47534843661946113     
                  132  0.47616977483128503     
                  133  0.47706562922975698     
                  134  0.47802292900142140     
                  135  0.47902692004262865     
                  136  0.48006203138558939     
                  137  0.48111291892175317     
                  138  0.48216561582439343     
                  139  0.48320871828096129     
                  140  0.48423454968296614     
                  141  0.48524027245682422     
                  142  0.48622894691658575     
                  143  0.48721056132130774     
                  144  0.48820306591052892     
                  145  0.48923342407397435     
                  146  0.49033863221177465     
                  147  0.49156654088836316     
                  148  0.49297612078665282     
                  149  0.49463656096827174     
                  150  0.49662431180540179     
                  151  0.49901702552621291     
                  152  0.50188355732980583     
                  153  0.50527009402523881     
                  154  0.50918424593866929     
                  155  0.51358118590549451     
                  156  0.51835742691390130     
                  157  0.52335697719355256     
                  158  0.52839072604467296     
                  159  0.53326450909997469     
                  160  0.53780753099046263     
                  161  0.54189305917715147     
                  162  0.54544715361333351     
                  163  0.54844603755189436     
                  164  0.55090596531880365     
                  165  0.55287020658967734     
                  166  0.55439672172238252     
                  167  0.55554844190977026     
                  168  0.55638665558892508     
                  169  0.55696715570929445     
                  170  0.55733846553979649     
                  171  0.55754144474741940     
                  172  0.55760970764844153     
                  173  0.55757044990523841     
                  174  0.55744542453810220     
                  175  0.55725191593036694     
                  176  0.55700363279734877     
                  177  0.55671148568885742     
                  178  0.55638424003095277     
                  179  0.55602904897870975     
                  180  0.55565187645366498     
                  181  0.55525782295582693     
                  182  0.55485136706448412     
                  183  0.55443653509404822     
                  184  0.55401701071216403     
                  185  0.55359619568387852     
                  186  0.55317723231885785     
                  187  0.55276299762055392     
                  188  0.55235607848959223     
                  189  0.55195873654724525     
                  190  0.55157287017225753     
                  191  0.55119998017224403     
                  192  0.55084114416049679     
                  193  0.55049700323237449     
                  194  0.55016776300873038     
                  195  0.54985320962813500     
                  196  0.54955273991985865     
                  197  0.54926540386260791     
                  198  0.54898995659767957     
                  199  0.54872491675940938     
                  200  0.54846862771752969     
