                    0  0.54720648120010362     
                    1  0.53506896436369566     
                    2  0.52203366013900687     
                    3  0.50939417996426584     
                    4  0.49836439145712680     
                    5  0.48960500446542599     
                    6  0.48313145037503474     
                    7  0.47855620081511702     
                    8  0.47538289452169058     
                    9  0.47317969421639205     
                   10  0.47163117631771234     
                   11  0.47052780915262610     
                   12  0.46973768788190340     
                   13  0.46918023685591026     
                   14  0.46880706197822541     
                   15  0.46858955642227362     
                   16  0.46851153690722375     
                   17  0.46856531709953225     
                   18  0.46875006002104869     
                   19  0.46907162933574720     
                   20  0.46954340427125318     
                   21  0.47018763784371542     
                   22  0.47103693330346880     
                   23  0.47213529148805183     
                   24  0.47353795000737692     
                   25  0.47530894806177504     
                   26  0.47751517366013607     
                   27  0.48021591433106070     
                   28  0.48344807130500145     
                   29  0.48720940897908166     
                   30  0.49144487149108007     
                   31  0.49604236329125939     
                   32  0.50084249141345250     
                   33  0.50566143807869501     
                   34  0.51032015892123661     
                   35  0.51467042167465082     
                   36  0.51861044993094541     
                   37  0.52208814063412456     
                   38  0.52509451319199052     
                   39  0.52765211945483370     
                   40  0.52980271338006646     
                   41  0.53159684107937499     
                   42  0.53308636118452346     
                   43  0.53431980575640436     
                   44  0.53533998410274308     
                   45  0.53618312923329714     
                   46  0.53687898552905533     
                   47  0.53745139717090273     
                   48  0.53791910872107207     
                   49  0.53829660641396926     
                   50  0.53859490909298602     
                   51  0.53882226826253277     
                   52  0.53898476602208056     
                   53  0.53908681506648548     
                   54  0.53913157186295935     
                   55  0.53912127616601080     
                   56  0.53905752949399632     
                   57  0.53894152344473711     
                   58  0.53877422657126750     
                   59  0.53855653641145407     
                   60  0.53828940139050896     
                   61  0.53797391578935161     
                   62  0.53761138981597134     
                   63  0.53720339601095601     
                   64  0.53675179271987838     
                   65  0.53625872512452410     
                   66  0.53572660429509456     
                   67  0.53515806487075068     
                   68  0.53455590227703786     
                   69  0.53392299084553707     
                   70  0.53326218483020504     
                   71  0.53257620514229620     
                   72  0.53186751567359680     
                   73  0.53113819434475007     
                   74  0.53038980545436298     
                   75  0.52962328139927628     
                   76  0.52883882318666942     
                   77  0.52803583008115085     
                   78  0.52721286888341834     
                   79  0.52636769237819381     
                   80  0.52549731415583623     
                   81  0.52459814322014309     
                   82  0.52366617672288973     
                   83  0.52269724329491074     
                   84  0.52168728352552318     
                   85  0.52063264908249374     
                   86  0.51953039864092498     
                   87  0.51837856784640779     
                   88  0.51717639222349521     
                   89  0.51592446603439568     
                   90  0.51462482595336445     
                   91  0.51328095514076066     
                   92  0.51189770991085737     
                   93  0.51048117686911099     
                   94  0.50903847261498913     
                   95  0.50757750067108887     
                   96  0.50610668131451242     
                   97  0.50463466976114169     
                   98  0.50317007707739647     
                   99  0.50172120662800301     
                  100  0.50029581706949122     
                  101  0.49890092099240890     
                  102  0.49754262630774759     
                  103  0.49622602530196402     
                  104  0.49495513388190499     
                  105  0.49373288088506234     
                  106  0.49256114453194327     
                  107  0.49144083034746139     
                  108  0.49037198246230373     
                  109  0.48935391843188097     
                  110  0.48838537683572092     
                  111  0.48746466707810820     
                  112  0.48658981197310242     
                  113  0.48575867567411013     
                  114  0.48496907199096595     
                  115  0.48421885076685334     
                  116  0.48350596242943489     
                  117  0.48282850283681672     
                  118  0.48218474197873978     
                  119  0.48157314095360482     
                  120  0.48099236200143675     
                  121  0.48044127636169648     
                  122  0.47991897448107779     
                  123  0.47942478273033345     
                  124  0.47895829035961579     
                  125  0.47851938992647342     
                  126  0.47810833380838191     
                  127  0.47772580855413482     
                  128  0.47737302759828509     
                  129  0.47705184111708504     
                  130  0.47676485942223212     
                  131  0.47651558320494880     
                  132  0.47630853018808555     
                  133  0.47614934349251353     
                  134  0.47604486264924778     
                  135  0.47600313431761543     
                  136  0.47603333732333991     
                  137  0.47614559681816571     
                  138  0.47635066658579661     
                  139  0.47665946812534243     
                  140  0.47708249099232269     
                  141  0.47762908073029603     
                  142  0.47830666660628135     
                  143  0.47912000718817238     
                  144  0.48007055173832808     
                  145  0.48115602333891266     
                  146  0.48237032190777374     
                  147  0.48370382380201610     
                  148  0.48514412992694406     
                  149  0.48667730567099565     
                  150  0.48828969025962782     
                  151  0.48997046021265428     
                  152  0.49171534016052032     
                  153  0.49353218584120156     
                  154  0.49544961711844138     
                  155  0.49753037442213721     
                  156  0.49989129406516764     
                  157  0.50273080984612450     
                  158  0.50636045862204848     
                  159  0.51122510764761209     
                  160  0.51787502121400319     
                  161  0.52683329466416751     
                  162  0.53832991423749166     
                  163  0.55199954635186033     
                  164  0.56678841150260639     
                  165  0.58124757419268680     
                  166  0.59406101271994149     
                  167  0.60444418415234413     
                  168  0.61221201050238805     
                  169  0.61760286514843798     
                  170  0.62104794255556839     
                  171  0.62300302488642401     
                  172  0.62386379847241791     
                  173  0.62394027464222601     
                  174  0.62346127112672578     
                  175  0.62258971629425575     
                  176  0.62143918850146096     
                  177  0.62008800735307645     
                  178  0.61859004755300773     
                  179  0.61698257364418663     
                  180  0.61529171267383198     
                  181  0.61353617565948559     
                  182  0.61172972787328417     
                  183  0.60988278124265016     
                  184  0.60800336976871983     
                  185  0.60609767670861259     
                  186  0.60417020687649647     
                  187  0.60222363182160832     
                  188  0.60025827135945586     
                  189  0.59827110229768743     
                  190  0.59625409316448330     
                  191  0.59419154031244159     
                  192  0.59205591635967614     
                  193  0.58980154166120158     
                  194  0.58735520859166768     
                  195  0.58460292104473921     
                  196  0.58137268332217251     
                  197  0.57741596427873687     
                  198  0.57239713702973116     
                  199  0.56591273692171884     
                  200  0.55757708442689791     
