                    0  0.42537615717170130     
                    1  0.42588712088673381     
                    2  0.42639108851193930     
                    3  0.42687842134944864     
                    4  0.42734195204564845     
                    5  0.42777775792393258     
                    6  0.42818589062022050     
                    7  0.42857108622577816     
                    8  0.42894349590658420     
                    9  0.42931947900453704     
                   10  0.42972248193944468     
                   11  0.43018397816493203     
                   12  0.43074435621558221     
                   13  0.43145350380482378     
                   14  0.43237064356863375     
                   15  0.43356275475061529     
                   16  0.43510074577076580     
                   17  0.43705259099690902     
                   18  0.43947314784847835     
                   19  0.44239151210156091     
                   20  0.44579842160659222     
                   21  0.44963768736526977     
                   22  0.45380577737219241     
                   23  0.45816168153934456     
                   24  0.46254551961323775     
                   25  0.46680090423050685     
                   26  0.47079487299684430     
                   27  0.47443084393688056     
                   28  0.47765333420610334     
                   29  0.48044629004525108     
                   30  0.48282871558111307     
                   31  0.48485194649913765     
                   32  0.48660323156261642     
                   33  0.48822119922989649     
                   34  0.48993072715128289     
                   35  0.49210641673463545     
                   36  0.49536867558787218     
                   37  0.50068449143953431     
                   38  0.50935253047795837     
                   39  0.52262143599615773     
                   40  0.54079341212418386     
                   41  0.56236223985649236     
                   42  0.58430503890175267     
                   43  0.60361905643846103     
                   44  0.61867801423578517     
                   45  0.62938478841703371     
                   46  0.63651326721017376     
                   47  0.64103758172330971     
                   48  0.64378436653314564     
                   49  0.64534772689055797     
                   50  0.64612178350402627     
                   51  0.64635926667343901     
                   52  0.64622130776850994     
                   53  0.64581207313035183     
                   54  0.64520114827861352     
                   55  0.64443787135151964     
                   56  0.64356093940005132     
                   57  0.64260562801945897     
                   58  0.64161036004833238     
                   59  0.64062413938859741     
                   60  0.63971642745418611     
                   61  0.63899118998398241     
                   62  0.63860659804432451     
                   63  0.63879999866695258     
                   64  0.63991174488633973     
                   65  0.64238815551389084     
                   66  0.64672537450381173     
                   67  0.65331296067946032     
                   68  0.66218962963713202     
                   69  0.67283757294885527     
                   70  0.68420118968709542     
                   71  0.69498420121543347     
                   72  0.70405179740037949     
                   73  0.71070182571349516     
                   74  0.71471591349534591     
                   75  0.71625953518839258     
                   76  0.71573785523387712     
                   77  0.71366967044126040     
                   78  0.71059379988651694     
                   79  0.70700192978573606     
                   80  0.70329184231189468     
                   81  0.69974040292391559     
                   82  0.69649804542489391     
                   83  0.69360363489255117     
                   84  0.69101264992708678     
                   85  0.68862695748271885     
                   86  0.68631429546733014     
                   87  0.68390935093000838     
                   88  0.68119281516638330     
                   89  0.67784811598425299     
                   90  0.67340028343438540     
                   91  0.66715647010657053     
                   92  0.65820755599774849     
                   93  0.64561858977631936     
                   94  0.62896017798034665     
                   95  0.60909007038762286     
                   96  0.58848186679156678     
                   97  0.57024418685244826     
                   98  0.55636569360735066     
                   99  0.54696131998859066     
                  100  0.54097868276812910     
                  101  0.53719050314805494     
                  102  0.53467230583869985     
                  103  0.53284965233381598     
                  104  0.53139891575240916     
                  105  0.53014665437743369     
                  106  0.52900187510055707     
                  107  0.52791678355612626     
                  108  0.52686561949342425     
                  109  0.52583368907383665     
                  110  0.52481182142568306     
                  111  0.52379361697548454     
                  112  0.52277410270878222     
                  113  0.52174908591961433     
                  114  0.52071485061001344     
                  115  0.51966802009110746     
                  116  0.51860549908373288     
                  117  0.51752445294411609     
                  118  0.51642230330125283     
                  119  0.51529672987769004     
                  120  0.51414567330323413     
                  121  0.51296733615147949     
                  122  0.51176018062133988     
                  123  0.51052292192990156     
                  124  0.50925451691058854     
                  125  0.50795414768103586     
                  126  0.50662120062861893     
                  127  0.50525524137929223     
                  128  0.50385598685738242     
                  129  0.50242327597919356     
                  130  0.50095704090643467     
                  131  0.49945728106383597     
                  132  0.49792404224646986     
                  133  0.49635740306283060     
                  134  0.49475747065387304     
                  135  0.49312438709512013     
                  136  0.49145834715718817     
                  137  0.48975962722776756     
                  138  0.48802862426816485     
                  139  0.48626590278788484     
                  140  0.48447224707088071     
                  141  0.48264871536304904     
                  142  0.48079669249111112     
                  143  0.47891793745015176     
                  144  0.47701462285242097     
                  145  0.47508936371827143     
                  146  0.47314523382893497     
                  147  0.47118576865466943     
                  148  0.46921495462715329     
                  149  0.46723720516432926     
                  150  0.46525732432748385     
                  151  0.46328045927329947     
                  152  0.46131204276781629     
                  153  0.45935772699097766     
                  154  0.45742330973543499     
                  155  0.45551465395815660     
                  156  0.45363760154686145     
                  157  0.45179788217767936     
                  158  0.45000101831361755     
                  159  0.44825222775118811     
                  160  0.44655632566173781     
                  161  0.44491762875676483     
                  162  0.44333986495723909     
                  163  0.44182609265420264     
                  164  0.44037863417301160     
                  165  0.43899902824793890     
                  166  0.43768800604485003     
                  167  0.43644549445168079     
                  168  0.43527064898120099     
                  169  0.43416191678756527     
                  170  0.43311712817693476     
                  171  0.43213361286021779     
                  172  0.43120833535211972     
                  173  0.43033804263607228     
                  174  0.42951941667091287     
                  175  0.42874922456104980     
                  176  0.42802446014910367     
                  177  0.42734247219422233     
                  178  0.42670107586904588     
                  179  0.42609864572924755     
                  180  0.42553418931612480     
                  181  0.42500740097376916     
                  182  0.42451869524372221     
                  183  0.42406921840428247     
                  184  0.42366083551253969     
                  185  0.42329608892827791     
                  186  0.42297812305433014     
                  187  0.42271056926960748     
                  188  0.42249738514778934     
                  189  0.42234264345408845     
                  190  0.42225026947819760     
                  191  0.42222373026952303     
                  192  0.42226568632689904     
                  193  0.42237762488471042     
                  194  0.42255950318470531     
                  195  0.42280943844016744     
                  196  0.42312348648243103     
                  197  0.42349555110913650     
                  198  0.42391745925998864     
                  199  0.42437922298640973     
                  200  0.42486948932550084     
