                    0  0.52264259918967249     
                    1  0.52257711056952294     
                    2  0.52251084162361927     
                    3  0.52244401758387338     
                    4  0.52237685189060634     
                    5  0.52230954644437999     
                    6  0.52224229192525951     
                    7  0.52217526816313453     
                    8  0.52210864454452277     
                    9  0.52204258044303542     
                   10  0.52197722566235571     
                   11  0.52191272088214535     
                   12  0.52184919809877228     
                   13  0.52178678105407228     
                   14  0.52172558564659977     
                   15  0.52166572032090763     
                   16  0.52160728643139320     
                   17  0.52155037857811848     
                   18  0.52149508491278684     
                   19  0.52144148741374452     
                   20  0.52138966212945981     
                   21  0.52133967939046444     
                   22  0.52129160399017938     
                   23  0.52124549533544551     
                   24  0.52120140756791178     
                   25  0.52115938965772723     
                   26  0.52111948547123288     
                   27  0.52108173381456535     
                   28  0.52104616845527429     
                   29  0.52101281812420774     
                   30  0.52098170650006825     
                   31  0.52095285217914777     
                   32  0.52092626863285163     
                   33  0.52090196415570011     
                   34  0.52087994180655484     
                   35  0.52086019934586303     
                   36  0.52084272917173324     
                   37  0.52082751825766649     
                   38  0.52081454809474570     
                   39  0.52080379464105531     
                   40  0.52079522828103975     
                   41  0.52078881379742992     
                   42  0.52078451035825302     
                   43  0.52078227152131007     
                   44  0.52078204525834060     
                   45  0.52078377400090725     
                   46  0.52078739470981539     
                   47  0.52079283896963713     
                   48  0.52080003310965028     
                   49  0.52080889835219901     
                   50  0.52081935098918519     
                   51  0.52083130258706167     
                   52  0.52084466022036180     
                   53  0.52085932673344548     
                   54  0.52087520102979035     
                   55  0.52089217838779867     
                   56  0.52091015080174730     
                   57  0.52092900734616876     
                   58  0.52094863456163598     
                   59  0.52096891685962676     
                   60  0.52098973694388551     
                   61  0.52101097624545589     
                   62  0.52103251536837691     
                   63  0.52105423454287225     
                   64  0.52107601408276050     
                   65  0.52109773484375144     
                   66  0.52111927867927377     
                   67  0.52114052889052698     
                   68  0.52116137066750945     
                   69  0.52118169151792404     
                   70  0.52120138168101415     
                   71  0.52122033452359962     
                   72  0.52123844691582399     
                   73  0.52125561958439903     
                   74  0.52127175744143650     
                   75  0.52128676988727496     
                   76  0.52130057108605088     
                   77  0.52131308021311085     
                   78  0.52132422167370973     
                   79  0.52133392529279754     
                   80  0.52134212647603717     
                   81  0.52134876634254035     
                   82  0.52135379183011998     
                   83  0.52135715577417119     
                   84  0.52135881696157227     
                   85  0.52135874016125572     
                   86  0.52135689613333924     
                   87  0.52135326161890883     
                   88  0.52134781931272767     
                   89  0.52134055782129562     
                   90  0.52133147160880222     
                   91  0.52132056093361068     
                   92  0.52130783177797113     
                   93  0.52129329577369166     
                   94  0.52127697012650775     
                   95  0.52125887754185674     
                   96  0.52123904615472572     
                   97  0.52121750946615253     
                   98  0.52119430628886287     
                   99  0.52116948070439550     
                  100  0.52114308203390980     
                  101  0.52111516482468945     
                  102  0.52108578885414980     
                  103  0.52105501915291774     
                  104  0.52102292604829092     
                  105  0.52098958522909400     
                  106  0.52095507783261374     
                  107  0.52091949055395104     
                  108  0.52088291577772061     
                  109  0.52084545173159547     
                  110  0.52080720266071734     
                  111  0.52076827902146172     
                  112  0.52072879769246783     
                  113  0.52068888220020504     
                  114  0.52064866295564782     
                  115  0.52060827749786265     
                  116  0.52056787073948130     
                  117  0.52052759520811798     
                  118  0.52048761127681098     
                  119  0.52044808737551096     
                  120  0.52040920017451298     
                  121  0.52037113472953522     
                  122  0.52033408457692010     
                  123  0.52029825176613487     
                  124  0.52026384681548599     
                  125  0.52023108857567424     
                  126  0.52020020398461986     
                  127  0.52017142769588598     
                  128  0.52014500156209464     
                  129  0.52012117395405211     
                  130  0.52010019889593684     
                  131  0.52008233499696654     
                  132  0.52006784416056318     
                  133  0.52005699005327022     
                  134  0.52005003631768931     
                  135  0.52004724451659168     
                  136  0.52004887179927495     
                  137  0.52005516828622911     
                  138  0.52006637417438095     
                  139  0.52008271657260086     
                  140  0.52010440608581754     
                  141  0.52013163317589373     
                  142  0.52016456433825553     
                  143  0.52020333814491559     
                  144  0.52024806121663525     
                  145  0.52029880419916219     
                  146  0.52035559783018559     
                  147  0.52041842919428827     
                  148  0.52048723827206622     
                  149  0.52056191489596793     
                  150  0.52064229622858860     
                  151  0.52072816487842355     
                  152  0.52081924776285338     
                  153  0.52091521581799416     
                  154  0.52101568463976156     
                  155  0.52112021612015502     
                  156  0.52122832111772810     
                  157  0.52133946317216273     
                  158  0.52145306324085539     
                  159  0.52156850540173361     
                  160  0.52168514343269745     
                  161  0.52180230814579742     
                  162  0.52191931532520852     
                  163  0.52203547409384110     
                  164  0.52215009551545599     
                  165  0.52226250122846973     
                  166  0.52237203190492920     
                  167  0.52247805533359060     
                  168  0.52257997393937050     
                  169  0.52267723157192825     
                  170  0.52276931942260196     
                  171  0.52285578095996288     
                  172  0.52293621580816352     
                  173  0.52301028252736192     
                  174  0.52307770029007827     
                  175  0.52313824947987397     
                  176  0.52319177126792116     
                  177  0.52323816624786923     
                  178  0.52327739222920566     
                  179  0.52330946130375389     
                  180  0.52333443630899623     
                  181  0.52335242681579475     
                  182  0.52336358476731359     
                  183  0.52336809989110888     
                  184  0.52336619499820736     
                  185  0.52335812127231685     
                  186  0.52334415363986175     
                  187  0.52332458629805534     
                  188  0.52329972846434991     
                  189  0.52326990039691268     
                  190  0.52323542972270087     
                  191  0.52319664809761590     
                  192  0.52315388821231679     
                  193  0.52310748114775940     
                  194  0.52305775407642208     
                  195  0.52300502829851869     
                  196  0.52294961759720682     
                  197  0.52289182689279678     
                  198  0.52283195117312831     
                  199  0.52277027467546777     
                  200  0.52270707029435892     
