                    0  0.52356600572304834     
                    1  0.52359140682381200     
                    2  0.52361412296915544     
                    3  0.52363415452242734     
                    4  0.52365150622585310     
                    5  0.52366618703622325     
                    6  0.52367820995574987     
                    7  0.52368759185929392     
                    8  0.52369435331907377     
                    9  0.52369851842786896     
                   10  0.52370011462164323     
                   11  0.52369917250240505     
                   12  0.52369572566204425     
                   13  0.52368981050778196     
                   14  0.52368146608979560     
                   15  0.52367073393148678     
                   16  0.52365765786280127     
                   17  0.52364228385692657     
                   18  0.52362465987063556     
                   19  0.52360483568848981     
                   20  0.52358286277106114     
                   21  0.52355879410729123     
                   22  0.52353268407106690     
                   23  0.52350458828206159     
                   24  0.52347456347086452     
                   25  0.52344266734839684     
                   26  0.52340895847960556     
                   27  0.52337349616140483     
                   28  0.52333634030483145     
                   29  0.52329755132138189     
                   30  0.52325719001348292     
                   31  0.52321531746906336     
                   32  0.52317199496019118     
                   33  0.52312728384573892     
                   34  0.52308124547805901     
                   35  0.52303394111364121     
                   36  0.52298543182774315     
                   37  0.52293577843298178     
                   38  0.52288504140188841     
                   39  0.52283328079342295     
                   40  0.52278055618346198     
                   41  0.52272692659926545     
                   42  0.52267245045793831     
                   43  0.52261718550889946     
                   44  0.52256118878037250     
                   45  0.52250451652991126     
                   46  0.52244722419896950     
                   47  0.52238936637152156     
                   48  0.52233099673673578     
                   49  0.52227216805569687     
                   50  0.52221293213216280     
                   51  0.52215333978734069     
                   52  0.52209344083865405     
                   53  0.52203328408246197     
                   54  0.52197291728068651     
                   55  0.52191238715129218     
                   56  0.52185173936255225     
                   57  0.52179101853102527     
                   58  0.52173026822315682     
                   59  0.52166953096041002     
                   60  0.52160884822782372     
                   61  0.52154826048588021     
                   62  0.52148780718556342     
                   63  0.52142752678647930     
                   64  0.52136745677789498     
                   65  0.52130763370256117     
                   66  0.52124809318316367     
                   67  0.52118886995124958     
                   68  0.52112999787847092     
                   69  0.52107151000998297     
                   70  0.52101343859983151     
                   71  0.52095581514815992     
                   72  0.52089867044007143     
                   73  0.52084203458596989     
                   74  0.52078593706321452     
                   75  0.52073040675891269     
                   76  0.52067547201368591     
                   77  0.52062116066623454     
                   78  0.52056750009853570     
                   79  0.52051451728150699     
                   80  0.52046223882096931     
                   81  0.52041069100374571     
                   82  0.52035989984373099     
                   83  0.52030989112777315     
                   84  0.52026069046120482     
                   85  0.52021232331286416     
                   86  0.52016481505944590     
                   87  0.52011819102902634     
                   88  0.52007247654359900     
                   89  0.52002769696046458     
                   90  0.51998387771231092     
                   91  0.51994104434582333     
                   92  0.51989922255865650     
                   93  0.51985843823460520     
                   94  0.51981871747679720     
                   95  0.51978008663873609     
                   96  0.51974257235301424     
                   97  0.51970620155750902     
                   98  0.51967100151887524     
                   99  0.51963699985313294     
                  100  0.51960422454315247     
                  101  0.51957270395282229     
                  102  0.51954246683768901     
                  103  0.51951354235183911     
                  104  0.51948596005079695     
                  105  0.51945974989020127     
                  106  0.51943494222001263     
                  107  0.51941156777400577     
                  108  0.51938965765428891     
                  109  0.51936924331059042     
                  110  0.51935035651405093     
                  111  0.51933302932525605     
                  112  0.51931729405624105     
                  113  0.51930318322620905     
                  114  0.51929072951070032     
                  115  0.51927996568396051     
                  116  0.51927092455426915     
                  117  0.51926363889199278     
                  118  0.51925814135015724     
                  119  0.51925446437734413     
                  120  0.51925264012274730     
                  121  0.51925270033325588     
                  122  0.51925467624246180     
                  123  0.51925859845153788     
                  124  0.51926449680197295     
                  125  0.51927240024020860     
                  126  0.51928233667427715     
                  127  0.51929433282261139     
                  128  0.51930841405526296     
                  129  0.51932460422784998     
                  130  0.51934292550863337     
                  131  0.51936339819921762     
                  132  0.51938604054946425     
                  133  0.51941086856730356     
                  134  0.51943789582424260     
                  135  0.51946713325746552     
                  136  0.51949858896954060     
                  137  0.51953226802684960     
                  138  0.51956817225797203     
                  139  0.51960630005335984     
                  140  0.51964664616773881     
                  141  0.51968920152677511     
                  142  0.51973395303962633     
                  143  0.51978088341908013     
                  144  0.51982997101104456     
                  145  0.51988118963520580     
                  146  0.51993450843869993     
                  147  0.51998989176466437     
                  148  0.52004729903751679     
                  149  0.52010668466679155     
                  150  0.52016799797129532     
                  151  0.52023118312527183     
                  152  0.52029617912815440     
                  153  0.52036291979934945     
                  154  0.52043133379933293     
                  155  0.52050134467815556     
                  156  0.52057287095224147     
                  157  0.52064582621011857     
                  158  0.52072011924748085     
                  159  0.52079565423169016     
                  160  0.52087233089554885     
                  161  0.52095004475986817     
                  162  0.52102868738406027     
                  163  0.52110814664366667     
                  164  0.52118830703344432     
                  165  0.52126904999432844     
                  166  0.52135025426231962     
                  167  0.52143179623707903     
                  168  0.52151355036778413     
                  169  0.52159538955358398     
                  170  0.52167718555582854     
                  171  0.52175880941909425     
                  172  0.52184013189794221     
                  173  0.52192102388627004     
                  174  0.52200135684611138     
                  175  0.52208100323275330     
                  176  0.52215983691310308     
                  177  0.52223773357434522     
                  178  0.52231457112006241     
                  179  0.52239023005117291     
                  180  0.52246459382924093     
                  181  0.52253754921994355     
                  182  0.52260898661474298     
                  183  0.52267880032906622     
                  184  0.52274688887559695     
                  185  0.52281315521156069     
                  186  0.52287750695918178     
                  187  0.52293985659878295     
                  188  0.52300012163428122     
                  189  0.52305822473109864     
                  190  0.52311409382677621     
                  191  0.52316766221480326     
                  192  0.52321886860241085     
                  193  0.52326765714325185     
                  194  0.52331397744608188     
                  195  0.52335778456068538     
                  196  0.52339903894242423     
                  197  0.52343770639686782     
                  198  0.52347375800604778     
                  199  0.52350717003791170     
                  200  0.52353792384058528     
