                    0  0.39992317305471675     
                    1  0.40040169856035007     
                    2  0.40095588121399012     
                    3  0.40160294062459123     
                    4  0.40236784240351547     
                    5  0.40328679530104600     
                    6  0.40441195687094222     
                    7  0.40581739202150513     
                    8  0.40760584846123843     
                    9  0.40991484326736183     
                   10  0.41291860962284865     
                   11  0.41681974592082477     
                   12  0.42182240666314391     
                   13  0.42808140239967057     
                   14  0.43563343178561459     
                   15  0.44433663256594402     
                   16  0.45385741865498291     
                   17  0.46372809657588637     
                   18  0.47345683081681572     
                   19  0.48263795205789267     
                   20  0.49101595817574156     
                   21  0.49849106393905501     
                   22  0.50508470298744379     
                   23  0.51089187149453519     
                   24  0.51603920170883988     
                   25  0.52065609393867696     
                   26  0.52485851126119332     
                   27  0.52874202271650195     
                   28  0.53238053286431686     
                   29  0.53582805715796211     
                   30  0.53912190170738084     
                   31  0.54228633175451202     
                   32  0.54533623636347217     
                   33  0.54828050091356517     
                   34  0.55112488361259049     
                   35  0.55387423698841387     
                   36  0.55653396788934739     
                   37  0.55911070488975156     
                   38  0.56161222964643309     
                   39  0.56404680630733850     
                   40  0.56642209129255994     
                   41  0.56874381877602831     
                   42  0.57101444420961456     
                   43  0.57323190721964912     
                   44  0.57538866234056851     
                   45  0.57747112599650541     
                   46  0.57945968976298790     
                   47  0.58132943031363005     
                   48  0.58305158303875770     
                   49  0.58459573262243547     
                   50  0.58593252984407951     
                   51  0.58703661255344752     
                   52  0.58788933766179330     
                   53  0.58848094778017013     
                   54  0.58881189391910216     
                   55  0.58889317759631266     
                   56  0.58874571558064126     
                   57  0.58839883568537144     
                   58  0.58788807545533339     
                   59  0.58725249244216915     
                   60  0.58653172797708453     
                   61  0.58576310919489594     
                   62  0.58497911754091536     
                   63  0.58420556367413590     
                   64  0.58346074690746985     
                   65  0.58275571804815829     
                   66  0.58209552739321146     
                   67  0.58148109382545177     
                   68  0.58091116934603604     
                   69  0.58038386674527254     
                   70  0.57989737779424533     
                   71  0.57944978228500010     
                   72  0.57903814437627432     
                   73  0.57865732428853167     
                   74  0.57829904563130108     
                   75  0.57795174465289934     
                   76  0.57760163425879196     
                   77  0.57723535026670858     
                   78  0.57684469852322628     
                   79  0.57643471285015691     
                   80  0.57603805192244228     
                   81  0.57574279061171185     
                   82  0.57574860824204577     
                   83  0.57647900691167564     
                   84  0.57878368035595940     
                   85  0.58420332706544831     
                   86  0.59497644368794400     
                   87  0.61299984032937826     
                   88  0.63761887091156144     
                   89  0.66468251162477654     
                   90  0.68896281368121837     
                   91  0.70732251727534357     
                   92  0.71942017360386956     
                   93  0.72649985711878795     
                   94  0.73013109684832089     
                   95  0.73160586768202718     
                   96  0.73181510550635520     
                   97  0.73131515387482149     
                   98  0.73042836713011605     
                   99  0.72932446090249892     
                  100  0.72807251330255740     
                  101  0.72666580124664082     
                  102  0.72502216784196749     
                  103  0.72295940531835923     
                  104  0.72014185925149488     
                  105  0.71599639383916103     
                  106  0.70961730948971269     
                  107  0.69975053736898840     
                  108  0.68508403299138843     
                  109  0.66512544622772052     
                  110  0.64143390915586018     
                  111  0.61780531999024724     
                  112  0.59821901182583603     
                  113  0.58434594756627312     
                  114  0.57538883681867059     
                  115  0.56964140113972705     
                  116  0.56565569104854796     
                  117  0.56251988719158730     
                  118  0.55973544850592738     
                  119  0.55704902280113300     
                  120  0.55433709667230224     
                  121  0.55154098381724326     
                  122  0.54863316609300838     
                  123  0.54560073231594775     
                  124  0.54243770817781722     
                  125  0.53914195837149925     
                  126  0.53571443257082363     
                  127  0.53215956043811152     
                  128  0.52848608719818813     
                  129  0.52470787282304354     
                  130  0.52084431177781831     
                  131  0.51692014560022936     
                  132  0.51296456874124985     
                  133  0.50900966930152047     
                  134  0.50508838091294272     
                  135  0.50123222182664440     
                  136  0.49746913776456886     
                  137  0.49382173638561616     
                  138  0.49030611359597820     
                  139  0.48693135305131108     
                  140  0.48369966463821723     
                  141  0.48060704382112790     
                  142  0.47764429419693361     
                  143  0.47479825605138842     
                  144  0.47205310876396311     
                  145  0.46939164728655580     
                  146  0.46679646075301484     
                  147  0.46425096071515759     
                  148  0.46174021996296100     
                  149  0.45925159513068370     
                  150  0.45677512083061156     
                  151  0.45430368040203889     
                  152  0.45183297627947766     
                  153  0.44936133801124462     
                  154  0.44688941514665698     
                  155  0.44441980425112820     
                  156  0.44195665477882862     
                  157  0.43950528938680128     
                  158  0.43707186301078826     
                  159  0.43466307391317383     
                  160  0.43228593053382286     
                  161  0.42994757108245790     
                  162  0.42765512847569037     
                  163  0.42541563107245056     
                  164  0.42323592913981695     
                  165  0.42112263752854723     
                  166  0.41908208620219345     
                  167  0.41712027173814265     
                  168  0.41524280453164480     
                  169  0.41345484811659844     
                  170  0.41176104876372799     
                  171  0.41016545534377796     
                  172  0.40867143135198680     
                  173  0.40728156293775525     
                  174  0.40599756866291126     
                  175  0.40482021834444787     
                  176  0.40374926948353279     
                  177  0.40278343017449686     
                  178  0.40192035678439542     
                  179  0.40115669294938150     
                  180  0.40048815356426443     
                  181  0.39990965366818437     
                  182  0.39941547788108661     
                  183  0.39899948190309237     
                  184  0.39865531417860617     
                  185  0.39837664369005349     
                  186  0.39815737931716283     
                  187  0.39799186733284103     
                  188  0.39787505618304114     
                  189  0.39780262128368904     
                  190  0.39777104663921869     
                  191  0.39777766415769400     
                  192  0.39782065526179955     
                  193  0.39789902263115928     
                  194  0.39801254273613046     
                  195  0.39816171251448002     
                  196  0.39834770655074636     
                  197  0.39857236504634658     
                  198  0.39883823847309402     
                  199  0.39914872302099363     
                  200  0.39950833294199267     
