                    0  0.51094290375645912     
                    1  0.51072338089327229     
                    2  0.51053565677208845     
                    3  0.51038278599816300     
                    4  0.51026778757897484     
                    5  0.51019367785564951     
                    6  0.51016349736044009     
                    7  0.51018032711745320     
                    8  0.51024728996000979     
                    9  0.51036753263303214     
                   10  0.51054418483762942     
                   11  0.51078029204269437     
                   12  0.51107871994150034     
                   13  0.51144202998069832     
                   14  0.51187232752116307     
                   15  0.51237108692874855     
                   16  0.51293896115482873     
                   17  0.51357558691868865     
                   18  0.51427940003855410     
                   19  0.51504747820179431     
                   20  0.51587542983981316     
                   21  0.51675734711806065     
                   22  0.51768583789095690     
                   23  0.51865214569774665     
                   24  0.51964635888683608     
                   25  0.52065770068985695     
                   26  0.52167488288221964     
                   27  0.52268649808681522     
                   28  0.52368142114194693     
                   29  0.52464918909167302     
                   30  0.52558033237505952     
                   31  0.52646663606263555     
                   32  0.52730131832567406     
                   33  0.52807912228387832     
                   34  0.52879632559502843     
                   35  0.52945067860417316     
                   36  0.53004128601733225     
                   37  0.53056844884212973     
                   38  0.53103348305831699     
                   39  0.53143852968044492     
                   40  0.53178636815765479     
                   41  0.53208024197625292     
                   42  0.53232370232298509     
                   43  0.53252047301835548     
                   44  0.53267433779023299     
                   45  0.53278904936929650     
                   46  0.53286825881537880     
                   47  0.53291546285046376     
                   48  0.53293396668560555     
                   49  0.53292685979144006     
                   50  0.53289700219200786     
                   51  0.53284701909166299     
                   52  0.53277930192364675     
                   53  0.53269601420024659     
                   54  0.53259910082471784     
                   55  0.53249029978040308     
                   56  0.53237115533599910     
                   57  0.53224303209580603     
                   58  0.53210712938125826     
                   59  0.53196449555810255     
                   60  0.53181604202605270     
                   61  0.53166255666867346     
                   62  0.53150471662446386     
                   63  0.53134310028908716     
                   64  0.53117819849637415     
                   65  0.53101042485457861     
                   66  0.53084012523632451     
                   67  0.53066758643733036     
                   68  0.53049304403146891     
                   69  0.53031668945895716     
                   70  0.53013867639112411     
                   71  0.52995912641975607     
                   72  0.52977813412189834     
                   73  0.52959577155243531     
                   74  0.52941209221704433     
                   75  0.52922713457738935     
                   76  0.52904092513886070     
                   77  0.52885348116890651     
                   78  0.52866481309117119     
                   79  0.52847492659735729     
                   80  0.52828382451508649     
                   81  0.52809150846611697     
                   82  0.52789798034518587     
                   83  0.52770324364556331     
                   84  0.52750730465319995     
                   85  0.52731017352719145     
                   86  0.52711186528025222     
                   87  0.52691240066903411     
                   88  0.52671180700052267     
                   89  0.52651011885744170     
                   90  0.52630737874267808     
                   91  0.52610363764021661     
                   92  0.52589895548806131     
                   93  0.52569340155708255     
                   94  0.52548705472877877     
                   95  0.52528000366453309     
                   96  0.52507234685913151     
                   97  0.52486419257205552     
                   98  0.52465565863136032     
                   99  0.52444687210674223     
                  100  0.52423796885063445     
                  101  0.52402909290877109     
                  102  0.52382039580452544     
                  103  0.52361203570437043     
                  104  0.52340417647489779     
                  105  0.52319698664486292     
                  106  0.52299063828857462     
                  107  0.52278530584950056     
                  108  0.52258116492511808     
                  109  0.52237839103570816     
                  110  0.52217715840088341     
                  111  0.52197763874813008     
                  112  0.52178000017745374     
                  113  0.52158440610539747     
                  114  0.52139101431020418     
                  115  0.52119997609781588     
                  116  0.52101143560577701     
                  117  0.52082552925901560     
                  118  0.52064238538805840     
                  119  0.52046212401653591     
                  120  0.52028485682105818     
                  121  0.52011068726273801     
                  122  0.51993971088597613     
                  123  0.51977201577669296     
                  124  0.51960768316909023     
                  125  0.51944678818734491     
                  126  0.51928940070641183     
                  127  0.51913558631439627     
                  128  0.51898540735773668     
                  129  0.51883892404969056     
                  130  0.51869619562231550     
                  131  0.51855728150216651     
                  132  0.51842224249024027     
                  133  0.51829114192713199     
                  134  0.51816404682483419     
                  135  0.51804102894694626     
                  136  0.51792216581914163     
                  137  0.51780754165142862     
                  138  0.51769724815290863     
                  139  0.51759138521826209     
                  140  0.51749006146300258     
                  141  0.51739339458155587     
                  142  0.51730151149841663     
                  143  0.51721454827802948     
                  144  0.51713264975368567     
                  145  0.51705596882975247     
                  146  0.51698466540513888     
                  147  0.51691890485933278     
                  148  0.51685885603595105     
                  149  0.51680468865302620     
                  150  0.51675657006473064     
                  151  0.51671466129662635     
                  152  0.51667911227662977     
                  153  0.51665005618758109     
                  154  0.51662760287567455     
                  155  0.51661183126308996     
                  156  0.51660278073412824     
                  157  0.51660044149309792     
                  158  0.51660474393009548     
                  159  0.51661554707850421     
                  160  0.51663262630586515     
                  161  0.51665566044775746     
                  162  0.51668421867165293     
                  163  0.51671774744284893     
                  164  0.51675555805491380     
                  165  0.51679681527888510     
                  166  0.51684052777380229     
                  167  0.51688554097986628     
                  168  0.51693053327737448     
                  169  0.51697401623140371     
                  170  0.51701433974540989     
                  171  0.51704970290777108     
                  172  0.51707817122580291     
                  173  0.51709770079515283     
                  174  0.51710616974418677     
                  175  0.51710141702142542     
                  176  0.51708128826163946     
                  177  0.51704368808007661     
                  178  0.51698663771738551     
                  179  0.51690833650951817     
                  180  0.51680722521358979     
                  181  0.51668204881561730     
                  182  0.51653191611852867     
                  183  0.51635635320206552     
                  184  0.51615534780368066     
                  185  0.51592938182975645     
                  186  0.51567944959626832     
                  187  0.51540706002527359     
                  188  0.51511422187078271     
                  189  0.51480341206757707     
                  190  0.51447752841286920     
                  191  0.51413982890293253     
                  192  0.51379386104153901     
                  193  0.51344338520326849     
                  194  0.51309229658082178     
                  195  0.51274455031435284     
                  196  0.51240409407992404     
                  197  0.51207481173769875     
                  198  0.51176048068312707     
                  199  0.51146474440822776     
                  200  0.51119110057728001     
