                    0  0.50037536895912882     
                    1  0.50017221882419527     
                    2  0.49997842994775604     
                    3  0.49979703195710590     
                    4  0.49963179329577129     
                    5  0.49948735823126905     
                    6  0.49936940176097305     
                    7  0.49928480097118833     
                    8  0.49924181846140109     
                    9  0.49925028886269762     
                   10  0.49932179273692789     
                   11  0.49946979276665587     
                   12  0.49970969492100298     
                   13  0.50005878264041104     
                   14  0.50053595669519468     
                   15  0.50116120091671490     
                   16  0.50195469088425393     
                   17  0.50293547816085860     
                   18  0.50411972763338664     
                   19  0.50551856840107190     
                   20  0.50713573871012951     
                   21  0.50896534433931961     
                   22  0.51099016685149568     
                   23  0.51318099585738652     
                   24  0.51549736540086055     
                   25  0.51788983364803576     
                   26  0.52030360487089233     
                   27  0.52268295916437302     
                   28  0.52497575019800935     
                   29  0.52713723197134865     
                   30  0.52913267510808371     
                   31  0.53093854743962920     
                   32  0.53254234789148103     
                   33  0.53394140619329777     
                   34  0.53514105685932212     
                   35  0.53615257875999700     
                   36  0.53699120423188340     
                   37  0.53767438996836781     
                   38  0.53822043932626618     
                   39  0.53864748891974479     
                   40  0.53897282473179109     
                   41  0.53921246995593530     
                   42  0.53938098107418919     
                   43  0.53949139324260997     
                   44  0.53955526548442045     
                   45  0.53958278693367723     
                   46  0.53958291543321324     
                   47  0.53956352826134824     
                   48  0.53953157140387553     
                   49  0.53949319871940404     
                   50  0.53945389584056047     
                   51  0.53941858602287873     
                   52  0.53939171668935404     
                   53  0.53937732637004832     
                   54  0.53937909230293146     
                   55  0.53940035930054142     
                   56  0.53944415071627028     
                   57  0.53951316255346582     
                   58  0.53960974201422240     
                   59  0.53973585212464037     
                   60  0.53989302451924903     
                   61  0.54008230301573468     
                   62  0.54030418123319290     
                   63  0.54055853814724664     
                   64  0.54084457605237657     
                   65  0.54116076581415318     
                   66  0.54150480443042071     
                   67  0.54187358967625188     
                   68  0.54226321590543614     
                   69  0.54266899389414247     
                   70  0.54308549598214151     
                   71  0.54350662581539411     
                   72  0.54392570992028466     
                   73  0.54433560640252343     
                   74  0.54472882454670990     
                   75  0.54509764826176688     
                   76  0.54543425637521281     
                   77  0.54573083382490439     
                   78  0.54597966980152146     
                   79  0.54617324169441517     
                   80  0.54630428699811129     
                   81  0.54636586875621795     
                   82  0.54635144319259943     
                   83  0.54625494040736167     
                   84  0.54607086989271536     
                   85  0.54579446167726831     
                   86  0.54542185074509419     
                   87  0.54495030676831380     
                   88  0.54437850319032521     
                   89  0.54370680978734698     
                   90  0.54293758209363530     
                   91  0.54207541124829861     
                   92  0.54112729123894310     
                   93  0.54010265972947513     
                   94  0.53901327577082792     
                   95  0.53787291350510424     
                   96  0.53669687421454981     
                   97  0.53550134610893263     
                   98  0.53430266662908099     
                   99  0.53311655985077677     
                  100  0.53195742725004180     
                  101  0.53083776202780653     
                  102  0.52976773733686067     
                  103  0.52875499196592612     
                  104  0.52780460945306706     
                  105  0.52691926373700482     
                  106  0.52609948977973464     
                  107  0.52534403202986069     
                  108  0.52465022590205379     
                  109  0.52401437512092197     
                  110  0.52343209802449053     
                  111  0.52289862638046158     
                  112  0.52240904935354182     
                  113  0.52195850219710538     
                  114  0.52154230388888179     
                  115  0.52115605055345060     
                  116  0.52079567256711468     
                  117  0.52045746320814334     
                  118  0.52013808602376577     
                  119  0.51983456706424080     
                  120  0.51954427701300787     
                  121  0.51926490716297735     
                  122  0.51899444222942237     
                  123  0.51873113218109734     
                  124  0.51847346461606858     
                  125  0.51822013869429973     
                  126  0.51797004124504442     
                  127  0.51772222537149737     
                  128  0.51747589165725816     
                  129  0.51723037192106880     
                  130  0.51698511535364133     
                  131  0.51673967679209054     
                  132  0.51649370683556128     
                  133  0.51624694347449696     
                  134  0.51599920489206696     
                  135  0.51575038309723942     
                  136  0.51550043806347767     
                  137  0.51524939207396325     
                  138  0.51499732401262122     
                  139  0.51474436338871299     
                  140  0.51449068393966646     
                  141  0.51423649671983362     
                  142  0.51398204264925318     
                  143  0.51372758456299572     
                  144  0.51347339886487808     
                  145  0.51321976694570637     
                  146  0.51296696657250207     
                  147  0.51271526348853869     
                  148  0.51246490348237395     
                  149  0.51221610518616334     
                  150  0.51196905384917646     
                  151  0.51172389630248838     
                  152  0.51148073728714949     
                  153  0.51123963726361688     
                  154  0.51100061175834099     
                  155  0.51076363223820265     
                  156  0.51052862843907998     
                  157  0.51029549201521496     
                  158  0.51006408132470837     
                  159  0.50983422712619941     
                  160  0.50960573893438266     
                  161  0.50937841176832821     
                  162  0.50915203302636458     
                  163  0.50892638923343958     
                  164  0.50870127242948548     
                  165  0.50847648599797879     
                  166  0.50825184976992943     
                  167  0.50802720427728476     
                  168  0.50780241406875992     
                  169  0.50757737003840142     
                  170  0.50735199075125614     
                  171  0.50712622278050057     
                  172  0.50690004009595879     
                  173  0.50667344256533620     
                  174  0.50644645364731999     
                  175  0.50621911737085801     
                  176  0.50599149470843274     
                  177  0.50576365946399426     
                  178  0.50553569380929442     
                  179  0.50530768361626766     
                  180  0.50507971374820304     
                  181  0.50485186348869271     
                  182  0.50462420230445759     
                  183  0.50439678615550132     
                  184  0.50416965458290930     
                  185  0.50394282882014974     
                  186  0.50371631118725391     
                  187  0.50349008603830825     
                  188  0.50326412254131736     
                  189  0.50303837957631203     
                  190  0.50281281304401859     
                  191  0.50258738588572049     
                  192  0.50236208112831005     
                  193  0.50213691829096563     
                  194  0.50191197352611783     
                  195  0.50168740392251798     
                  196  0.50146347647749367     
                  197  0.50124060235345047     
                  198  0.50101937717354805     
                  199  0.50080062828384486     
                  200  0.50058547011037113     
