                    0  0.51554454114756088     
                    1  0.51583820409609060     
                    2  0.51615203895333628     
                    3  0.51648488454497099     
                    4  0.51683532945706367     
                    5  0.51720171709458662     
                    6  0.51758215754256609     
                    7  0.51797454635996631     
                    8  0.51837659010202741     
                    9  0.51878583801702949     
                   10  0.51919971902531004     
                   11  0.51961558279001208     
                   12  0.52003074345653300     
                   13  0.52044252449171391     
                   14  0.52084830300723983     
                   15  0.52124555200769807     
                   16  0.52163187915553855     
                   17  0.52200506087711729     
                   18  0.52236307092358469     
                   19  0.52270410282122814     
                   20  0.52302658597082652     
                   21  0.52332919545977119     
                   22  0.52361085591386680     
                   23  0.52387073992378241     
                   24  0.52410826172674918     
                   25  0.52432306690652086     
                   26  0.52451501889864316     
                   27  0.52468418306276410     
                   28  0.52483080902081969     
                   29  0.52495531187224653     
                   30  0.52505825279756169     
                   31  0.52514031946089701     
                   32  0.52520230652947941     
                   33  0.52524509655004503     
                   34  0.52526964136243859     
                   35  0.52527694419016258     
                   36  0.52526804252501458     
                   37  0.52524399191497773     
                   38  0.52520585076671789     
                   39  0.52515466628132978     
                   40  0.52509146164937814     
                   41  0.52501722463446199     
                   42  0.52493289767027018     
                   43  0.52483936958261024     
                   44  0.52473746902489349     
                   45  0.52462795968424847     
                   46  0.52451153727821054     
                   47  0.52438882832202405     
                   48  0.52426039060767060     
                   49  0.52412671530140043     
                   50  0.52398823053996990     
                   51  0.52384530638940818     
                   52  0.52369826102543027     
                   53  0.52354736800208956     
                   54  0.52339286449442901     
                   55  0.52323496043051132     
                   56  0.52307384846635163     
                   57  0.52290971480163795     
                   58  0.52274275088207012     
                   59  0.52257316608291382     
                   60  0.52240120151496838     
                   61  0.52222714513537960     
                   62  0.52205134837782996     
                   63  0.52187424453516329     
                   64  0.52169636912667450     
                   65  0.52151838245479987     
                   66  0.52134109449218891     
                   67  0.52116549212797503     
                   68  0.52099276862637378     
                   69  0.52082435489360368     
                   70  0.52066195179038377     
                   71  0.52050756224638173     
                   72  0.52036352131224850     
                   73  0.52023252151499200     
                   74  0.52011762997094768     
                   75  0.52002229269373812     
                   76  0.51995032049241241     
                   77  0.51990584992824207     
                   78  0.51989327220464010     
                   79  0.51991712290433256     
                   80  0.51998192653538367     
                   81  0.52009199230856207     
                   82  0.52025116179424069     
                   83  0.52046251525901444     
                   84  0.52072805135703559     
                   85  0.52104836370429652     
                   86  0.52142234630579032     
                   87  0.52184696586196411     
                   88  0.52231714040824828     
                   89  0.52282575860836622     
                   90  0.52336386145605907     
                   91  0.52392098899007655     
                   92  0.52448567172155314     
                   93  0.52504602421475244     
                   94  0.52559038155512905     
                   95  0.52610791224412545     
                   96  0.52658914512727462     
                   97  0.52702636225398070     
                   98  0.52741383062463187     
                   99  0.52774786885755176     
                  100  0.52802676529916770     
                  101  0.52825057871688219     
                  102  0.52842086005394562     
                  103  0.52854033418508839     
                  104  0.52861257583021293     
                  105  0.52864170592602922     
                  106  0.52863212588893238     
                  107  0.52858829890578840     
                  108  0.52851458061549683     
                  109  0.52841509667031106     
                  110  0.52829366164428815     
                  111  0.52815373228908191     
                  112  0.52799838782612207     
                  113  0.52783033041372351     
                  114  0.52765189980381400     
                  115  0.52746509725488988     
                  116  0.52727161482669116     
                  117  0.52707286714777379     
                  118  0.52687002357090462     
                  119  0.52666403929898264     
                  120  0.52645568458308090     
                  121  0.52624557148227946     
                  122  0.52603417795449914     
                  123  0.52582186924096164     
                  124  0.52560891663431974     
                  125  0.52539551379904903     
                  126  0.52518179085608385     
                  127  0.52496782646258311     
                  128  0.52475365812015395     
                  129  0.52453929093673535     
                  130  0.52432470505278994     
                  131  0.52410986192444153     
                  132  0.52389470963662566     
                  133  0.52367918739952879     
                  134  0.52346322936234224     
                  135  0.52324676786015278     
                  136  0.52302973619286819     
                  137  0.52281207101956984     
                  138  0.52259371443761049     
                  139  0.52237461580312960     
                  140  0.52215473333838958     
                  141  0.52193403556139717     
                  142  0.52171250256460933     
                  143  0.52149012716209087     
                  144  0.52126691591822349     
                  145  0.52104289006596216     
                  146  0.52081808631859294     
                  147  0.52059255757598455     
                  148  0.52036637352434567     
                  149  0.52013962112747147     
                  150  0.51991240500729741     
                  151  0.51968484771222823     
                  152  0.51945708987303030     
                  153  0.51922929024802111     
                  154  0.51900162566169472     
                  155  0.51877429084369042     
                  156  0.51854749817798718     
                  157  0.51832147737528156     
                  158  0.51809647508448931     
                  159  0.51787275446213465     
                  160  0.51765059472083996     
                  161  0.51743029068015201     
                  162  0.51721215234438045     
                  163  0.51699650453287360     
                  164  0.51678368658817553     
                  165  0.51657405218665953     
                  166  0.51636796927451512     
                  167  0.51616582014930246     
                  168  0.51596800170366275     
                  169  0.51577492584317763     
                  170  0.51558702008477675     
                  171  0.51540472833553475     
                  172  0.51522851184414153     
                  173  0.51505885030884535     
                  174  0.51489624311620519     
                  175  0.51474121067462975     
                  176  0.51459429579541993     
                  177  0.51445606506192476     
                  178  0.51432711011453935     
                  179  0.51420804876571302     
                  180  0.51409952584507013     
                  181  0.51400221366038923     
                  182  0.51391681194591077     
                  183  0.51384404715570597     
                  184  0.51378467094730496     
                  185  0.51373945769031026     
                  186  0.51370920082740845     
                  187  0.51369470791240746     
                  188  0.51369679415326031     
                  189  0.51371627429939304     
                  190  0.51375395273401803     
                  191  0.51381061166562425     
                  192  0.51388699736046828     
                  193  0.51398380442130731     
                  194  0.51410165819782938     
                  195  0.51424109551125730     
                  196  0.51440254398804486     
                  197  0.51458630042229925     
                  198  0.51479250871828330     
                  199  0.51502113809559436     
                  200  0.51527196236066419     
