                    0  0.55954058888956859     
                    1  0.55774359240874205     
                    2  0.55590586556491139     
                    3  0.55403339555224396     
                    4  0.55213187778126549     
                    5  0.55020675902370964     
                    6  0.54826325574328982     
                    7  0.54630635842508202     
                    8  0.54434082876203582     
                    9  0.54237119394550681     
                   10  0.54040174059261226     
                   11  0.53843650973103174     
                   12  0.53647929355406954     
                   13  0.53453363422284184     
                   14  0.53260282473876341     
                   15  0.53068991177721503     
                   16  0.52879770032089124     
                   17  0.52692875993047050     
                   18  0.52508543252153961     
                   19  0.52326984156692680     
                   20  0.52148390270385769     
                   21  0.51972933578972025     
                   22  0.51800767851492890     
                   23  0.51632030174404830     
                   24  0.51466842681573532     
                   25  0.51305314508756639     
                   26  0.51147544006328494     
                   27  0.50993621248736187     
                   28  0.50843630883467983     
                   29  0.50697655366061234     
                   30  0.50555778630630022     
                   31  0.50418090247085867     
                   32  0.50284690115839892     
                   33  0.50155693746995678     
                   34  0.50031238161860214     
                   35  0.49911488437086393     
                   36  0.49796644881810576     
                   37  0.49686950790254131     
                   38  0.49582700639341365     
                   39  0.49484248494374988     
                   40  0.49392016236124270     
                   41  0.49306501020508692     
                   42  0.49228281120863804     
                   43  0.49158018983142210     
                   44  0.49096459960728889     
                   45  0.49044424825301614     
                   46  0.49002793844793896     
                   47  0.48972480094244425     
                   48  0.48954389881875054     
                   49  0.48949368925565995     
                   50  0.48958134389298869     
                   51  0.48981195183277576     
                   52  0.49018765947589954     
                   53  0.49070683475704885     
                   54  0.49136337239998917     
                   55  0.49214627152711216     
                   56  0.49303960758447907     
                   57  0.49402298192020455     
                   58  0.49507246789963066     
                   59  0.49616199551459661     
                   60  0.49726504733756083     
                   61  0.49835649772526136     
                   62  0.49941442696562055     
                   63  0.50042178249109315     
                   64  0.50136782791308554     
                   65  0.50224939754482112     
                   66  0.50307203815594648     
                   67  0.50385115285690762     
                   68  0.50461324948679398     
                   69  0.50539732309578067     
                   70  0.50625625087372683     
                   71  0.50725782710366940     
                   72  0.50848470517614730     
                   73  0.51003208199897199     
                   74  0.51200161295564628     
                   75  0.51449012766691116     
                   76  0.51757273579679530     
                   77  0.52128223790663741     
                   78  0.52558998332394324     
                   79  0.53039573058513123     
                   80  0.53553321100117846     
                   81  0.54079287346697480     
                   82  0.54595590553299911     
                   83  0.55082865537591352     
                   84  0.55526720250403494     
                   85  0.55918711971954083     
                   86  0.56255964182552987     
                   87  0.56539923640998724     
                   88  0.56774815970643522     
                   89  0.56966210216061741     
                   90  0.57119901297632825     
                   91  0.57241160440497896     
                   92  0.57334314935465691     
                   93  0.57402587022744878     
                   94  0.57448122771499510     
                   95  0.57472154871708492     
                   96  0.57475255697399807     
                   97  0.57457643647435275     
                   98  0.57419506719669566     
                   99  0.57361305760339620     
                  100  0.57284020091997656     
                  101  0.57189303529785518     
                  102  0.57079530115731947     
                  103  0.56957724702500834     
                  104  0.56827390683464141     
                  105  0.56692262370261759     
                  106  0.56556020243797500     
                  107  0.56422012072040117     
                  108  0.56293020978825814     
                  109  0.56171112840050219     
                  110  0.56057580708844612     
                  111  0.55952985721601978     
                  112  0.55857276140933076     
                  113  0.55769953472595812     
                  114  0.55690250294613908     
                  115  0.55617289042233164     
                  116  0.55550201929273191     
                  117  0.55488205152739334     
                  118  0.55430631458844970     
                  119  0.55376931675397556     
                  120  0.55326657618834263     
                  121  0.55279437023083478     
                  122  0.55234947524887767     
                  123  0.55192892778713232     
                  124  0.55152980369833993     
                  125  0.55114898612002705     
                  126  0.55078287326974240     
                  127  0.55042695771151340     
                  128  0.55007518297604252     
                  129  0.54971894311998781     
                  130  0.54934552691322436     
                  131  0.54893571106741335     
                  132  0.54846006814941062     
                  133  0.54787337711257478     
                  134  0.54710634685910431     
                  135  0.54605382669410085     
                  136  0.54455916754095168     
                  137  0.54239630220884827     
                  138  0.53925609514447836     
                  139  0.53475359861229044     
                  140  0.52848713053830676     
                  141  0.52018534887448109     
                  142  0.50993957952794766     
                  143  0.49840587287363219     
                  144  0.48675363983037895     
                  145  0.47625306465767264     
                  146  0.46775250462686963     
                  147  0.46145181921602363     
                  148  0.45706250518459934     
                  149  0.45410832840509330     
                  150  0.45213947391481207     
                  151  0.45081530998528185     
                  152  0.44990705181568402     
                  153  0.44927204722808622     
                  154  0.44882593782321217     
                  155  0.44852102648754461     
                  156  0.44833145829897170     
                  157  0.44824361615056268     
                  158  0.44825002015418541     
                  159  0.44834545984045493     
                  160  0.44852455031790561     
                  161  0.44878025738333360     
                  162  0.44910317805096228     
                  163  0.44948151699706912     
                  164  0.44990179282082038     
                  165  0.45035036663011335     
                  166  0.45081593716330054     
                  167  0.45129322308189429     
                  168  0.45178818602412768     
                  169  0.45232535649125627     
                  170  0.45295808305996160     
                  171  0.45378269077207040     
                  172  0.45495719117888067     
                  173  0.45672337314555539     
                  174  0.45942605539115638     
                  175  0.46351300542971102     
                  176  0.46948496573421777     
                  177  0.47776098735147876     
                  178  0.48846009616232555     
                  179  0.50119119204587381     
                  180  0.51501862919253638     
                  181  0.52869915265031886     
                  182  0.54107704966394787     
                  183  0.55139877381690483     
                  184  0.55940131916034064     
                  185  0.56520807132408313     
                  186  0.56915345481013369     
                  187  0.57163252688057620     
                  188  0.57301029609104526     
                  189  0.57358392183131335     
                  190  0.57357762754371877     
                  191  0.57315271515755761     
                  192  0.57242186226488734     
                  193  0.57146253531322055     
                  194  0.57032773905732215     
                  195  0.56905395074401743     
                  196  0.56766669641618006     
                  197  0.56618434861422440     
                  198  0.56462065708053377     
                  199  0.56298640726637417     
                  200  0.56129049129036135     
