                    0  0.57771550300156982     
                    1  0.58038892060737268     
                    2  0.58442116839520009     
                    3  0.59045096229085581     
                    4  0.59925497874299738     
                    5  0.61148609998669157     
                    6  0.62718725542172948     
                    7  0.64537866956015744     
                    8  0.66419709973130581     
                    9  0.68163349721302480     
                   10  0.69629599167728784     
                   11  0.70767708489312164     
                   12  0.71594545207495963     
                   13  0.72157622627483153     
                   14  0.72504570376413091     
                   15  0.72664117748256829     
                   16  0.72634889849506057     
                   17  0.72378223740997394     
                   18  0.71816405270413552     
                   19  0.70847026717006356     
                   20  0.69392806955423314     
                   21  0.67492640730422959     
                   22  0.65375462845871779     
                   23  0.63399100747856929     
                   24  0.61847772344146212     
                   25  0.60789515683998940     
                   26  0.60124181513580821     
                   27  0.59708493079234137     
                   28  0.59429119333896796     
                   29  0.59215396134145282     
                   30  0.59028333809202771     
                   31  0.58847887185626080     
                   32  0.58664272082480506     
                   33  0.58473005072323514     
                   34  0.58272295285543907     
                   35  0.58061729925014627     
                   36  0.57841623473998449     
                   37  0.57612693489128974     
                   38  0.57375892855215249     
                   39  0.57132315977944426     
                   40  0.56883140124568954     
                   41  0.56629584183301984     
                   42  0.56372876940137251     
                   43  0.56114231409394488     
                   44  0.55854823676913423     
                   45  0.55595775500207179     
                   46  0.55338140204046415     
                   47  0.55082891509186982     
                   48  0.54830914967669842     
                   49  0.54583001704526302     
                   50  0.54339844201115151     
                   51  0.54102033901580882     
                   52  0.53870060475851644     
                   53  0.53644312622524926     
                   54  0.53425080335213460     
                   55  0.53212558580098435     
                   56  0.53006852336455668     
                   57  0.52807982934476427     
                   58  0.52615895587560157     
                   59  0.52430467964150196     
                   60  0.52251519584375528     
                   61  0.52078821768124950     
                   62  0.51912107813007990     
                   63  0.51751083051262170     
                   64  0.51595434430077647     
                   65  0.51444839282772326     
                   66  0.51298973007761262     
                   67  0.51157515443753809     
                   68  0.51020155815710977     
                   69  0.50886596217853053     
                   70  0.50756553688284456     
                   71  0.50629761006581675     
                   72  0.50505966405048230     
                   73  0.50384932422987538     
                   74  0.50266434150656603     
                   75  0.50150257107230756     
                   76  0.50036194978509796     
                   77  0.49924047409558314     
                   78  0.49813618009590310     
                   79  0.49704712685453700     
                   80  0.49597138379638411     
                   81  0.49490702251517460     
                   82  0.49385211308314270     
                   83  0.49280472466012210     
                   84  0.49176293000336951     
                   85  0.49072481333803986     
                   86  0.48968848096059037     
                   87  0.48865207390608612     
                   88  0.48761378200747940     
                   89  0.48657185870280728     
                   90  0.48552463599806589     
                   91  0.48447053906332654     
                   92  0.48340810002253037     
                   93  0.48233597058916877     
                   94  0.48125293329720020     
                   95  0.48015791117604922     
                   96  0.47904997581768921     
                   97  0.47792835388028293     
                   98  0.47679243216465961     
                   99  0.47564176148551601     
                  100  0.47447605963773221     
                  101  0.47329521382942413     
                  102  0.47209928301807552     
                  103  0.47088850064606508     
                  104  0.46966327832996513     
                  105  0.46842421111800470     
                  106  0.46717208499686197     
                  107  0.46590788740792849     
                  108  0.46463282163013037     
                  109  0.46334832600676834     
                  110  0.46205609914191936     
                  111  0.46075813236961360     
                  112  0.45945675100374989     
                  113  0.45815466609901717     
                  114  0.45685503867217298     
                  115  0.45556155851122548     
                  116  0.45427853977436672     
                  117  0.45301103545155891     
                  118  0.45176497227897872     
                  119  0.45054730664120246     
                  120  0.44936620006250860     
                  121  0.44823120967216268     
                  122  0.44715348402980748     
                  123  0.44614594736824076     
                  124  0.44522344517914281     
                  125  0.44440281098947582     
                  126  0.44370279878193708     
                  127  0.44314380986643009     
                  128  0.44274733141740341     
                  129  0.44253500355589398     
                  130  0.44252725271562915     
                  131  0.44274148178494149     
                  132  0.44318989881038373     
                  133  0.44387719093639355     
                  134  0.44479838448875031     
                  135  0.44593733012621289     
                  136  0.44726625754485483     
                  137  0.44874671571065433     
                  138  0.45033195554150879     
                  139  0.45197048651330263     
                  140  0.45361025425622797     
                  141  0.45520274574508346     
                  142  0.45670637928760616     
                  143  0.45808874789062531     
                  144  0.45932756981147443     
                  145  0.46041046193857416     
                  146  0.46133382397930806     
                  147  0.46210118554864127     
                  148  0.46272134389878355     
                  149  0.46320654464024824     
                  150  0.46357086765673633     
                  151  0.46382890048334025     
                  152  0.46399472358748711     
                  153  0.46408119806716702     
                  154  0.46409953223802014     
                  155  0.46405910308484838     
                  156  0.46396751516778567     
                  157  0.46383088792383126     
                  158  0.46365436866150628     
                  159  0.46344287115800292     
                  160  0.46320203899519574     
                  161  0.46293943086213041     
                  162  0.46266592532659140     
                  163  0.46239734788734244     
                  164  0.46215633363189951     
                  165  0.46197444929690346     
                  166  0.46189459509711983     
                  167  0.46197366318534472     
                  168  0.46228530397998724     
                  169  0.46292238583988821     
                  170  0.46399826731046029     
                  171  0.46564532036484069     
                  172  0.46800839181661269     
                  173  0.47123054283954507     
                  174  0.47542936979685280     
                  175  0.48066549604567926     
                  176  0.48691041698424598     
                  177  0.49402623444688232     
                  178  0.50177006027111559     
                  179  0.50982764556573978     
                  180  0.51786722541567809     
                  181  0.52559464989766358     
                  182  0.53279162625941656     
                  183  0.53932879474866879     
                  184  0.54515667829895664     
                  185  0.55028388744787970     
                  186  0.55475228521371656     
                  187  0.55861577379160843     
                  188  0.56192588707420499     
                  189  0.56472489223585942     
                  190  0.56704566861331285     
                  191  0.56891675370032158     
                  192  0.57037028837898873     
                  193  0.57145021351925507     
                  194  0.57221824955147538     
                  195  0.57275609312213893     
                  196  0.57316372525586623     
                  197  0.57355534262074981     
                  198  0.57405584628927342     
                  199  0.57480194567923482     
                  200  0.57595280366080137     
