                    0  0.47853384389393988     
                    1  0.47921056957744790     
                    2  0.47991404165177315     
                    3  0.48062892758583209     
                    4  0.48133828907390580     
                    5  0.48202439117467893     
                    6  0.48266957830263080     
                    7  0.48325712570044410     
                    8  0.48377198294955920     
                    9  0.48420134771021062     
                   10  0.48453503746942672     
                   11  0.48476565764787416     
                   12  0.48488858991767603     
                   13  0.48490184129782610     
                   14  0.48480580154366976     
                   15  0.48460295480892596     
                   16  0.48429758412988722     
                   17  0.48389549693060607     
                   18  0.48340378913117482     
                   19  0.48283065656611218     
                   20  0.48218525660655098     
                   21  0.48147762091106494     
                   22  0.48071862257954817     
                   23  0.47992000803382395     
                   24  0.47909451610563902     
                   25  0.47825612443384058     
                   26  0.47742048623922001     
                   27  0.47660564728634941     
                   28  0.47583315854148356     
                   29  0.47512971379657742     
                   30  0.47452942248663299     
                   31  0.47407674109584730     
                   32  0.47382988126567438     
                   33  0.47386413138876604     
                   34  0.47427394230545827     
                   35  0.47517192623533416     
                   36  0.47668247082418191     
                   37  0.47892830420658578     
                   38  0.48201130110364071     
                   39  0.48599508027838101     
                   40  0.49090590865438422     
                   41  0.49677690718767564     
                   42  0.50376291307305665     
                   43  0.51233795426429118     
                   44  0.52351685570479300     
                   45  0.53884196800658124     
                   46  0.55962944877266718     
                   47  0.58541382260827635     
                   48  0.61310448295322983     
                   49  0.63847119148757325     
                   50  0.65861912836437553     
                   51  0.67292643416494535     
                   52  0.68228291602952318     
                   53  0.68801472789732743     
                   54  0.69128443741753975     
                   55  0.69293023290757161     
                   56  0.69349847238316087     
                   57  0.69331743660228218     
                   58  0.69255650035035776     
                   59  0.69125559205350751     
                   60  0.68931901711583465     
                   61  0.68646697406742152     
                   62  0.68214085352861842     
                   63  0.67538573970951010     
                   64  0.66482682389140835     
                   65  0.64903637724458130     
                   66  0.62763395619419182     
                   67  0.60270754589230668     
                   68  0.57868617531842736     
                   69  0.55960392634876477     
                   70  0.54658373309336894     
                   71  0.53832641021034455     
                   72  0.53298535552658710     
                   73  0.52919210597659916     
                   74  0.52615780466843531     
                   75  0.52348088597422282     
                   76  0.52097149384742958     
                   77  0.51854626095650203     
                   78  0.51617438940157678     
                   79  0.51385251663494280     
                   80  0.51159450158276609     
                   81  0.50942912320233136     
                   82  0.50740260776584356     
                   83  0.50558485776676299     
                   84  0.50407890028806823     
                   85  0.50303235097845722     
                   86  0.50264679556205782     
                   87  0.50317491341381704     
                   88  0.50488733706433375     
                   89  0.50799111375842065     
                   90  0.51250725811035569     
                   91  0.51816848131600779     
                   92  0.52442849824842419     
                   93  0.53061391791353074     
                   94  0.53613466735102833     
                   95  0.54062747470993200     
                   96  0.54397796655170849     
                   97  0.54625624561889907     
                   98  0.54762930622675166     
                   99  0.54829148656159588     
                  100  0.54842398145307059     
                  101  0.54817780075058420     
                  102  0.54767072623941582     
                  103  0.54699081050505660     
                  104  0.54620199081145393     
                  105  0.54534967428118530     
                  106  0.54446547942103707     
                  107  0.54357096848339193     
                  108  0.54268046918527713     
                  109  0.54180316029943132     
                  110  0.54094459273388529     
                  111  0.54010778887527600     
                  112  0.53929403075862603     
                  113  0.53850341996671214     
                  114  0.53773527067411997     
                  115  0.53698838125540949     
                  116  0.53626121813574090     
                  117  0.53555203692977360     
                  118  0.53485895950979356     
                  119  0.53418002084185445     
                  120  0.53351319579916667     
                  121  0.53285641340772538     
                  122  0.53220756388833801     
                  123  0.53156450227324581     
                  124  0.53092505116993227     
                  125  0.53028700431822462     
                  126  0.52964813185665416     
                  127  0.52900618761505935     
                  128  0.52835891823638281     
                  129  0.52770407347686010     
                  130  0.52703941663926879     
                  131  0.52636273378160492     
                  132  0.52567184015773150     
                  133  0.52496458234572363     
                  134  0.52423883476508271     
                  135  0.52349248982417484     
                  136  0.52272344179203378     
                  137  0.52192956562424087     
                  138  0.52110869330073684     
                  139  0.52025859159957411     
                  140  0.51937694642448518     
                  141  0.51846135958324968     
                  142  0.51750936404175929     
                  143  0.51651846297382065     
                  144  0.51548619631301340     
                  145  0.51441023606031488     
                  146  0.51328850854253250     
                  147  0.51211933852986136     
                  148  0.51090160707409404     
                  149  0.50963491259430960     
                  150  0.50831972349307197     
                  151  0.50695751063422112     
                  152  0.50555084932907579     
                  153  0.50410348281689754     
                  154  0.50262034217981177     
                  155  0.50110752072343334     
                  156  0.49957220363685662     
                  157  0.49802255589607913     
                  158  0.49646757274600267     
                  159  0.49491689772885017     
                  160  0.49338061332397148     
                  161  0.49186900913629505     
                  162  0.49039233256724579     
                  163  0.48896052733590073     
                  164  0.48758296629437881     
                  165  0.48626818673288547     
                  166  0.48502363861094644     
                  167  0.48385545846271427     
                  168  0.48276828348594325     
                  169  0.48176512081428147     
                  170  0.48084728553167516     
                  171  0.48001441722708238     
                  172  0.47926457888405544     
                  173  0.47859443430203957     
                  174  0.47799949222566263     
                  175  0.47747439837771954     
                  176  0.47701325204097200     
                  177  0.47660992264414753     
                  178  0.47625834417817947     
                  179  0.47595277061049840     
                  180  0.47568798257437678     
                  181  0.47545944300555437     
                  182  0.47526340569613129     
                  183  0.47509698494640473     
                  184  0.47495819616881207     
                  185  0.47484597651284699     
                  186  0.47476019181775880     
                  187  0.47470163217179034     
                  188  0.47467199383540254     
                  189  0.47467384098553139     
                  190  0.47471053725473628     
                  191  0.47478613484926807     
                  192  0.47490520852629314     
                  193  0.47507262324945720     
                  194  0.47529322826690357     
                  195  0.47557147695632807     
                  196  0.47591098115936376     
                  197  0.47631402056413441     
                  198  0.47678104096569635     
                  199  0.47731018798264568     
                  200  0.47789693215354606     
