                    0  0.47854605879519763     
                    1  0.47841602520840887     
                    2  0.47832702283762585     
                    3  0.47828462855646914     
                    4  0.47829356187199523     
                    5  0.47835747992293748     
                    6  0.47847879526289500     
                    7  0.47865851616111232     
                    8  0.47889610884171346     
                    9  0.47918938281712870     
                   10  0.47953440405798547     
                   11  0.47992544539801962     
                   12  0.48035498800241805     
                   13  0.48081379035233801     
                   14  0.48129104052696714     
                   15  0.48177460263869115     
                   16  0.48225135906447086     
                   17  0.48270763771640107     
                   18  0.48312970013541734     
                   19  0.48350425439644201     
                   20  0.48381894932087760     
                   21  0.48406280515243971     
                   22  0.48422654122227810     
                   23  0.48430277235383629     
                   24  0.48428606085369691     
                   25  0.48417282735341344     
                   26  0.48396113901979876     
                   27  0.48365040578916829     
                   28  0.48324102312527922     
                   29  0.48273400292201191     
                   30  0.48213063272033657     
                   31  0.48143219791305703     
                   32  0.48063979283587566     
                   33  0.47975423554054958     
                   34  0.47877608875517597     
                   35  0.47770577737715775     
                   36  0.47654378222902671     
                   37  0.47529088205768094     
                   38  0.47394841185434361     
                   39  0.47251850592077610     
                   40  0.47100429840967262     
                   41  0.46941006136586949     
                   42  0.46774126918248349     
                   43  0.46600458732345024     
                   44  0.46420779080898700     
                   45  0.46235962341280051     
                   46  0.46046961142806581     
                   47  0.45854784638722967     
                   48  0.45660474981110399     
                   49  0.45465083065457945     
                   50  0.45269644337083786     
                   51  0.45075155208401724     
                   52  0.44882550470387533     
                   53  0.44692682017914137     
                   54  0.44506299250430603     
                   55  0.44324031643379824     
                   56  0.44146374188734561     
                   57  0.43973676654832050     
                   58  0.43806137920912153     
                   59  0.43643807069724883     
                   60  0.43486593679629548     
                   61  0.43334291328928493     
                   62  0.43186621733339381     
                   63  0.43043314262877252     
                   64  0.42904250975271407     
                   65  0.42769738927297751     
                   66  0.42641035182213810     
                   67  0.42521375068851658     
                   68  0.42417991151632128     
                   69  0.42346025643132135     
                   70  0.42335836768174218     
                   71  0.42445537847863518     
                   72  0.42778528313990938     
                   73  0.43495211018365293     
                   74  0.44783672649925299     
                   75  0.46745620049561859     
                   76  0.49245567873568319     
                   77  0.51906065332279294     
                   78  0.54314509749729767     
                   79  0.56233008068741652     
                   80  0.57633616533271870     
                   81  0.58609986977240514     
                   82  0.59284725893347068     
                   83  0.59761454187879293     
                   84  0.60113005749358428     
                   85  0.60385755307556965     
                   86  0.60607568531663092     
                   87  0.60794568403895644     
                   88  0.60955800183915876     
                   89  0.61096170012710871     
                   90  0.61218223069934097     
                   91  0.61323201617026335     
                   92  0.61411668988870605     
                   93  0.61483872955214780     
                   94  0.61539951539802185     
                   95  0.61580043117344441     
                   96  0.61604338839949835     
                   97  0.61613101597551878     
                   98  0.61606667312490460     
                   99  0.61585438891900401     
                  100  0.61549879265938434     
                  101  0.61500506960929024     
                  102  0.61437895322672398     
                  103  0.61362674754987534     
                  104  0.61275536197383551     
                  105  0.61177233559918509     
                  106  0.61068582935497973     
                  107  0.60950457014758141     
                  108  0.60823774057879221     
                  109  0.60689481809021861     
                  110  0.60548537650453826     
                  111  0.60401886908206515     
                  112  0.60250441442320435     
                  113  0.60095060478901985     
                  114  0.59936535148761072     
                  115  0.59775577524094825     
                  116  0.59612814243290313     
                  117  0.59448784217623452     
                  118  0.59283939510602146     
                  119  0.59118648304511556     
                  120  0.58953198903688542     
                  121  0.58787803920515780     
                  122  0.58622604082831531     
                  123  0.58457671425620661     
                  124  0.58293011931706540     
                  125  0.58128567927659258     
                  126  0.57964220700313407     
                  127  0.57799793868258809     
                  128  0.57635058024828878     
                  129  0.57469737076486715     
                  130  0.57303516551292022     
                  131  0.57136053968313971     
                  132  0.56966991163778580     
                  133  0.56795968285627207     
                  134  0.56622639014006326     
                  135  0.56446686455448336     
                  136  0.56267839102910699     
                  137  0.56085886258771389     
                  138  0.55900692388777595     
                  139  0.55712210019747854     
                  140  0.55520491026966634     
                  141  0.55325696504135946     
                  142  0.55128105911526970     
                  143  0.54928126923230114     
                  144  0.54726308445732252     
                  145  0.54523360817504041     
                  146  0.54320189468114688     
                  147  0.54117951682892673     
                  148  0.53918151107997447     
                  149  0.53722791908840950     
                  150  0.53534624711175272     
                  151  0.53357529649413882     
                  152  0.53197095828386387     
                  153  0.53061462984451535     
                  154  0.52962467750363640     
                  155  0.52917033990075135     
                  156  0.52948474800479572     
                  157  0.53086825276900107     
                  158  0.53366516413537057     
                  159  0.53819136386781752     
                  160  0.54460066441659161     
                  161  0.55271903865085870     
                  162  0.56193471061894540     
                  163  0.57124708703340765     
                  164  0.57949581961608332     
                  165  0.58566291911040358     
                  166  0.58908219576723431     
                  167  0.58944269554714579     
                  168  0.58658852164053776     
                  169  0.58026085632566504     
                  170  0.57006827231650137     
                  171  0.55596313256925622     
                  172  0.53907422537309224     
                  173  0.52196688402120772     
                  174  0.50748435446781059     
                  175  0.49710116699284274     
                  176  0.49056565919738193     
                  177  0.48678641086223534     
                  178  0.48469134483956144     
                  179  0.48353706743771929     
                  180  0.48288413197354174     
                  181  0.48249215216496633     
                  182  0.48223402530729986     
                  183  0.48204307682244840     
                  184  0.48188395215174462     
                  185  0.48173738299612473     
                  186  0.48159240766403166     
                  187  0.48144245671786873     
                  188  0.48128341654096163     
                  189  0.48111270158048114     
                  190  0.48092883974617001     
                  191  0.48073131534535052     
                  192  0.48052053466651945     
                  193  0.48029784023739941     
                  194  0.48006553105290412     
                  195  0.47982686295735211     
                  196  0.47958601354205788     
                  197  0.47934800312711845     
                  198  0.47911856929810193     
                  199  0.47890399760705821     
                  200  0.47871091537939930     
