                    0  0.51982393836623519     
                    1  0.51984468840677100     
                    2  0.51986707678964850     
                    3  0.51989109814517176     
                    4  0.51991674511188934     
                    5  0.51994400825919096     
                    6  0.51997287601192754     
                    7  0.52000333457764414     
                    8  0.52003536787702698     
                    9  0.52006895747819726     
                   10  0.52010408253549123     
                   11  0.52014071973337217     
                   12  0.52017884323613206     
                   13  0.52021842464402979     
                   14  0.52025943295650923     
                   15  0.52030183454312384     
                   16  0.52034559312277306     
                   17  0.52039066975182136     
                   18  0.52043702282164250     
                   19  0.52048460806607977     
                   20  0.52053337857926507     
                   21  0.52058328484418059     
                   22  0.52063427477227830     
                   23  0.52068629375440689     
                   24  0.52073928472320896     
                   25  0.52079318822707843     
                   26  0.52084794251566890     
                   27  0.52090348363686512     
                   28  0.52095974554502533     
                   29  0.52101666022021276     
                   30  0.52107415779804067     
                   31  0.52113216670965479     
                   32  0.52119061383129006     
                   33  0.52124942464274981     
                   34  0.52130852339406653     
                   35  0.52136783327953051     
                   36  0.52142727661819765     
                   37  0.52148677503992702     
                   38  0.52154624967594188     
                   39  0.52160562135286381     
                   40  0.52166481078914073     
                   41  0.52172373879275424     
                   42  0.52178232645909595     
                   43  0.52184049536788835     
                   44  0.52189816777804354     
                   45  0.52195526681937809     
                   46  0.52201171668012647     
                   47  0.52206744278925155     
                   48  0.52212237199259215     
                   49  0.52217643272195979     
                   50  0.52222955515636094     
                   51  0.52228167137460013     
                   52  0.52233271549860272     
                   53  0.52238262382688583     
                   54  0.52243133495768757     
                   55  0.52247878990136898     
                   56  0.52252493218179064     
                   57  0.52256970792645896     
                   58  0.52261306594532675     
                   59  0.52265495779823412     
                   60  0.52269533785103839     
                   61  0.52273416332059031     
                   62  0.52277139430876518     
                   63  0.52280699382584495     
                   64  0.52284092780360036     
                   65  0.52287316509848680     
                   66  0.52290367748541000     
                   67  0.52293243964256786     
                   68  0.52295942912790339     
                   69  0.52298462634773624     
                   70  0.52300801451815893     
                   71  0.52302957961979946     
                   72  0.52304931034656021     
                   73  0.52306719804893942     
                   74  0.52308323667254564     
                   75  0.52309742269239790     
                   76  0.52310975504359603     
                   77  0.52312023504892402     
                   78  0.52312886634392586     
                   79  0.52313565479997259     
                   80  0.52314060844580657     
                   81  0.52314373738802122     
                   82  0.52314505373090525     
                   83  0.52314457149603666     
                   84  0.52314230654200011     
                   85  0.52313827648453926     
                   86  0.52313250061744909     
                   87  0.52312499983446015     
                   88  0.52311579655234641     
                   89  0.52310491463545117     
                   90  0.52309237932179709     
                   91  0.52307821715092040     
                   92  0.52306245589353650     
                   93  0.52304512448312623     
                   94  0.52302625294950356     
                   95  0.52300587235440477     
                   96  0.52298401472912248     
                   97  0.52296071301418978     
                   98  0.52293600100109960     
                   99  0.52290991327603875     
                  100  0.52288248516559743     
                  101  0.52285375268440881     
                  102  0.52282375248466550     
                  103  0.52279252180745051     
                  104  0.52276009843582028     
                  105  0.52272652064956682     
                  106  0.52269182718159335     
                  107  0.52265605717582764     
                  108  0.52261925014660471     
                  109  0.52258144593945055     
                  110  0.52254268469319709     
                  111  0.52250300680336459     
                  112  0.52246245288675619     
                  113  0.52242106374720254     
                  114  0.52237888034240965     
                  115  0.52233594375186476     
                  116  0.52229229514575670     
                  117  0.52224797575487947     
                  118  0.52220302684148812     
                  119  0.52215748967108355     
                  120  0.52211140548510837     
                  121  0.52206481547454042     
                  122  0.52201776075437678     
                  123  0.52197028233900322     
                  124  0.52192242111845222     
                  125  0.52187421783555088     
                  126  0.52182571306396963     
                  127  0.52177694718718115     
                  128  0.52172796037834268     
                  129  0.52167879258111527     
                  130  0.52162948349143823     
                  131  0.52158007254027361     
                  132  0.52153059887733799     
                  133  0.52148110135583725     
                  134  0.52143161851821973     
                  135  0.52138218858296115     
                  136  0.52133284943239300     
                  137  0.52128363860158167     
                  138  0.52123459326826649     
                  139  0.52118575024385638     
                  140  0.52113714596548533     
                  141  0.52108881648911920     
                  142  0.52104079748370424     
                  143  0.52099312422634081     
                  144  0.52094583159846397     
                  145  0.52089895408300058     
                  146  0.52085252576247587     
                  147  0.52080658031802918     
                  148  0.52076115102929676     
                  149  0.52071627077511218     
                  150  0.52067197203496907     
                  151  0.52062828689118645     
                  152  0.52058524703170816     
                  153  0.52054288375346414     
                  154  0.52050122796621434     
                  155  0.52046031019679451     
                  156  0.52042016059366647     
                  157  0.52038080893168681     
                  158  0.52034228461698617     
                  159  0.52030461669185779     
                  160  0.52026783383954367     
                  161  0.52023196438880326     
                  162  0.52019703631814673     
                  163  0.52016307725960975     
                  164  0.52013011450194213     
                  165  0.52009817499308109     
                  166  0.52006728534177771     
                  167  0.52003747181823889     
                  168  0.52000876035365051     
                  169  0.51998117653844000     
                  170  0.51995474561913990     
                  171  0.51992949249371356     
                  172  0.51990544170519826     
                  173  0.51988261743353315     
                  174  0.51986104348542561     
                  175  0.51984074328212782     
                  176  0.51982173984498459     
                  177  0.51980405577863065     
                  178  0.51978771325170414     
                  179  0.51977273397496859     
                  180  0.51975913917672312     
                  181  0.51974694957540535     
                  182  0.51973618534928923     
                  183  0.51972686610319807     
                  184  0.51971901083215832     
                  185  0.51971263788194511     
                  186  0.51970776490646742     
                  187  0.51970440882197944     
                  188  0.51970258575810080     
                  189  0.51970231100566877     
                  190  0.51970359896145057     
                  191  0.51970646306977830     
                  192  0.51971091576118900     
                  193  0.51971696838817971     
                  194  0.51972463115821621     
                  195  0.51973391306416405     
                  196  0.51974482181234116     
                  197  0.51975736374842108     
                  198  0.51977154378145451     
                  199  0.51978736530630743     
                  200  0.51980483012484491     
