                    0  0.52107841205857319     
                    1  0.52102677521966534     
                    2  0.52097540553972477     
                    3  0.52092431297534181     
                    4  0.52087350769453977     
                    5  0.52082300013865324     
                    6  0.52077280108227431     
                    7  0.52072292169136392     
                    8  0.52067337357962851     
                    9  0.52062416886326623     
                   10  0.52057532021418440     
                   11  0.52052684091179235     
                   12  0.52047874489346790     
                   13  0.52043104680379226     
                   14  0.52038376204264403     
                   15  0.52033690681223055     
                   16  0.52029049816313322     
                   17  0.52024455403942715     
                   18  0.52019909332292424     
                   19  0.52015413587658099     
                   20  0.52010970258708977     
                   21  0.52006581540666230     
                   22  0.52002249739399486     
                   23  0.51997977275438167     
                   24  0.51993766687893161     
                   25  0.51989620638281164     
                   26  0.51985541914242195     
                   27  0.51981533433138172     
                   28  0.51977598245517931     
                   29  0.51973739538430752     
                   30  0.51969960638567991     
                   31  0.51966265015209079     
                   32  0.51962656282944564     
                   33  0.51959138204145949     
                   34  0.51955714691147648     
                   35  0.51952389808103450     
                   36  0.51949167772475358     
                   37  0.51946052956108746     
                   38  0.51943049885843617     
                   39  0.51940163243607795     
                   40  0.51937397865932877     
                   41  0.51934758742830134     
                   42  0.51932251015958808     
                   43  0.51929879976015236     
                   44  0.51927651059266955     
                   45  0.51925569843151942     
                   46  0.51923642040859863     
                   47  0.51921873494808324     
                   48  0.51920270168925098     
                   49  0.51918838139643986     
                   50  0.51917583585521609     
                   51  0.51916512775380763     
                   52  0.51915632054886973     
                   53  0.51914947831465341     
                   54  0.51914466557469396     
                   55  0.51914194711515238     
                   56  0.51914138777903118     
                   57  0.51914305224053880     
                   58  0.51914700475899389     
                   59  0.51915330891177047     
                   60  0.51916202730593852     
                   61  0.51917322126841281     
                   62  0.51918695051463815     
                   63  0.51920327279604572     
                   64  0.51922224352678215     
                   65  0.51924391539048542     
                   66  0.51926833792819893     
                   67  0.51929555710884523     
                   68  0.51932561488404272     
                   69  0.51935854872943077     
                   70  0.51939439117507036     
                   71  0.51943316932789563     
                   72  0.51947490438961264     
                   73  0.51951961117386192     
                   74  0.51956729762687237     
                   75  0.51961796435622043     
                   76  0.51967160417268887     
                   77  0.51972820165053191     
                   78  0.51978773271174594     
                   79  0.51985016424015429     
                   80  0.51991545373126857     
                   81  0.51998354898394827     
                   82  0.52005438783985281     
                   83  0.52012789797654646     
                   84  0.52020399675987739     
                   85  0.52028259116089071     
                   86  0.52036357774206388     
                   87  0.52044684271705022     
                   88  0.52053226208741776     
                   89  0.52061970185903372     
                   90  0.52070901833984407     
                   91  0.52080005851977096     
                   92  0.52089266053239025     
                   93  0.52098665419691181     
                   94  0.52108186163783510     
                   95  0.52117809797848913     
                   96  0.52127517210352647     
                   97  0.52137288748434785     
                   98  0.52147104306041936     
                   99  0.52156943416851753     
                  100  0.52166785351114475     
                  101  0.52176609215469827     
                  102  0.52186394054747809     
                  103  0.52196118954729354     
                  104  0.52205763144828066     
                  105  0.52215306099657943     
                  106  0.52224727638473800     
                  107  0.52234008021509593     
                  108  0.52243128042296605     
                  109  0.52252069115112587     
                  110  0.52260813356796365     
                  111  0.52269343662256917     
                  112  0.52277643773107030     
                  113  0.52285698338960362     
                  114  0.52293492971041500     
                  115  0.52301014287870495     
                  116  0.52308249952893182     
                  117  0.52315188704035354     
                  118  0.52321820375258798     
                  119  0.52328135910290130     
                  120  0.52334127368777272     
                  121  0.52339787925202841     
                  122  0.52345111860946181     
                  123  0.52350094549939696     
                  124  0.52354732438404972     
                  125  0.52359023019186002     
                  126  0.52362964801216716     
                  127  0.52366557274669912     
                  128  0.52369800872337480     
                  129  0.52372696927784312     
                  130  0.52375247630805866     
                  131  0.52377455980699716     
                  132  0.52379325737837323     
                  133  0.52380861373994958     
                  134  0.52382068021871486     
                  135  0.52382951424188229     
                  136  0.52383517882733177     
                  137  0.52383774207676870     
                  138  0.52383727667454405     
                  139  0.52383385939474714     
                  140  0.52382757061886909     
                  141  0.52381849386603463     
                  142  0.52380671533751810     
                  143  0.52379232347699600     
                  144  0.52377540854775062     
                  145  0.52375606222781501     
                  146  0.52373437722385341     
                  147  0.52371044690438717     
                  148  0.52368436495281800     
                  149  0.52365622504055576     
                  150  0.52362612052042667     
                  151  0.52359414414043115     
                  152  0.52356038777781067     
                  153  0.52352494219330081     
                  154  0.52348789680536456     
                  155  0.52344933948413086     
                  156  0.52340935636469754     
                  157  0.52336803167940316     
                  158  0.52332544760861877     
                  159  0.52328168414956722     
                  160  0.52323681900263108     
                  161  0.52319092747457419     
                  162  0.52314408239806909     
                  163  0.52309635406688670     
                  164  0.52304781018608049     
                  165  0.52299851583647272     
                  166  0.52294853345272341     
                  167  0.52289792281425496     
                  168  0.52284674104828133     
                  169  0.52279504264418541     
                  170  0.52274287947847908     
                  171  0.52269030084957913     
                  172  0.52263735352163043     
                  173  0.52258408177661209     
                  174  0.52253052747397355     
                  175  0.52247673011705364     
                  176  0.52242272692555880     
                  177  0.52236855291338280     
                  178  0.52231424097108803     
                  179  0.52225982195237686     
                  180  0.52220532476392056     
                  181  0.52215077645793639     
                  182  0.52209620232693732     
                  183  0.52204162600011195     
                  184  0.52198706954082541     
                  185  0.52193255354476853     
                  186  0.52187809723831979     
                  187  0.52182371857672094     
                  188  0.52176943434170042     
                  189  0.52171526023822024     
                  190  0.52166121099005536     
                  191  0.52160730043395187     
                  192  0.52155354161213874     
                  193  0.52149994686301127     
                  194  0.52144652790982626     
                  195  0.52139329594728179     
                  196  0.52134026172589043     
                  197  0.52128743563406921     
                  198  0.52123482777790509     
                  199  0.52118244805856939     
                  200  0.52113030624738776     
