                    0  0.48076285817264386     
                    1  0.48132001922204981     
                    2  0.48178073671814758     
                    3  0.48218740995097992     
                    4  0.48257275493964308     
                    5  0.48296191853887566     
                    6  0.48337405586334625     
                    7  0.48382349892157656     
                    8  0.48432063489244709     
                    9  0.48487258622738177     
                   10  0.48548375532464344     
                   11  0.48615627080378815     
                   12  0.48689035345534470     
                   13  0.48768460848068973     
                   14  0.48853624601066375     
                   15  0.48944123270575057     
                   16  0.49039438183096906     
                   17  0.49138939589808067     
                   18  0.49241888319050953     
                   19  0.49347437568880381     
                   20  0.49454637954815933     
                   21  0.49562448886178623     
                   22  0.49669758782033058     
                   23  0.49775415514702109     
                   24  0.49878266863644866     
                   25  0.49977208893161529     
                   26  0.50071238368299664     
                   27  0.50159503973078912     
                   28  0.50241350512930416     
                   29  0.50316350631058337     
                   30  0.50384319799232269     
                   31  0.50445312218239091     
                   32  0.50499597429429099     
                   33  0.50547619537376187     
                   34  0.50589942700198065     
                   35  0.50627187812508168     
                   36  0.50659966056347361     
                   37  0.50688815261704989     
                   38  0.50714144837051933     
                   39  0.50736194402983792     
                   40  0.50755010159720026     
                   41  0.50770441430763280     
                   42  0.50782157825173702     
                   43  0.50789685259181416     
                   44  0.50792457011345471     
                   45  0.50789874440244076     
                   46  0.50781371277334264     
                   47  0.50766475628234298     
                   48  0.50744864828917957     
                   49  0.50716409760230485     
                   50  0.50681206701940640     
                   51  0.50639595963134232     
                   52  0.50592167203443505     
                   53  0.50539751612592720     
                   54  0.50483401146410989     
                   55  0.50424355076512506     
                   56  0.50363994402967704     
                   57  0.50303785306299209     
                   58  0.50245213761277552     
                   59  0.50189714580764333     
                   60  0.50138599305422826     
                   61  0.50092988257658944     
                   62  0.50053752477448354     
                   63  0.50021470938816992     
                   64  0.49996407309552643     
                   65  0.49978508653961357     
                   66  0.49967426215395305     
                   67  0.49962556307154982     
                   68  0.49963098124629085     
                   69  0.49968125874456260     
                   70  0.49976676246696250     
                   71  0.49987861140695194     
                   72  0.50001034355430662     
                   73  0.50016079968937777     
                   74  0.50033971664509813     
                   75  0.50057922412197653     
                   76  0.50095790092232650     
                   77  0.50165060188591759     
                   78  0.50302745125307780     
                   79  0.50583133221823362     
                   80  0.51142064838122403     
                   81  0.52184936524764236     
                   82  0.53914133153563737     
                   83  0.56338153614438624     
                   84  0.59133204899094449     
                   85  0.61801504466769175     
                   86  0.63984342540442096     
                   87  0.65590041205960037     
                   88  0.66706020832580304     
                   89  0.67471314442480035     
                   90  0.68006886178167836     
                   91  0.68397956917027625     
                   92  0.68698688280492159     
                   93  0.68941462961073430     
                   94  0.69144672873005852     
                   95  0.69318076549601459     
                   96  0.69466228328678148     
                   97  0.69590621146392750     
                   98  0.69691023164908972     
                   99  0.69766319855721048     
                  100  0.69815052533569488     
                  101  0.69835766699268542     
                  102  0.69827235736939919     
                  103  0.69788597160532140     
                  104  0.69719422800105602     
                  105  0.69619736506587682     
                  106  0.69489990031986781     
                  107  0.69331007507320885     
                  108  0.69143909782548529     
                  109  0.68930030633216055     
                  110  0.68690836663513111     
                  111  0.68427861191527717     
                  112  0.68142659421222274     
                  113  0.67836788111012924     
                  114  0.67511808401506701     
                  115  0.67169306317604094     
                  116  0.66810922537550144     
                  117  0.66438381880590180     
                  118  0.66053513713785339     
                  119  0.65658256722867425     
                  120  0.65254644433874198     
                  121  0.64844770526307483     
                  122  0.64430734415004320     
                  123  0.64014567080018547     
                  124  0.63598134162053688     
                  125  0.63183007315102424     
                  126  0.62770284558297074     
                  127  0.62360323488948022     
                  128  0.61952323232943685     
                  129  0.61543644665064057     
                  130  0.61128684245407960     
                  131  0.60697009159980575     
                  132  0.60230343838574596     
                  133  0.59698004195687138     
                  134  0.59050957865681308     
                  135  0.58216964613382027     
                  136  0.57104871843997163     
                  137  0.55633925446868038     
                  138  0.53799964144418910     
                  139  0.51747356780504150     
                  140  0.49753885235760170     
                  141  0.48084727540613642     
                  142  0.46846837098389427     
                  143  0.45988656370827252     
                  144  0.45395895912986350     
                  145  0.44965531448427354     
                  146  0.44627802520483928     
                  147  0.44341463138440368     
                  148  0.44083764135663206     
                  149  0.43842639050958282     
                  150  0.43611870868848079     
                  151  0.43388367812139422     
                  152  0.43170689351276526     
                  153  0.42958262538461728     
                  154  0.42750968059253525     
                  155  0.42548921821015678     
                  156  0.42352359485418412     
                  157  0.42161575097540016     
                  158  0.41976888062496887     
                  159  0.41798624863117961     
                  160  0.41627108304915500     
                  161  0.41462650461599182     
                  162  0.41305547314234958     
                  163  0.41156074085421235     
                  164  0.41014480866217651     
                  165  0.40880988532465856     
                  166  0.40755785267027411     
                  167  0.40639024315053290     
                  168  0.40530823947815481     
                  169  0.40431271037385180     
                  170  0.40340430195376653     
                  171  0.40258361166503731     
                  172  0.40185148182798869     
                  173  0.40120946408405950     
                  174  0.40066052615863906     
                  175  0.40021010042385358     
                  176  0.39986761146379202     
                  177  0.39964866629139173     
                  178  0.39957813719408858     
                  179  0.39969438480770358     
                  180  0.40005478635356972     
                  181  0.40074239787948229     
                  182  0.40187271265194235     
                  183  0.40359770230221376     
                  184  0.40610145918692236     
                  185  0.40957873029749470     
                  186  0.41418800267243250     
                  187  0.41998074188734474     
                  188  0.42683033456518477     
                  189  0.43440476631283675     
                  190  0.44221825673589465     
                  191  0.44975032398097181     
                  192  0.45657357269252596     
                  193  0.46243014609734134     
                  194  0.46723791435717932     
                  195  0.47104813312538352     
                  196  0.47398851930504804     
                  197  0.47621522391158000     
                  198  0.47788188276696258     
                  199  0.47912411127958043     
                  200  0.48005442517729924     
