                    0  0.63001533135370091     
                    1  0.63546492680457367     
                    2  0.63914298304112660     
                    3  0.64149994700951019     
                    4  0.64290111886020829     
                    5  0.64361791958844949     
                    6  0.64384144850261360     
                    7  0.64370165593284556     
                    8  0.64328490073249267     
                    9  0.64264774655669243     
                   10  0.64182702066088648     
                   11  0.64084684796542213     
                   12  0.63972344370243284     
                   13  0.63846831604698606     
                   14  0.63709036576100486     
                   15  0.63559722953845221     
                   16  0.63399610838836862     
                   17  0.63229424772875276     
                   18  0.63049918429437557     
                   19  0.62861883962650922     
                   20  0.62666151562632300     
                   21  0.62463583079300089     
                   22  0.62255062390250582     
                   23  0.62041484341818898     
                   24  0.61823743482109739     
                   25  0.61602723362609468     
                   26  0.61379286865717086     
                   27  0.61154267788120786     
                   28  0.60928463752258399     
                   29  0.60702630413671743     
                   30  0.60477476868203106     
                   31  0.60253662129632524     
                   32  0.60031792537429174     
                   33  0.59812419959232788     
                   34  0.59596040668163019     
                   35  0.59383094796731484     
                   36  0.59173966293460867     
                   37  0.58968983332401514     
                   38  0.58768419147225104     
                   39  0.58572493278609694     
                   40  0.58381373234824363     
                   41  0.58195176569910756     
                   42  0.58013973381329320     
                   43  0.57837789219703672     
                   44  0.57666608388290841     
                   45  0.57500377590577212     
                   46  0.57339009862974122     
                   47  0.57182388708292109     
                   48  0.57030372326842993     
                   49  0.56882797827673970     
                   50  0.56739485293910252     
                   51  0.56600241573769505     
                   52  0.56464863671446408     
                   53  0.56333141617039428     
                   54  0.56204860697349401     
                   55  0.56079802922754229     
                   56  0.55957747579521977     
                   57  0.55838470657851869     
                   58  0.55721742833478705     
                   59  0.55607325485004577     
                   60  0.55494963904602002     
                   61  0.55384376334641283     
                   62  0.55275236622033896     
                   63  0.55167146938422251     
                   64  0.55059594861045635     
                   65  0.54951885643660403     
                   66  0.54843034913591315     
                   67  0.54731598017741800     
                   68  0.54615397866023196     
                   69  0.54491090799253505     
                   70  0.54353477337489386     
                   71  0.54194422989412527     
                   72  0.54001220044366438     
                   73  0.53754256137936529     
                   74  0.53424132336212604     
                   75  0.52969270776173361     
                   76  0.52337099935040921     
                   77  0.51474917243470719     
                   78  0.50356951454178811     
                   79  0.49023147452411064     
                   80  0.47599974526335359     
                   81  0.46264365296748539     
                   82  0.45160834023277346     
                   83  0.44342744701609205     
                   84  0.43781942964163933     
                   85  0.43415298715829259     
                   86  0.43181458439728743     
                   87  0.43034848952398858     
                   88  0.42945760940649758     
                   89  0.42896019564369531     
                   90  0.42874686820116492     
                   91  0.42874954541857013     
                   92  0.42892168030634820     
                   93  0.42922665115311376     
                   94  0.42963154793055541     
                   95  0.43010442771011831     
                   96  0.43061373694628385     
                   97  0.43112897919481169     
                   98  0.43162194344538274     
                   99  0.43206798968154136     
                  100  0.43244705843343967     
                  101  0.43274423451477412     
                  102  0.43294983612313120     
                  103  0.43305910200548892     
                  104  0.43307160438038655     
                  105  0.43299052868887039     
                  106  0.43282194575263988     
                  107  0.43257417217291960     
                  108  0.43225728286504089     
                  109  0.43188281307232762     
                  110  0.43146366928009083     
                  111  0.43101425918584185     
                  112  0.43055084829075002     
                  113  0.43009215149309110     
                  114  0.42966016779053218     
                  115  0.42928125845962906     
                  116  0.42898744439048281     
                  117  0.42881784260653705     
                  118  0.42882005649211286     
                  119  0.42905115863653576     
                  120  0.42957765100151668     
                  121  0.43047348802410945     
                  122  0.43181503070052812     
                  123  0.43367193101577473     
                  124  0.43609380271954790     
                  125  0.43909436377802846     
                  126  0.44263718002950664     
                  127  0.44662886471183116     
                  128  0.45092475322469572     
                  129  0.45534791859058998     
                  130  0.45971668048938941     
                  131  0.46387200889689012     
                  132  0.46769683875413881     
                  133  0.47112353233234860     
                  134  0.47413058066503183     
                  135  0.47673257396137042     
                  136  0.47896788216274061     
                  137  0.48088727243314960     
                  138  0.48254506569197292     
                  139  0.48399316159133282     
                  140  0.48527755331384492     
                  141  0.48643670409165318     
                  142  0.48750117426193257     
                  143  0.48849401388046765     
                  144  0.48943157885681882     
                  145  0.49032454764303030     
                  146  0.49117900073373016     
                  147  0.49199748066420917     
                  148  0.49277998411856822     
                  149  0.49352485808860885     
                  150  0.49422958462888589     
                  151  0.49489144730669021     
                  152  0.49550807886075110     
                  153  0.49607789461489615     
                  154  0.49660041998777810     
                  155  0.49707652293061755     
                  156  0.49750856326628207     
                  157  0.49790047076050031     
                  158  0.49825776250023829     
                  159  0.49858750801011092     
                  160  0.49889824773003144     
                  161  0.49919986719922999     
                  162  0.49950342570643669     
                  163  0.49982093444229186     
                  164  0.50016507556826872     
                  165  0.50054885049771047     
                  166  0.50098514373413727     
                  167  0.50148618885401730     
                  168  0.50206292708015854     
                  169  0.50272425809617216     
                  170  0.50347619898369700     
                  171  0.50432099133695829     
                  172  0.50525622776898405     
                  173  0.50627410310054044     
                  174  0.50736092456555448     
                  175  0.50849702820408504     
                  176  0.50965723378209704     
                  177  0.51081192145972931     
                  178  0.51192873396052363     
                  179  0.51297481588803007     
                  180  0.51391942651211564     
                  181  0.51473673724618729     
                  182  0.51540867779321409     
                  183  0.51592784113549917     
                  184  0.51630070223729574     
                  185  0.51655175108357287     
                  186  0.51672959274653685     
                  187  0.51691661448459181     
                  188  0.51724434618302018     
                  189  0.51791666958048654     
                  190  0.51924115129813286     
                  191  0.52166173450253750     
                  192  0.52576878524757464     
                  193  0.53223456066575892     
                  194  0.54160843430576744     
                  195  0.55397387047320246     
                  196  0.56865081643621440     
                  197  0.58424496577376162     
                  198  0.59912654565557655     
                  199  0.61202108812117495     
                  200  0.62231882229332591     
