                    0  0.41960327191355540     
                    1  0.41958229957278137     
                    2  0.41949060010492784     
                    3  0.41933241407780586     
                    4  0.41911212660089697     
                    5  0.41883444023300381     
                    6  0.41850466305621775     
                    7  0.41812918673246224     
                    8  0.41771627798787192     
                    9  0.41727738946665888     
                   10  0.41682933351657886     
                   11  0.41639788736127747     
                   12  0.41602375413418491     
                   13  0.41577233689959325     
                   14  0.41574949268690886     
                   15  0.41612612627846901     
                   16  0.41717436691524695     
                   17  0.41931487794427430     
                   18  0.42316361634348176     
                   19  0.42954032442688589     
                   20  0.43936341243166505     
                   21  0.45335117275802989     
                   22  0.47156975384897365     
                   23  0.49310728155443012     
                   24  0.51621573856758651     
                   25  0.53890412445360336     
                   26  0.55956706422191349     
                   27  0.57729060650343955     
                   28  0.59181468643069224     
                   29  0.60332642170014328     
                   30  0.61224147496579662     
                   31  0.61904455430422267     
                   32  0.62419731876760476     
                   33  0.62809660698251901     
                   34  0.63106307611721846     
                   35  0.63334539916888088     
                   36  0.63513084432783506     
                   37  0.63655723684787768     
                   38  0.63772392783558285     
                   39  0.63870088843655626     
                   40  0.63953581777470736     
                   41  0.64025949665636395     
                   42  0.64088973342839684     
                   43  0.64143425285227962     
                   44  0.64189283906284256     
                   45  0.64225899137689768     
                   46  0.64252129928348178     
                   47  0.64266469301715989     
                   48  0.64267167758459609     
                   49  0.64252360973563483     
                   50  0.64220202968705575     
                   51  0.64169001536702674     
                   52  0.64097349135866122     
                   53  0.64004240280509828     
                   54  0.63889166007733000     
                   55  0.63752177374560159     
                   56  0.63593912835142175     
                   57  0.63415588145387958     
                   58  0.63218951358195208     
                   59  0.63006208762782978     
                   60  0.62779929763061637     
                   61  0.62542939478027859     
                   62  0.62298207394251148     
                   63  0.62048739051034718     
                   64  0.61797475942719848     
                   65  0.61547207011257821     
                   66  0.61300493597998928     
                   67  0.61059608695487888     
                   68  0.60826490801164668     
                   69  0.60602712511884971     
                   70  0.60389464018450578     
                   71  0.60187551646652704     
                   72  0.59997411362120545     
                   73  0.59819136608546741     
                   74  0.59652518993980519     
                   75  0.59497099306833123     
                   76  0.59352225349253973     
                   77  0.59217112366550817     
                   78  0.59090901628309633     
                   79  0.58972713072477445     
                   80  0.58861688812469526     
                   81  0.58757025560546605     
                   82  0.58657995398538032     
                   83  0.58563955587644068     
                   84  0.58474349068731202     
                   85  0.58388697870706263     
                   86  0.58306591817552811     
                   87  0.58227674774904492     
                   88  0.58151630311438463     
                   89  0.58078168180068457     
                   90  0.58007012541943848     
                   91  0.57937892426885595     
                   92  0.57870534581745159     
                   93  0.57804658613544113     
                   94  0.57739974180701303     
                   95  0.57676179907494007     
                   96  0.57612963675007489     
                   97  0.57550003957576501     
                   98  0.57486971911119766     
                   99  0.57423533966379081     
                  100  0.57359354727101097     
                  101  0.57294100015151928     
                  102  0.57227439938703917     
                  103  0.57159051885392786     
                  104  0.57088623360657920     
                  105  0.57015854604234173     
                  106  0.56940460927268643     
                  107  0.56862174721074898     
                  108  0.56780747098022688     
                  109  0.56695949136817081     
                  110  0.56607572719052712     
                  111  0.56515430961324853     
                  112  0.56419358266584563     
                  113  0.56319210038574297     
                  114  0.56214862122486731     
                  115  0.56106210051714367     
                  116  0.55993168193026321     
                  117  0.55875668889269325     
                  118  0.55753661698685730     
                  119  0.55627112822635583     
                  120  0.55496004798980980     
                  121  0.55360336517375164     
                  122  0.55220123586568604     
                  123  0.55075399054519258     
                  124  0.54926214451870325     
                  125  0.54772641100685193     
                  126  0.54614771605514389     
                  127  0.54452721424803374     
                  128  0.54286630408504777     
                  129  0.54116664182773677     
                  130  0.53943015263924743     
                  131  0.53765903789336178     
                  132  0.53585577759319358     
                  133  0.53402312686367859     
                  134  0.53216410540194314     
                  135  0.53028197849864267     
                  136  0.52838022766002679     
                  137  0.52646250778874393     
                  138  0.52453258605309871     
                  139  0.52259425456762243     
                  140  0.52065120414098409     
                  141  0.51870683849632060     
                  142  0.51676399566492404     
                  143  0.51482452254152167     
                  144  0.51288861453000401     
                  145  0.51095377574654544     
                  146  0.50901316109834915     
                  147  0.50705290462646724     
                  148  0.50504777958071423     
                  149  0.50295412178836818     
                  150  0.50069833459156865     
                  151  0.49815854937566068     
                  152  0.49513667290991847     
                  153  0.49132006324280147     
                  154  0.48624176346524262     
                  155  0.47927566724477927     
                  156  0.46975324455258599     
                  157  0.45731544330622681     
                  158  0.44246055096756109     
                  159  0.42682863053268782     
                  160  0.41261475109915446     
                  161  0.40138215581581188     
                  162  0.39343653057601430     
                  163  0.38819039021997476     
                  164  0.38482613406831112     
                  165  0.38267413297135600     
                  166  0.38129258419563550     
                  167  0.38042230888896555     
                  168  0.37992365766832986     
                  169  0.37972864192717104     
                  170  0.37981025899442311     
                  171  0.38016370151873397     
                  172  0.38079450228259415     
                  173  0.38171039490211822     
                  174  0.38291516322195063     
                  175  0.38440381736826768     
                  176  0.38615913835737847     
                  177  0.38815000178637993     
                  178  0.39033190418632618     
                  179  0.39264979049499127     
                  180  0.39504274816001594     
                  181  0.39744962971340442     
                  182  0.39981443111965298     
                  183  0.40209039744368152     
                  184  0.40424227210337221     
                  185  0.40624664622178092     
                  186  0.40809079483085237     
                  187  0.40977059782313702     
                  188  0.41128814108921669     
                  189  0.41264945368019101     
                  190  0.41386264981576587     
                  191  0.41493657562324843     
                  192  0.41587994079763657     
                  193  0.41670084904455967     
                  194  0.41740661774863458     
                  195  0.41800378194537607     
                  196  0.41849819693510443     
                  197  0.41889517798253273     
                  198  0.41919963850103653     
                  199  0.41941620696750137     
                  200  0.41954931669315476     
