                    0  0.50782864613302914     
                    1  0.50432135639378395     
                    2  0.50072508787286107     
                    3  0.49714089362661229     
                    4  0.49367276674931571     
                    5  0.49041526027255822     
                    6  0.48744378447038988     
                    7  0.48481000237377575     
                    8  0.48254294449841340     
                    9  0.48065479193384697     
                   10  0.47914944950716065     
                   11  0.47803211869101020     
                   12  0.47731866211168178     
                   13  0.47704409115293867     
                   14  0.47726960157548748     
                   15  0.47808700655907316     
                   16  0.47961813818717192     
                   17  0.48200514590617871     
                   18  0.48538677262881830     
                   19  0.48985795090723849     
                   20  0.49541790297997462     
                   21  0.50192436710162058     
                   22  0.50908020270033028     
                   23  0.51647112313785459     
                   24  0.52364766607963320     
                   25  0.53021818225441586     
                   26  0.53591474317392451     
                   27  0.54061305989729658     
                   28  0.54431270222589645     
                   29  0.54709745994759551     
                   30  0.54909461135421411     
                   31  0.55044356732208044     
                   32  0.55127641606090494     
                   33  0.55170841613253596     
                   34  0.55183513734782208     
                   35  0.55173330258381126     
                   36  0.55146327798333072     
                   37  0.55107200036550430     
                   38  0.55059573122079619     
                   39  0.55006239237444621     
                   40  0.54949343441781895     
                   41  0.54890527996780281     
                   42  0.54831041654531876     
                   43  0.54771821753277150     
                   44  0.54713556071470149     
                   45  0.54656730083747973     
                   46  0.54601663945941759     
                   47  0.54548542375526854     
                   48  0.54497439639038192     
                   49  0.54448341108175269     
                   50  0.54401162281382720     
                   51  0.54355765761980090     
                   52  0.54311976411581397     
                   53  0.54269594733888893     
                   54  0.54228408465455002     
                   55  0.54188202334363234     
                   56  0.54148765974185986     
                   57  0.54109900030466140     
                   58  0.54071420554783067     
                   59  0.54033161835326449     
                   60  0.53994977854903237     
                   61  0.53956742593379903     
                   62  0.53918349400948451     
                   63  0.53879709663035735     
                   64  0.53840750960458850     
                   65  0.53801414903564648     
                   66  0.53761654790537805     
                   67  0.53721433211233593     
                   68  0.53680719691353906     
                   69  0.53639488449172201     
                   70  0.53597716319074340     
                   71  0.53555380882924741     
                   72  0.53512458841145727     
                   73  0.53468924649509542     
                   74  0.53424749443899422     
                   75  0.53379900272579239     
                   76  0.53334339652787566     
                   77  0.53288025464882238     
                   78  0.53240911192183626     
                   79  0.53192946507754169     
                   80  0.53144078200556266     
                   81  0.53094251422991434     
                   82  0.53043411230236670     
                   83  0.52991504369778120     
                   84  0.52938481267945847     
                   85  0.52884298149989040     
                   86  0.52828919222162096     
                   87  0.52772318839150356     
                   88  0.52714483578460658     
                   89  0.52655414145371127     
                   90  0.52595127037606659     
                   91  0.52533655907712273     
                   92  0.52471052572514065     
                   93  0.52407387632278191     
                   94  0.52342750676296823     
                   95  0.52277250065744096     
                   96  0.52211012297939752     
                   97  0.52144180967983889     
                   98  0.52076915353646125     
                   99  0.52009388657207134     
                  100  0.51941785943687657     
                  101  0.51874301818788415     
                  102  0.51807137892284050     
                  103  0.51740500074033446     
                  104  0.51674595750680263     
                  105  0.51609630891973590     
                  106  0.51545807136787880     
                  107  0.51483318910566644     
                  108  0.51422350628069735     
                  109  0.51363074037786338     
                  110  0.51305645766794272     
                  111  0.51250205126638670     
                  112  0.51196872241271030     
                  113  0.51145746556474014     
                  114  0.51096905785761015     
                  115  0.51050405339875693     
                  116  0.51006278275343031     
                  117  0.50964535781989295     
                  118  0.50925168210291794     
                  119  0.50888146617608565     
                  120  0.50853424788944368     
                  121  0.50820941664437236     
                  122  0.50790624083906222     
                  123  0.50762389740341574     
                  124  0.50736150220755305     
                  125  0.50711814005662126     
                  126  0.50689289298502493     
                  127  0.50668486563930804     
                  128  0.50649320668932463     
                  129  0.50631712542621110     
                  130  0.50615590298384472     
                  131  0.50600889794683102     
                  132  0.50587554647102362     
                  133  0.50575535743123490     
                  134  0.50564790351560907     
                  135  0.50555280959903992     
                  136  0.50546974014216017     
                  137  0.50539838777118717     
                  138  0.50533846559003071     
                  139  0.50528970615059454     
                  140  0.50525187034853913     
                  141  0.50522476980502928     
                  142  0.50520830652087456     
                  143  0.50520253372280066     
                  144  0.50520774182787420     
                  145  0.50522457328133785     
                  146  0.50525416959907621     
                  147  0.50529835314949700     
                  148  0.50535984485539742     
                  149  0.50544251680327323     
                  150  0.50555167530783429     
                  151  0.50569436473750573     
                  152  0.50587967466961070     
                  153  0.50611902196527558     
                  154  0.50642636455385093     
                  155  0.50681828512351468     
                  156  0.50731386191533201     
                  157  0.50793422422654366     
                  158  0.50870167947818423     
                  159  0.50963830853265257     
                  160  0.51076397136554363     
                  161  0.51209376003731599     
                  162  0.51363508385967771     
                  163  0.51538475417323526     
                  164  0.51732660357293481     
                  165  0.51943025082090866     
                  166  0.52165153327336788     
                  167  0.52393484472364960     
                  168  0.52621719324507144     
                  169  0.52843336688028608     
                  170  0.53052132503504945     
                  171  0.53242692220999188     
                  172  0.53410730822759989     
                  173  0.53553272445977296     
                  174  0.53668678163274275     
                  175  0.53756555023496266     
                  176  0.53817588139497308     
                  177  0.53853333320609931     
                  178  0.53865996777812775     
                  179  0.53858217000456543     
                  180  0.53832855993354478     
                  181  0.53792803823609670     
                  182  0.53740800751738715     
                  183  0.53679282867761624     
                  184  0.53610257905098591     
                  185  0.53535216445911493     
                  186  0.53455080019616097     
                  187  0.53370182719800408     
                  188  0.53280278597718111     
                  189  0.53184564811847390     
                  190  0.53081711280145949     
                  191  0.52969891546130998     
                  192  0.52846816222673898     
                  193  0.52709778822585240     
                  194  0.52555732865620575     
                  195  0.52381427221578025     
                  196  0.52183630992268970     
                  197  0.51959475457082049     
                  198  0.51706922793002297     
                  199  0.51425334150289836     
                  200  0.51116053756060498     
