                    0  0.50629790364549210     
                    1  0.50629498005064855     
                    2  0.50628969407715385     
                    3  0.50627943269916775     
                    4  0.50625784745180280     
                    5  0.50620980943435367     
                    6  0.50610035600527803     
                    7  0.50585138867881763     
                    8  0.50529527750846093     
                    9  0.50408923014948559     
                   10  0.50157849546240652     
                   11  0.49664472739141718     
                   12  0.48774435292589569     
                   13  0.47361880239826565     
                   14  0.45493204366530088     
                   15  0.43534298965768026     
                   16  0.41946528631619628     
                   17  0.40934484210983191     
                   18  0.40401572565665961     
                   19  0.40157230990746967     
                   20  0.40056327318704738     
                   21  0.40018342944366708     
                   22  0.40005353956253020     
                   23  0.40001372243782518     
                   24  0.40000300244619164     
                   25  0.40000053859346846     
                   26  0.40000007435845353     
                   27  0.40000000704153715     
                   28  0.40000000034474109     
                   29  0.40000000000000019     
                   30  0.40000000000000019     
                   31  0.40000000000000019     
                   32  0.40000000000000019     
                   33  0.40000000000000019     
                   34  0.40000000000000019     
                   35  0.40000000000000019     
                   36  0.40000000000000019     
                   37  0.40000000000000019     
                   38  0.40000000000000019     
                   39  0.40000000000000019     
                   40  0.40000000000000019     
                   41  0.40000000000000019     
                   42  0.40000000000000019     
                   43  0.40000000000000019     
                   44  0.40000000000000019     
                   45  0.40000000000000019     
                   46  0.40000000000000019     
                   47  0.40000000000000019     
                   48  0.40000000000000019     
                   49  0.40000000000000019     
                   50  0.40000000000000019     
                   51  0.40000000000000019     
                   52  0.40000000000000019     
                   53  0.40000000000000019     
                   54  0.40000000000000019     
                   55  0.40000000000000019     
                   56  0.40000000000000019     
                   57  0.40000000000000019     
                   58  0.40000000000000019     
                   59  0.40000000000000019     
                   60  0.40000000000000019     
                   61  0.40000000000000019     
                   62  0.40000000000000019     
                   63  0.40000000000000019     
                   64  0.40000000000000019     
                   65  0.40000000000000019     
                   66  0.40000000000000019     
                   67  0.40000000000000019     
                   68  0.40000000000000019     
                   69  0.40000000000000019     
                   70  0.40000000000000019     
                   71  0.40000000000063329     
                   72  0.40000000001475378     
                   73  0.40000000017895432     
                   74  0.40000000149512871     
                   75  0.40000000963229765     
                   76  0.40000005086290352     
                   77  0.40000022871170049     
                   78  0.40000089901485048     
                   79  0.40000314874669080     
                   80  0.40000997120453813     
                   81  0.40002888189857116     
                   82  0.40007724365301001     
                   83  0.40019223460913367     
                   84  0.40044801126566948     
                   85  0.40098258071466114     
                   86  0.40203448775701023     
                   87  0.40398060036930283     
                   88  0.40734468521015738     
                   89  0.41271321684470125     
                   90  0.42049015247899929     
                   91  0.43053759951367182     
                   92  0.44197348645419304     
                   93  0.45341634667999148     
                   94  0.46356765593421156     
                   95  0.47167675690747690     
                   96  0.47761442701970996     
                   97  0.48166483381940045     
                   98  0.48427139242521522     
                   99  0.48586700374883063     
                  100  0.48680075923588789     
                  101  0.48732687457780088     
                  102  0.48762375396431412     
                  103  0.48782740884717624     
                  104  0.48807954806426052     
                  105  0.48860543993491790     
                  106  0.48985035496982238     
                  107  0.49270362359132502     
                  108  0.49876643320752850     
                  109  0.51033474566795922     
                  110  0.52933965429346241     
                  111  0.55508947041554757     
                  112  0.58314638745685410     
                  113  0.60774763767013851     
                  114  0.62544098853116392     
                  115  0.63614502419959651     
                  116  0.64171944187194085     
                  117  0.64426485476977513     
                  118  0.64530046530517138     
                  119  0.64568370685002052     
                  120  0.64581784941697828     
                  121  0.64586678748887671     
                  122  0.64589130628327596     
                  123  0.64591614537402309     
                  124  0.64595856197746937     
                  125  0.64604082017366593     
                  126  0.64619724777442122     
                  127  0.64647919391450548     
                  128  0.64695776941842997     
                  129  0.64772298142304607     
                  130  0.64887808721702012     
                  131  0.65052935564627667     
                  132  0.65277327155463039     
                  133  0.65568449327375522     
                  134  0.65930773079456140     
                  135  0.66365518139742974     
                  136  0.66870913513938346     
                  137  0.67442789613807463     
                  138  0.68075274893530113     
                  139  0.68761413444792208     
                  140  0.69493596797252066     
                  141  0.70263770119707614     
                  142  0.71063412738404119     
                  143  0.71883309721526478     
                  144  0.72713140530649345     
                  145  0.73540929683340928     
                  146  0.74352445382448917     
                  147  0.75130695616287302     
                  148  0.75855739052118643     
                  149  0.76505061797909002     
                  150  0.77054724068431857     
                  151  0.77481324036189936     
                  152  0.77764576901076654     
                  153  0.77890037820819036     
                  154  0.77851313658029131     
                  155  0.77651109996355605     
                  156  0.77300699807504236     
                  157  0.76817845689402664     
                  158  0.76223705701118971     
                  159  0.75539557064180207     
                  160  0.74784080178852674     
                  161  0.73971469111126975     
                  162  0.73110035641540672     
                  163  0.72200635524016243     
                  164  0.71234520612663033     
                  165  0.70191303531395710     
                  166  0.69039375191563457     
                  167  0.67742253104992323     
                  168  0.66273134299926950     
                  169  0.64635269994579425     
                  170  0.62879324471340536     
                  171  0.61105191495457212     
                  172  0.59439567589210940     
                  173  0.57993359738608496     
                  174  0.56819495861744540     
                  175  0.55898015018849567     
                  176  0.55158853343707692     
                  177  0.54524035011672323     
                  178  0.53939722630490516     
                  179  0.53384339010668458     
                  180  0.52859672830028559     
                  181  0.52378026343614181     
                  182  0.51952808719873822     
                  183  0.51593559478050566     
                  184  0.51303983302674216     
                  185  0.51081799825598662     
                  186  0.50919794685134645     
                  187  0.50807633140500263     
                  188  0.50733914771821342     
                  189  0.50687912021046455     
                  190  0.50660656546502991     
                  191  0.50645338386286298     
                  192  0.50637193745456155     
                  193  0.50633122336538727     
                  194  0.50631233802336395     
                  195  0.50630442937414277     
                  196  0.50630161012383890     
                  197  0.50630085344325682     
                  198  0.50630067400133405     
                  199  0.50630036014543556     
                  200  0.50629953711832698     
