                    0  0.54283578625185169     
                    1  0.54379408336198287     
                    2  0.54478624785905838     
                    3  0.54579864013969903     
                    4  0.54681398809184278     
                    5  0.54781191867663759     
                    6  0.54876978021725242     
                    7  0.54966368168686486     
                    8  0.55046964142436616     
                    9  0.55116472130388194     
                   10  0.55172802738839488     
                   11  0.55214148303392518     
                   12  0.55239031895380952     
                   13  0.55246326788991995     
                   14  0.55235249031402500     
                   15  0.55205328531849340     
                   16  0.55156365415109976     
                   17  0.55088378231988466     
                   18  0.55001549135476480     
                   19  0.54896168507995025     
                   20  0.54772577845993564     
                   21  0.54631104799154429     
                   22  0.54471977515123560     
                   23  0.54295195579802435     
                   24  0.54100319534865016     
                   25  0.53886116306893306     
                   26  0.53649957956484506     
                   27  0.53386808469391134     
                   28  0.53087544226077499     
                   29  0.52736260247064071     
                   30  0.52306234862264978     
                   31  0.51754758527412403     
                   32  0.51019070532390542     
                   33  0.50020665525667340     
                   34  0.48692104574565431     
                   35  0.47036317255742754     
                   36  0.45188785262280401     
                   37  0.43399509158996030     
                   38  0.41901453423645185     
                   39  0.40786225379937496     
                   40  0.40008410206354189     
                   41  0.39469494366698332     
                   42  0.39080926743059624     
                   43  0.38782834558396739     
                   44  0.38540330017963648     
                   45  0.38335555106313207     
                   46  0.38161965634290007     
                   47  0.38021935332678036     
                   48  0.37927617667357599     
                   49  0.37905303558600850     
                   50  0.38003760824645194     
                   51  0.38305630782302580     
                   52  0.38934764348198730     
                   53  0.40039156307616180     
                   54  0.41722594763895876     
                   55  0.43939543083314875     
                   56  0.46450031252860230     
                   57  0.48913558476090746     
                   58  0.51047511932253364     
                   59  0.52715680087806183     
                   60  0.53916212294394394     
                   61  0.54723667046731295     
                   62  0.55235466325768234     
                   63  0.55540420745088914     
                   64  0.55706870441207235     
                   65  0.55782281893527608     
                   66  0.55797461867257969     
                   67  0.55771512785262967     
                   68  0.55715947949769562     
                   69  0.55637626367251147     
                   70  0.55540668503473778     
                   71  0.55427635886270321     
                   72  0.55300228029797038     
                   73  0.55159681770673430     
                   74  0.55006994675081811     
                   75  0.54843047440647741     
                   76  0.54668669462688135     
                   77  0.54484672829213121     
                   78  0.54291868891196848     
                   79  0.54091075205202865     
                   80  0.53883117091509558     
                   81  0.53668826095460609     
                   82  0.53449036587666865     
                   83  0.53224581194104370     
                   84  0.52996285484539130     
                   85  0.52764962236405899     
                   86  0.52531405554064403     
                   87  0.52296385114527133     
                   88  0.52060640804484448     
                   89  0.51824877997526320     
                   90  0.51589763692389035     
                   91  0.51355923697475081     
                   92  0.51123941013610263     
                   93  0.50894355549717196     
                   94  0.50667665321913902     
                   95  0.50444329356628193     
                   96  0.50224772669904116     
                   97  0.50009393965560078     
                   98  0.49798577138438366     
                   99  0.49592708366856120     
                  100  0.49392201653608692     
                  101  0.49197537313208028     
                  102  0.49009320379242066     
                  103  0.48828369610529038     
                  104  0.48655853221162615     
                  105  0.48493495205419662     
                  106  0.48343886443160000     
                  107  0.48210946619670353     
                  108  0.48100591372615148     
                  109  0.48021648855871657     
                  110  0.47987003896681246     
                  111  0.48014751525444327     
                  112  0.48128710270675584     
                  113  0.48356962114035829     
                  114  0.48726573441805665     
                  115  0.49253559436744898     
                  116  0.49930779464638375     
                  117  0.50721150122598535     
                  118  0.51563427649078519     
                  119  0.52389622239013600     
                  120  0.53144078073681278     
                  121  0.53794164098235686     
                  122  0.54330193321122078     
                  123  0.54758791649188643     
                  124  0.55095046361707933     
                  125  0.55356492248953970     
                  126  0.55559607911653675     
                  127  0.55718287397722699     
                  128  0.55843505394993431     
                  129  0.55943564050068073     
                  130  0.56024549844371241     
                  131  0.56090811920015637     
                  132  0.56145383230167667     
                  133  0.56190322553841032     
                  134  0.56226980577070274     
                  135  0.56256202111764420     
                  136  0.56278477901791035     
                  137  0.56294057887421312     
                  138  0.56303035381829880     
                  139  0.56305409240740045     
                  140  0.56301129088627311     
                  141  0.56290127075802965     
                  142  0.56272338475950556     
                  143  0.56247712675915162     
                  144  0.56216215744984999     
                  145  0.56177825781838941     
                  146  0.56132522583378530     
                  147  0.56080273776954770     
                  148  0.56021020264128873     
                  149  0.55954664440357771     
                  150  0.55881064945937842     
                  151  0.55800041447051385     
                  152  0.55711391999893467     
                  153  0.55614923922396819     
                  154  0.55510496983889146     
                  155  0.55398075495981736     
                  156  0.55277784014891074     
                  157  0.55149960273567278     
                  158  0.55015198900762941     
                  159  0.54874380438730963     
                  160  0.54728681869411278     
                  161  0.54579566870831187     
                  162  0.54428755914648996     
                  163  0.54278177780962000     
                  164  0.54129905021156155     
                  165  0.53986076468629840     
                  166  0.53848810340387976     
                  167  0.53720112063371472     
                  168  0.53601781855236619     
                  169  0.53495328226280014     
                  170  0.53401894619108192     
                  171  0.53322206826176721     
                  172  0.53256548039894092     
                  173  0.53204766024820049     
                  174  0.53166313048369651     
                  175  0.53140314531433908     
                  176  0.53125657990744846     
                  177  0.53121090920844538     
                  178  0.53125315607465018     
                  179  0.53137070589291513     
                  180  0.53155191999068807     
                  181  0.53178652288168604     
                  182  0.53206577801453536     
                  183  0.53238249544723282     
                  184  0.53273092940502631     
                  185  0.53310662469347503     
                  186  0.53350626170039761     
                  187  0.53392753441157548     
                  188  0.53436907835676739     
                  189  0.53483044864833373     
                  190  0.53531213419985324     
                  191  0.53581558387621053     
                  192  0.53634321417075648     
                  193  0.53689836607817365     
                  194  0.53748518096386533     
                  195  0.53810837115489740     
                  196  0.53877287039770427     
                  197  0.53948336191984980     
                  198  0.54024369715356968     
                  199  0.54105623546718384     
                  200  0.54192115315461398     
