                    0   1.0000000000000000     
                    1   1.8363792936151445E-002
                    2   6.4954750137061711E-004
                    3   3.9656893511449731E-004
                    4   1.1673961008978091E-004
                    5   2.0959918135981184E-004
                    6  -1.8666551800701754E-005
                    7  -5.5811540517274006E-004
                    8   2.1242373848535683E-005
                    9   1.7384257485500136E-004
                   10  -5.4239254047983707E-005
                   11   7.8424875344600825E-004
                   12  -1.7201151878354072E-004
                   13  -7.2171724698848899E-004
                   14  -3.5558791603739560E-004
                   15  -1.7806722949844395E-004
                   16  -8.4259529355522453E-004
                   17  -1.3375434009567757E-004
                   18   1.2234409732459365E-004
                   19   1.6355153396377796E-004
                   20  -2.8295416589808051E-004
                   21   9.9514569799112688E-005
                   22   3.0038317461824151E-004
                   23  -6.3157486103548031E-005
                   24  -1.2391021537827099E-004
                   25  -4.8748485942080991E-004
                   26  -2.5928027655101085E-004
                   27  -1.0546815254079148E-004
                   28   3.7348263924089287E-004
                   29  -2.1633700365552549E-004
                   30   2.7167436562733365E-004
                   31   5.6935565750332372E-004
                   32   1.4258129416487586E-004
                   33  -1.5105625837868775E-004
                   34  -3.1793477053889649E-005
                   35  -5.0080753153424167E-004
                   36   1.0799281033742958E-004
                   37   2.3775075540625352E-005
                   38   4.8629097241039023E-004
                   39   9.1677185262738930E-005
                   40   4.8561408379547185E-004
                   41   2.9792142486509827E-004
                   42  -6.1453679615596326E-004
                   43  -6.0268070319516754E-004
                   44   5.6944065520846913E-004
                   45  -2.2367763229024526E-004
                   46   2.3453958212115987E-005
                   47  -2.2966999212693901E-004
                   48   6.9618734842677953E-004
                   49  -1.6937890299848542E-004
                   50   5.1081028090073442E-004
                   51  -1.2497210975939420E-004
                   52   6.5307406426104648E-004
                   53   1.7601759386113927E-004
                   54   3.3084399354416810E-004
                   55  -2.9872785445649619E-005
                   56  -2.3757723517398463E-004
                   57  -2.0873272147426758E-004
                   58   3.4474521939953129E-004
                   59   5.1752784995470454E-004
                   60   2.5240235652783581E-005
                   61   6.9214978900669448E-004
                   62  -1.6475297389486972E-004
                   63   9.6175139021464052E-005
                   64  -5.2438438362414799E-004
                   65   3.2722505552449852E-004
                   66  -1.7054066715442466E-005
                   67   4.4487310372540113E-004
                   68  -5.1903128152510482E-005
                   69   2.2413338177715554E-005
                   70   2.4826433951144391E-004
                   71  -6.0829215233488187E-004
                   72  -2.0307501787612920E-006
                   73  -1.9083858066157297E-004
                   74   9.2706038437654253E-005
                   75   1.6821600551106475E-004
                   76  -2.4081783894687870E-004
                   77  -1.3158279738950069E-004
                   78  -2.0173493198580991E-004
                   79  -1.9480696963056592E-004
                   80  -3.5391455560742144E-004
                   81   7.2082731051896989E-005
                   82   2.8684683987155414E-004
                   83  -1.2790971218085869E-004
                   84   4.4868510971764219E-004
                   85   1.0593634211870451E-004
                   86   6.4323307827772230E-004
                   87  -1.8864208204834453E-004
                   88   2.4374020638289921E-004
                   89   5.9688379489315335E-004
                   90   3.6104830182818212E-004
                   91   2.7471489097465876E-004
                   92   1.4810067100975296E-004
                   93  -2.3142009455626649E-004
                   94   1.1444758985908043E-004
                   95  -2.1323915020972562E-004
                   96   2.7302427899054911E-004
                   97   1.1217705825033631E-004
                   98   1.6037428231822025E-005
                   99   4.4793595159378142E-004
                  100   4.4483654340855453E-004
                  101  -6.8197903760688742E-004
                  102  -2.7516776369362385E-004
                  103   1.3976918803308506E-005
                  104  -1.1252727990394062E-004
                  105   2.4112001803576459E-005
                  106  -1.7535845764468592E-004
                  107   2.0125525814584423E-004
                  108  -5.5807919092201264E-004
                  109   1.6215375141066035E-005
                  110   3.0988930205435401E-004
                  111  -1.8067303462197777E-004
                  112  -3.0475316668587127E-004
                  113  -5.6073929629057737E-005
                  114  -4.9078221420430405E-005
                  115  -1.7012401229934420E-004
                  116   4.5246662942988896E-004
                  117   4.1249787079320770E-005
                  118   1.2657580585007355E-004
                  119  -7.6928972659559439E-004
                  120  -9.5373228368475250E-005
                  121   2.4197133175922060E-004
                  122   1.5498317336408161E-004
                  123   6.3671706392803715E-005
                  124   2.7498322182287611E-004
                  125   2.0230554201763363E-005
                  126   2.9750846546983790E-004
                  127  -4.4612973554403272E-004
                  128   2.1781545372120110E-004
                  129  -3.5515072284687484E-004
                  130   2.6071595132358687E-004
                  131   5.5187351514143724E-004
                  132   5.8383692254817805E-004
                  133  -7.4085059658443163E-004
                  134  -1.1724152315360805E-004
                  135  -3.2867829608661887E-004
                  136  -1.4952519389348733E-004
                  137  -1.0581926548995565E-004
                  138   8.5012252674637295E-005
                  139   2.5192727283076410E-004
                  140  -1.2790271481220880E-004
                  141  -1.3503906795191522E-004
                  142   1.5185539956211051E-004
                  143  -3.7362226800111305E-004
                  144   6.4980852161565115E-004
                  145   2.4608002390245280E-004
                  146   3.7621462956281192E-004
                  147   1.9988043987152168E-004
                  148   6.3257204491129764E-004
                  149  -5.8225001445452544E-004
                  150   2.5656334934632879E-004
                  151   4.0408755915610290E-004
                  152  -5.6470445382728789E-004
                  153   4.8740466965864368E-004
                  154   5.2700357869118510E-004
                  155  -7.5744202339740098E-006
                  156  -8.2127697153201645E-005
                  157  -6.8589432113961592E-004
                  158   1.3446784494019291E-004
                  159   7.6485617624236799E-005
                  160   1.5830635131998118E-004
                  161  -8.0089080934591792E-007
                  162   4.3419876746639094E-005
                  163   6.3549462409740484E-004
                  164   2.5117804154463407E-004
                  165   4.1380844292520887E-004
                  166  -3.6579598847808690E-004
                  167  -3.5320281506407781E-004
                  168  -6.8031309297466992E-005
                  169  -5.9262173659221484E-004
                  170   2.5615419824433916E-004
                  171  -1.0397773742419590E-003
                  172   3.1253866022790220E-004
                  173  -7.6783867486818151E-005
                  174  -3.2164841908477568E-004
                  175   3.2696773153310807E-004
                  176  -7.0766324837578893E-005
                  177  -2.3794764036275337E-004
                  178  -3.4594885906417771E-004
                  179   2.2187260944647009E-004
                  180  -6.1324261058155456E-004
                  181  -9.2244061741089841E-005
                  182   3.9623124426584728E-004
                  183  -1.6276938255659090E-004
                  184   2.4303014057042131E-004
                  185  -2.5183350676719323E-004
                  186  -3.5588992723973163E-004
                  187   1.8792943981478695E-004
                  188  -5.4811828363133890E-004
                  189  -5.1596641757376108E-005
                  190   4.9214829913245620E-004
                  191  -1.1915704974721180E-004
                  192  -2.3511415279381029E-004
                  193   2.5293297108484034E-004
                  194  -2.1038770261191670E-004
                  195  -3.9304339421685213E-004
                  196  -4.3614817532904574E-004
                  197   9.7815807852474923E-004
                  198   1.4477632853607131E-004
                  199  -5.1320671653496617E-005
                  200  -3.4233102266394675E-005
                  201  -2.7125113721912953E-004
                  202  -1.0573414460231257E-004
                  203   1.3532515965048564E-004
                  204  -6.8167718456859518E-006
                  205   2.2374632082501107E-004
                  206  -7.4984093891696055E-004
                  207  -2.8396944921096003E-005
                  208   3.6283672647559883E-005
                  209  -9.4515801395914106E-005
                  210  -6.5694111525861213E-006
                  211  -5.4757373071642886E-004
                  212   2.2502413190807744E-004
                  213  -1.7228713872778233E-004
                  214   2.0690456199692016E-004
                  215  -3.0196534062446707E-004
                  216  -5.4800628540635954E-004
                  217   3.2797608461864174E-004
                  218  -6.4950435196906690E-005
                  219   3.0475298034562892E-005
                  220   2.8200445973684222E-004
                  221  -1.1552067771392809E-004
                  222   4.6076102046301108E-005
                  223  -1.1689382753603347E-004
                  224   2.0508293068148485E-004
                  225   2.8550170941847502E-005
                  226  -2.0144234479909265E-004
                  227   1.9253048506111755E-004
                  228  -1.9040273553614815E-004
                  229  -5.3639370284579190E-004
                  230   4.0416396368515926E-004
                  231   4.1329413570913770E-004
                  232   1.1918316157493670E-004
                  233   9.6353072176380206E-005
                  234  -3.3007679079060439E-004
                  235   4.0736350531301528E-004
                  236  -4.9863239737694281E-004
                  237  -2.2250552136120804E-004
                  238   3.2981433023981764E-004
                  239   1.0105060034329014E-005
                  240  -8.4926845442402630E-005
                  241   3.0283539770244975E-005
                  242  -5.2481407703228072E-005
                  243   3.4035770735155510E-004
                  244   3.0294316875589355E-004
                  245   5.3530315922433976E-005
                  246  -1.3418923189165746E-004
                  247   4.2013792655081557E-004
                  248  -7.2338781368131450E-005
                  249   4.0634168527292635E-004
                  250  -2.8604538160494894E-004
                  251  -2.8989484631471824E-004
                  252  -2.9342838201865069E-004
                  253  -2.6602140079703046E-005
                  254  -2.6036755867873301E-004
                  255   2.2303494599539757E-004
                  256   7.8199937908350430E-004
                  257  -4.8074734215908038E-004
                  258  -2.0261915581670293E-004
                  259  -5.5510541841592850E-004
                  260  -2.4479378391641560E-004
                  261   6.7692177918187820E-005
                  262   2.3164969968585727E-004
                  263  -4.5961524316105219E-004
                  264  -6.4184485770327791E-006
                  265  -2.3088039620348697E-004
                  266  -6.5437459994509381E-004
                  267   1.9209993569639905E-006
                  268  -3.9685438090294545E-004
                  269  -4.7023340388879672E-004
                  270  -2.7052413460862211E-004
                  271   6.4683039979893544E-006
                  272   2.7242630764845362E-004
                  273   3.0508455792019394E-004
                  274   4.2384888411399134E-005
                  275  -1.1508305461939022E-004
                  276   3.0301541531588928E-004
                  277  -2.5047077747581770E-004
                  278  -3.1124780711940664E-004
                  279  -2.8130200185787403E-004
                  280   1.4887791273797705E-004
                  281   2.0706231886092257E-004
                  282   4.0679970198554159E-004
                  283  -5.9680334586347547E-004
                  284   1.9480577468313900E-004
                  285  -4.5487030637881908E-004
                  286   5.7346416343132000E-004
                  287   4.3722838239370915E-004
                  288   7.0860911853140791E-004
                  289  -1.3802806705825787E-004
                  290  -3.1438609648301459E-005
                  291  -7.6405804008697768E-006
                  292   6.7004111570140995E-004
                  293  -1.1980593774708789E-004
                  294   2.9232432072621317E-004
                  295  -1.1181889174933460E-004
                  296  -2.8101004141849103E-004
                  297  -1.1714546246915315E-003
                  298   5.1802235050221930E-004
                  299   1.9418202055215426E-004
                  300  -4.3167971985021971E-004
                  301  -1.1001618695167940E-004
                  302   2.2225664334249559E-004
                  303   4.4412866028573528E-004
                  304   1.8296357607454827E-004
                  305  -8.9041674746436028E-005
                  306   3.9419259953996213E-004
                  307  -1.5560827346125042E-004
                  308   1.8659351134560972E-004
                  309  -4.3291008336248689E-004
                  310  -5.2049643098993044E-004
                  311   9.8883143425983121E-005
                  312  -2.1262466628813959E-004
                  313   2.1777209486416107E-004
                  314   2.9509727828709321E-004
                  315  -2.8603032408308913E-005
                  316  -3.5957270786328400E-004
                  317  -1.0782908965450879E-004
                  318   1.2865473339270777E-004
                  319   7.0148836690323424E-007
                  320   4.1588823030962960E-004
                  321  -2.1319165988279443E-004
                  322  -1.6826012539196387E-004
                  323  -3.3903780956200184E-005
                  324  -1.5620312166835128E-004
                  325  -4.5333601742655535E-004
                  326  -4.8004042052348105E-005
                  327   1.6600294762875726E-004
                  328  -2.3768521220307096E-004
                  329   4.2770500325395675E-005
                  330   1.4407447623211866E-004
                  331  -5.9299034488723390E-005
                  332   1.2235603262634480E-004
                  333  -6.6058843270775199E-005
                  334   7.9345265689770173E-005
                  335  -4.9929844476831085E-004
                  336  -2.2689476068114817E-004
                  337  -3.7275059098264393E-005
                  338   7.6180666057741031E-005
                  339  -5.4168481154187382E-005
                  340   1.0782188669053065E-004
                  341   5.5468379460481385E-004
                  342   2.6028454170648582E-004
                  343   3.7256858986111236E-004
                  344  -1.9280864697461116E-004
                  345   2.2801500366153145E-004
                  346   3.6854044304912321E-004
                  347   1.3845268869112421E-005
                  348   8.6782039734466389E-006
                  349  -3.7507869193456242E-004
                  350  -7.0046594709794960E-004
                  351   1.3785230040060548E-004
                  352   3.1071518063836314E-004
                  353  -2.2567739463670981E-004
                  354  -3.3936249697930570E-004
                  355  -8.0676060977468160E-004
                  356   4.4321729679010322E-004
                  357   4.1181738954246770E-004
                  358  -1.6746745827939154E-004
                  359   2.1091011287341984E-004
                  360  -3.1279219166851737E-004
                  361   6.1578633350142841E-004
                  362  -3.5222711633344845E-004
                  363  -1.6556496156514740E-004
                  364  -8.4968469101130218E-004
                  365   3.8752562059891427E-004
                  366   1.4690812191432893E-004
                  367   1.2885157845356562E-004
                  368  -5.4638242993817377E-005
                  369  -1.7245335637776981E-004
                  370   1.9615991367284797E-004
                  371  -2.5754311887266832E-004
                  372  -5.2226897431574906E-004
                  373   2.4517910397039928E-004
                  374   1.6170122431286057E-004
                  375  -5.2056877856912411E-004
                  376   4.6031697705844915E-005
                  377   1.2373757933238042E-004
                  378   7.4874677516155336E-005
                  379  -8.7357683810263226E-005
                  380   1.7743260281547686E-004
                  381   5.4901255254000345E-006
                  382  -1.2822828859762221E-004
                  383  -2.9052062788679795E-004
                  384   9.4223529010409963E-004
                  385   1.2895253061350791E-004
                  386   6.1343060865091861E-004
                  387  -1.0581361821104961E-004
                  388   8.6138561730554061E-005
                  389  -2.0842371687474393E-004
                  390  -2.2561149138111751E-004
                  391   3.9972970148460389E-004
                  392   1.6385762782490675E-004
                  393  -4.6681051718404088E-004
                  394  -3.4436532453849787E-004
                  395   2.4940852749595610E-004
                  396  -3.0494341917824936E-004
                  397   7.2009317207885680E-006
                  398   4.5792383065127292E-004
                  399   1.8535591811152965E-004
                  400   6.0015577946176261E-004
                  401  -7.3822570915790310E-005
                  402  -1.3148956687163970E-004
                  403   1.3380108568462770E-005
                  404  -5.9568583325906360E-005
                  405  -3.4137988216588347E-004
                  406  -7.3952431585707560E-004
                  407  -6.4646365106612474E-004
                  408  -3.9094006260542350E-004
                  409   3.5835550497740422E-004
                  410   4.1212274056189816E-004
                  411  -2.7041839521026099E-005
                  412  -1.5125107451940487E-004
                  413  -4.2630624731183778E-004
                  414   2.6369346425135140E-004
                  415  -2.2569283848878911E-004
                  416  -1.2395306422393216E-004
                  417  -3.8679756869715635E-004
                  418  -1.7701031788861941E-004
                  419   6.2913469506496603E-004
                  420   1.3254910236973271E-004
                  421  -1.2333165779759701E-004
                  422  -2.3028812681181240E-004
                  423  -4.4352076619339601E-005
                  424   5.8078723384192691E-005
                  425   3.2291113649270364E-004
                  426  -1.6799299078316634E-004
                  427   1.0633954637056248E-004
                  428   1.9010526426733741E-004
                  429  -1.1187090186972476E-004
                  430  -1.8875700149527806E-004
                  431  -3.3790980149269329E-004
                  432  -3.4687265357342083E-004
                  433  -3.1994779888009256E-004
                  434  -2.9191104698383257E-004
                  435  -6.0876853928717225E-005
                  436   3.2951341636450247E-004
                  437   3.3045754363557643E-006
                  438   5.0253044121060241E-005
                  439   3.6414354410717244E-004
                  440  -4.3683968298523511E-004
                  441  -4.2708704463817980E-004
                  442  -2.0042560412602818E-004
                  443   1.3731813472972934E-004
                  444  -2.1237434081612888E-004
                  445  -3.2782519631377016E-004
                  446  -3.0594329783091578E-004
                  447   1.9201753694218521E-005
                  448   4.0088491465491724E-004
                  449   2.0340673797045308E-004
                  450  -3.9778797656973870E-005
                  451  -2.4702742544986573E-005
                  452  -1.6924078400548811E-004
                  453   4.4324810756231516E-004
                  454   3.9074448431622184E-004
                  455   1.2528976016105341E-004
                  456   5.5038304566180452E-004
                  457   6.2480489064794682E-005
                  458  -1.5989354509878499E-004
                  459   7.2312187026839553E-005
                  460  -4.7994405770620873E-004
                  461  -1.7291689751515243E-004
                  462  -3.4267797471192809E-004
                  463   9.2472093864275298E-005
                  464  -3.3020160372184456E-004
                  465   3.4773469891355142E-005
                  466  -2.0938348069236226E-005
                  467  -3.7489008936381513E-004
                  468  -1.9580763003743812E-004
                  469  -4.1381424826019667E-004
                  470   4.1770140436445032E-004
                  471   2.6305624422960752E-004
                  472   6.4622762411514217E-005
                  473  -2.4604346564642993E-004
                  474   6.3887590806629049E-005
                  475   8.2142071255485627E-004
                  476   6.0967397262659377E-004
                  477   2.1800082781395154E-004
                  478   1.4622768347832737E-004
                  479  -1.3305138191979521E-004
                  480  -3.4864350445845563E-004
                  481   3.9192087785998151E-004
                  482   1.6454580711554119E-004
                  483  -5.2724120373189866E-004
                  484  -7.4741471766914857E-004
                  485   3.0786664136456059E-004
                  486   3.6991495094883232E-004
                  487  -1.3617191654332345E-004
                  488  -3.3863848747609773E-004
                  489  -7.2915435680846155E-004
                  490  -3.7046256815318932E-004
                  491  -1.9123383856229576E-004
                  492  -7.0199499589503078E-005
                  493  -8.5739147351460000E-005
                  494  -9.4319244814004588E-005
                  495  -6.3890027827550504E-004
                  496  -2.6262534038494251E-004
                  497  -9.4292359576756172E-005
                  498   5.0087536747706225E-004
                  499  -1.0879390765759873E-004
                  500  -2.0597423783622019E-004
                  501   6.5639011951110595E-004
                  502  -9.2958295459608616E-005
                  503   1.1540832955708772E-004
                  504   4.2138675939754224E-004
                  505   5.6332258804671332E-004
                  506   3.4851631073107807E-004
                  507   1.5341254521100540E-004
                  508  -4.6461440872556324E-004
                  509   1.1412637882673898E-004
                  510  -4.9164900447014998E-004
                  511   4.7566699459836972E-004
                  512   6.2203577529443429E-004
                  513   7.5623706944280545E-004
                  514   1.1298937094533334E-004
                  515  -2.6070586535719467E-004
                  516   8.6952219616711363E-005
                  517   4.1305116774655861E-004
                  518  -1.1919266983787528E-004
                  519  -4.2171699673232660E-004
                  520   2.2365341326943520E-004
                  521   4.2131812096548622E-004
                  522   4.2436569513281964E-004
                  523   1.7743348194631221E-006
                  524  -4.9689330577940536E-004
                  525  -6.5077565533890318E-004
                  526   2.3358861782250958E-004
                  527   1.0313301519483728E-006
                  528  -6.0536366600266465E-005
                  529  -1.4155235300033109E-004
                  530  -1.0456799855921852E-004
                  531  -3.5480299989890519E-004
                  532   2.0641706839460275E-004
                  533  -6.6354617926633213E-004
                  534  -4.9883816960703852E-004
                  535   1.2502872615204137E-004
                  536  -1.0418064493097619E-003
                  537   2.1452164774100392E-004
                  538  -9.5848224053598084E-005
                  539  -8.5620644547477155E-005
                  540  -2.8744606480103136E-004
                  541  -6.7506471340461331E-005
                  542   2.3591957676943328E-004
                  543   1.9691014881794252E-004
                  544  -9.1426722131137794E-005
                  545  -3.3123141155602117E-004
                  546   4.9765864420454073E-004
                  547   1.4173085964169923E-004
                  548  -1.7747468804537803E-004
                  549   4.0429019003093084E-004
                  550   1.4282284553964009E-004
                  551  -2.4909834904764539E-004
                  552  -4.7362097754418965E-005
                  553   1.1746871723816629E-004
                  554  -2.2426763010603823E-004
                  555   5.7062122637087549E-004
                  556   5.4555481539819787E-005
                  557  -3.6588055198016770E-004
                  558   2.6578864836746848E-004
                  559   2.4733245832298857E-004
                  560  -3.8499137216916414E-004
                  561   1.5623270692579407E-004
                  562   1.0569531173977570E-004
                  563   1.6099284181968072E-004
                  564  -9.2787698921929868E-006
                  565   1.1382587563717895E-004
                  566   5.2636530639886626E-006
                  567   2.9122373697360760E-006
                  568   5.2237954088976113E-005
                  569   8.5171023218223892E-004
                  570   3.5922193641693927E-005
                  571   2.1745970599511689E-004
                  572  -3.0630440143025256E-004
                  573  -1.4525946622309806E-004
                  574  -7.2535085564763577E-005
                  575   7.7700562071613452E-004
                  576  -3.0345056278544615E-004
                  577   2.0933450821820316E-004
                  578   1.5071942467635911E-004
                  579  -4.5654921803548674E-004
                  580   2.0225951499557758E-004
                  581   4.5564328678952061E-004
                  582  -2.2921424551292319E-004
                  583   7.3358194159995493E-005
                  584  -6.2472441573316331E-005
                  585  -1.9733703831987192E-004
                  586  -1.6017988688519959E-005
                  587   3.8877981852921886E-004
                  588  -5.2625029975473640E-005
                  589   2.3056258942341391E-004
                  590  -4.7152017749722445E-004
                  591  -4.5185741653341091E-004
                  592   5.9757231607435993E-004
                  593  -9.5399250333852645E-005
                  594  -1.9640179282535166E-005
                  595   1.5915839482139794E-004
                  596   2.5151889875765435E-004
                  597  -2.3191413676983176E-004
                  598   2.4448467514880389E-004
                  599   1.6827130570087779E-005
                  600   2.8971192733110519E-004
                  601   1.4969033931376988E-004
                  602   4.8302456160495127E-004
                  603  -3.5530329192619731E-004
                  604   2.5490954035430736E-004
                  605   4.3821133227969407E-005
                  606   5.3864373554487761E-004
                  607  -6.1846248495925034E-004
                  608  -3.6615176938493694E-004
                  609   3.6019572727333493E-004
                  610   6.0882474928741883E-006
                  611  -1.0466709422528901E-004
                  612   2.3292935563825302E-004
                  613   3.0527737861413463E-004
                  614   2.1150189959225513E-004
                  615  -5.7013959199541232E-004
                  616  -2.9958670349868348E-004
                  617   1.3395547140648587E-004
                  618   2.0812980480216221E-004
                  619   4.4539322673729358E-004
                  620   2.7652675615681482E-004
                  621  -1.2543071466898970E-004
                  622   2.9391465784564720E-004
                  623  -6.8828241238454979E-005
                  624   5.5296246748996643E-005
                  625   5.0538993114576506E-004
                  626   3.9045588694323452E-004
                  627   4.7241718074878854E-004
                  628  -4.9946320939118355E-004
                  629   3.1573910479333898E-004
                  630   6.1065027265001494E-005
                  631  -1.2176700939119008E-004
                  632   2.1930208506486730E-005
                  633  -3.1570974117863044E-005
                  634   2.4811305684833485E-004
                  635  -9.4116788364400174E-005
                  636  -6.8350928145577980E-004
                  637  -3.8819159611904608E-004
                  638   3.4059645932805170E-004
                  639   4.4008895765479991E-004
                  640  -3.1950475315277341E-004
                  641   3.7501905305414602E-004
                  642   2.7523639827387724E-005
                  643   2.1157027270200316E-004
                  644  -2.6585956224555737E-004
                  645   5.2420505152801897E-004
                  646  -2.0038336397663428E-004
                  647  -6.4056380952299077E-004
                  648  -1.1673021949860015E-004
                  649  -3.3156949097247143E-004
                  650   3.6461203456405989E-004
                  651  -3.0281512978468024E-004
                  652   1.5257384333502218E-004
                  653  -3.0443489280620984E-004
                  654  -2.2656174424922536E-004
                  655  -6.6158662607611253E-004
                  656   2.5684579590114009E-004
                  657  -6.1600079288289141E-004
                  658  -1.8941723091619013E-004
                  659   4.6965163191185918E-004
                  660   6.2486086860114877E-004
                  661   7.9110215450352159E-005
                  662   7.2238681056537219E-004
                  663   1.2094384395054382E-004
                  664  -1.3878765561928950E-006
                  665  -2.2445970361167873E-004
                  666  -5.3764551352735270E-004
                  667   6.4025286530121394E-004
                  668  -1.6826756999245137E-004
                  669   2.4650731898329060E-004
                  670   5.6135202854365311E-004
                  671   1.5148914792466464E-004
                  672  -4.1146875494695452E-004
                  673  -4.9200954549462642E-004
                  674  -1.4506496036193579E-004
                  675   1.9978131056769564E-005
                  676  -1.1836501240221895E-003
                  677  -4.5763401508447593E-004
                  678   2.0427199869649089E-004
                  679   9.3814302992727670E-004
                  680  -4.9617075970746874E-005
                  681   3.7923352765578951E-005
                  682   2.2367765350943145E-005
                  683   3.1372544752085490E-004
                  684  -2.2758764709656054E-004
                  685  -3.0309927403116406E-004
                  686  -7.7798783777145334E-005
                  687   4.3709143173933902E-004
                  688   1.5096686774783349E-004
                  689   2.1951447719336078E-004
                  690   4.8843235846479954E-006
                  691  -4.5400213337418914E-004
                  692   9.3215791276439653E-006
                  693   2.3725342794747192E-005
                  694   2.8869413168466289E-004
                  695  -3.7860436561921930E-004
                  696  -1.3159469085304482E-004
                  697   1.4364734117644788E-005
                  698   2.6167310078687285E-004
                  699   3.0811603720151372E-004
                  700  -6.9236441958181547E-004
                  701  -1.3390366252685051E-004
                  702  -2.3122854370575315E-004
                  703  -3.3305407831834085E-004
                  704  -2.8409133640621483E-004
                  705  -1.0162645299712396E-005
                  706   1.7957682035516949E-004
                  707   1.1223303436573783E-004
                  708  -3.7310582763318654E-005
                  709  -2.1093287902082135E-004
                  710  -2.2811172281369217E-004
                  711  -1.3791230025948456E-004
                  712   3.7171832120792673E-004
                  713  -2.1657157035313517E-004
                  714   6.7534847922812795E-005
                  715   4.8826297793286755E-004
                  716   9.1597902186265159E-005
                  717  -3.8404858180714815E-004
                  718   1.6063442806249929E-004
                  719   4.7992782198654794E-006
                  720   9.5381607015914612E-005
                  721   2.8900662911710608E-004
                  722   3.7042627041878674E-004
                  723  -4.3032781483175485E-004
                  724   7.2165775039276502E-005
                  725  -1.4589388126672303E-004
                  726  -1.5054991837441242E-004
                  727  -1.3713479101857545E-004
                  728  -5.3354138126953429E-005
                  729  -8.4816898593935333E-004
                  730  -2.2402994064968035E-004
                  731  -2.5259195789995882E-004
                  732   6.8497618855611333E-005
                  733   4.6732833830985299E-004
                  734   1.6052362048401400E-004
                  735  -6.8825658612091831E-005
                  736  -6.3707639271747365E-004
                  737  -2.8744549985510641E-004
                  738   4.4506621512157695E-005
                  739  -2.9843463107864999E-004
                  740   6.7181780597686647E-005
                  741  -2.7735620984919964E-005
                  742   2.3546643502983517E-004
                  743   2.7580397940461191E-004
                  744  -3.1843993006157821E-004
                  745  -7.3113253749393771E-004
                  746  -5.3667985292341210E-004
                  747   2.0285436196190644E-004
                  748   8.8932695396650493E-004
                  749  -5.0982711448775220E-004
                  750   1.4332591122170299E-004
                  751   4.1676948937722460E-005
                  752   1.3358853608813848E-004
                  753   7.9421759417128883E-005
                  754   1.9378287976880201E-004
                  755   1.3894337978617022E-004
                  756   1.8749761571447461E-004
                  757   2.1215625078620755E-004
                  758  -3.8666597874222466E-005
                  759  -5.0455707706204651E-004
                  760  -2.7622625049138352E-004
                  761   1.6054018015880253E-005
                  762   5.8223096410526718E-004
                  763   3.5089672145019349E-004
                  764   4.7774007503088265E-004
                  765  -4.5340170838339191E-004
                  766  -3.2043716216911767E-004
                  767   2.5233958987523419E-004
                  768   8.4009672250903960E-004
                  769   1.1556875094378117E-004
                  770   3.9647919385047895E-004
                  771  -2.2385562428800428E-004
                  772  -2.2000338037280080E-004
                  773   9.1968140060827072E-004
                  774  -6.4521462765958706E-005
                  775  -4.0519422999487785E-004
                  776   3.6872545336897591E-004
                  777   1.2216926515380195E-004
                  778  -1.4652751251540162E-004
                  779   2.2651855108954593E-005
                  780   3.6789231768351088E-004
                  781   2.4073632570800963E-004
                  782  -2.5101011597637236E-004
                  783  -8.0358047222591118E-004
                  784   4.1127347110929250E-004
                  785   1.6788967752144360E-004
                  786  -5.2102057370415490E-004
                  787   2.1712984138448773E-004
                  788   3.8336509983401019E-004
                  789  -1.0064678648112685E-004
                  790   1.8472240824235841E-004
                  791   1.1767798611024312E-005
                  792  -7.2053375725258980E-005
                  793  -3.2757061854166977E-004
                  794  -1.3087562681622872E-004
                  795  -5.8143701270854946E-004
                  796  -1.8405924138714048E-004
                  797  -3.9980826749205805E-004
                  798  -3.3235359491989711E-004
                  799  -2.0864337474511683E-004
                  800   2.4247114908150692E-004
                  801   1.6498617178158928E-007
                  802   4.6992960281511332E-005
                  803   2.0268549979379538E-004
                  804   5.9134009562296624E-004
                  805   3.2900649650208581E-005
                  806   3.4163627746702498E-005
                  807   4.9681539654321532E-004
                  808   3.3087757695256329E-004
                  809   3.0761551310377937E-004
                  810  -3.3241914452264112E-004
                  811  -6.4604835661725469E-004
                  812   3.2451047874460599E-005
                  813  -8.8872478097079956E-004
                  814  -5.2773922397072925E-005
                  815   3.8776972674639868E-004
                  816  -7.6058626916506754E-005
                  817  -2.0989461941924297E-004
                  818   6.8815760073439659E-004
                  819   3.3373030753324189E-004
                  820   1.9557851163645859E-004
                  821  -3.5225386234783470E-004
                  822   3.6954763297079125E-004
                  823  -2.6090844875952657E-004
                  824   2.3571336390859103E-004
                  825   4.7891688432558267E-004
                  826   3.4194945839785161E-005
                  827   3.8989602437610051E-004
                  828  -3.9969854696147907E-004
                  829  -4.1739931395512063E-004
                  830   2.8712654797885225E-004
                  831   3.5855622797930601E-004
                  832   3.4115500079304401E-004
                  833   2.2495763998525225E-005
                  834  -6.8763034432374614E-005
                  835  -1.1212516936602464E-004
                  836   2.8319459673742869E-004
                  837  -3.6193929197428037E-005
                  838   3.2650124719376251E-004
                  839  -3.8462404803617733E-004
                  840   2.9227020495540376E-006
                  841  -3.3891484011997299E-004
                  842  -1.9263105207888324E-004
                  843  -1.5107873999295620E-004
                  844  -4.7577379778870150E-004
                  845   3.5659591006966126E-004
                  846  -2.6044124399986413E-004
                  847   5.9722552736502378E-004
                  848   1.7563103626521242E-004
                  849   1.0482711139623455E-004
                  850   9.0690462731530787E-005
                  851  -4.1523679389011827E-005
                  852   8.9365001635373093E-005
                  853  -4.2033350235121385E-004
                  854   1.9437181452600818E-004
                  855  -1.0628361904103478E-004
                  856  -3.2487596221897276E-004
                  857   4.4245977001419566E-004
                  858  -5.8748168140140378E-004
                  859  -2.1218834837502763E-005
                  860  -4.9200065142378225E-004
                  861   2.8151314781697052E-004
                  862  -1.0327597443441704E-004
                  863   5.8053618854451657E-004
                  864  -5.3138773927038062E-005
                  865  -1.4073829464844703E-004
                  866  -4.6207592850536871E-005
                  867   1.6299729293762835E-004
                  868   1.2821373780378561E-004
                  869  -7.1104352962301086E-005
                  870  -1.0195838953571984E-004
                  871  -3.0404208938230573E-004
                  872  -3.7012765778331088E-004
                  873   7.3046323246769309E-005
                  874   5.7781201439085615E-005
                  875  -5.7007631433203716E-005
                  876  -2.7555445521281342E-004
                  877   9.0893014007225432E-005
                  878   2.1725358503009494E-004
                  879   3.7142753757447107E-004
                  880   3.5807817383676341E-004
                  881  -2.8216043392030270E-005
                  882   8.3430624130510829E-005
                  883  -2.7725166189274109E-004
                  884  -9.1621190407408627E-005
                  885   6.8303009994603945E-004
                  886  -2.4826653980486701E-004
                  887  -3.1806223589038370E-005
                  888  -5.0574219537132513E-004
                  889  -4.4258098478058123E-004
                  890  -1.2723387090038017E-004
                  891   1.6275122249979844E-004
                  892   4.1821919680045788E-004
                  893   2.1392766178315590E-004
                  894  -2.3823408086855885E-004
                  895  -7.5292803840931207E-005
                  896  -3.6372691597795319E-004
                  897   2.5189016491645099E-004
                  898   8.0739719209787283E-004
                  899   4.5479136240652321E-004
                  900   2.9123892896630859E-004
