                    0   1.0000000000000000     
                    1  0.68857136744123004     
                    2  0.50531441551534706     
                    3  0.38658491399769807     
                    4  0.30507959668723439     
                    5  0.24672963699848344     
                    6  0.20348221348473777     
                    7  0.17062252744890102     
                    8  0.14467970698032601     
                    9  0.12437088975677939     
                   10  0.10799310405120516     
                   11   9.4557885268560682E-002
                   12   8.3301561852969344E-002
                   13   7.3865099405460030E-002
                   14   6.5822336247163410E-002
                   15   5.8904215000130496E-002
                   16   5.3081514369033023E-002
                   17   4.8022010633623456E-002
                   18   4.3752097918212836E-002
                   19   4.0273929544737914E-002
                   20   3.6857866219270514E-002
                   21   3.3634432516278269E-002
                   22   3.0770238206377223E-002
                   23   2.8223514402226965E-002
                   24   2.6191075376295159E-002
                   25   2.4204926198207428E-002
                   26   2.2601485986713535E-002
                   27   2.1053173090301910E-002
                   28   1.9163534878763461E-002
                   29   1.7449390875819048E-002
                   30   1.6491957151013162E-002
                   31   1.5781142074480423E-002
                   32   1.4631866970935195E-002
                   33   1.3698120610424405E-002
                   34   1.2810590639006643E-002
                   35   1.1952795863508784E-002
                   36   1.1657867881604606E-002
                   37   1.1206604354221180E-002
                   38   1.0537883963009486E-002
                   39   9.8339245389174844E-003
                   40   9.3587061258718317E-003
                   41   8.6690183472793794E-003
                   42   8.1960091162387623E-003
                   43   7.7476101751168839E-003
                   44   7.3413827257088711E-003
                   45   6.9478969759493242E-003
                   46   6.6614578459603824E-003
                   47   6.2551408889257440E-003
                   48   5.7172284637477169E-003
                   49   5.2250103546824375E-003
                   50   4.6298796495798222E-003
                   51   4.2743913807028909E-003
                   52   3.5541097314660064E-003
                   53   3.2034707020995078E-003
                   54   3.0415303229573538E-003
                   55   2.7090277779212779E-003
                   56   2.5397986550945457E-003
                   57   2.5548600401683152E-003
                   58   2.5543284544231725E-003
                   59   2.5048663741274839E-003
                   60   2.2757944157699001E-003
                   61   1.9900223816359777E-003
                   62   1.5909820993418797E-003
                   63   1.4045818555315033E-003
                   64   1.3558010803785892E-003
                   65   1.5563703212459145E-003
                   66   1.5433025057862728E-003
                   67   1.5630747233733389E-003
                   68   1.7068287339834171E-003
                   69   1.7371825945614548E-003
                   70   1.7566861827950863E-003
                   71   1.9278910347210194E-003
                   72   2.3193793763670216E-003
                   73   2.3616324722915793E-003
                   74   2.2494098313808946E-003
                   75   2.1819310644857742E-003
                   76   2.3578551619714756E-003
                   77   2.5163403303125483E-003
                   78   2.5673477677080336E-003
                   79   2.3027532024177525E-003
                   80   2.0262097955228791E-003
                   81   2.0134066395475999E-003
                   82   2.1844095781983481E-003
                   83   2.1040784207073007E-003
                   84   2.0041981341950604E-003
                   85   1.7492134912917908E-003
                   86   1.7407371854051830E-003
                   87   1.5438296644822288E-003
                   88   1.3382513450204431E-003
                   89   1.2080594417819670E-003
                   90   1.1696299334641872E-003
                   91   1.0626140406126976E-003
                   92   1.3250706003867371E-003
                   93   1.3572647900287847E-003
                   94   1.5041324568676006E-003
                   95   1.4684192586854091E-003
                   96   1.5447978072932777E-003
                   97   1.7075705614530174E-003
                   98   1.5043143663744740E-003
                   99   1.6040565699560231E-003
                  100   1.5226092809412397E-003
                  101   1.4266982353942684E-003
                  102   1.0148387728691199E-003
                  103   7.7568696325911487E-004
                  104   6.9663883472501954E-004
                  105   7.3773156501498189E-004
                  106   7.8195993139468006E-004
                  107   3.7939567260319426E-004
                  108   1.9885084395759837E-004
                  109   3.3053594995442498E-004
                  110   5.6878267871842065E-004
                  111   8.4549831951548826E-004
                  112   8.4345406149248427E-004
                  113   7.4407472639834637E-004
                  114   8.3434748707638859E-004
                  115   1.0212893727329735E-003
                  116   7.6671280846905279E-004
                  117   3.7948201207300091E-004
                  118   6.1470433459590845E-005
                  119  -1.8532727658281196E-004
                  120  -1.1168998580815754E-004
                  121  -1.0791030747323871E-004
                  122  -8.0425035445287517E-006
                  123   1.4492653789159639E-005
                  124  -8.2850292836269293E-005
                  125   5.2098723886025600E-005
                  126   2.1683754413415911E-004
                  127   4.2665625002783012E-004
                  128   3.0144309255247781E-004
                  129   5.1166041506680703E-004
                  130   5.1531085765306310E-004
                  131   6.1077208639776360E-004
                  132   5.6435483894347403E-004
                  133   1.9485150793698184E-004
                  134   4.7542507877741137E-004
                  135   7.0768212317936325E-004
                  136   7.2762348665307076E-004
                  137   2.5308350539215611E-004
                  138   3.1322766118154795E-004
                  139   3.3869655774982249E-004
                  140   3.2778981533169055E-004
                  141   3.2389201804170685E-004
                  142   4.4987990883195949E-004
                  143   1.0012708390982879E-004
                  144   3.8611071856626883E-004
                  145   5.3715374970214787E-004
                  146   7.1367911130885617E-004
                  147   5.8600156797445724E-004
                  148   5.2177335092809898E-004
                  149   5.2084997059714669E-004
                  150   4.8725290341400688E-004
                  151   9.2768422225413005E-004
                  152   1.1316704194504869E-003
                  153   1.2618420900991111E-003
                  154   1.0842085808388088E-003
                  155   1.1356957132946433E-003
                  156   1.1213864009308983E-003
                  157   1.3507271365907720E-003
                  158   1.2739597935325360E-003
                  159   1.4605868529576731E-003
                  160   1.5909826480864529E-003
                  161   1.5304635385480342E-003
                  162   1.4644803130932393E-003
                  163   1.2453525829935451E-003
                  164   9.6279104112864937E-004
                  165   6.3389072237795185E-004
                  166   3.8885793150112238E-004
                  167   2.2650161970951522E-004
                  168   2.5545196971780108E-004
                  169   4.4098144234992607E-004
                  170   3.4324799630649426E-004
                  171   6.3841784332739214E-004
                  172   7.3221656578480111E-004
                  173   7.4900637868561832E-004
                  174   4.4422882249636070E-004
                  175   3.9991360523055546E-004
                  176   3.4794720781447617E-004
                  177   2.6021083337698491E-004
                  178   6.5255257296794342E-004
                  179   7.4712252725851389E-004
                  180   8.6390613809700541E-004
                  181   9.5788951142993157E-004
                  182   8.3694826663476376E-004
                  183   6.9122727498407413E-004
                  184   7.2573223480276033E-004
                  185   4.5715883124339637E-004
                  186   5.2472469080067422E-004
                  187   5.8104738621384238E-004
                  188   6.3273493086510909E-004
                  189   4.9474202133912529E-004
                  190   3.4972785864780963E-004
                  191   3.0293760429776128E-004
                  192   1.0139511392048427E-004
                  193   2.4926619904775408E-004
                  194   6.4384558387747131E-004
                  195   9.3583168014000208E-004
                  196   1.1084815475930836E-003
                  197   1.0876181875505129E-003
                  198   1.4485653753352368E-003
                  199   1.4664763994489427E-003
                  200   1.6629087264313932E-003
                  201   1.4421719560609799E-003
                  202   1.2117410692616018E-003
                  203   1.2269375977914754E-003
                  204   1.1249291469314290E-003
                  205   1.1092432591361763E-003
                  206   7.0054326938210124E-004
                  207   5.5303660541955403E-004
                  208   3.0288341057762376E-004
                  209   1.5163865488596067E-004
                  210  -9.8385532174745109E-005
                  211  -2.5465848750725326E-004
                  212  -3.8664696023512181E-004
                  213  -3.1643565203630917E-004
                  214  -1.9008860875811620E-004
                  215  -2.1483137101306943E-004
                  216  -1.3533779853729591E-004
                  217   1.1147392682787333E-004
                  218   1.2486053783803726E-004
                  219   2.7687012661835840E-004
                  220   4.0335021230263887E-004
                  221   5.1434337169514472E-004
                  222   2.1554110160698368E-004
                  223   8.1186973926208010E-005
                  224  -2.0175373596636678E-004
                  225  -5.3847419963774161E-004
                  226  -3.1805190861626336E-004
                  227  -1.9713666407390922E-004
                  228  -3.7440781146347134E-004
                  229  -2.4951113812042677E-004
                  230  -4.5086540261694006E-005
                  231   1.9919740180192146E-004
                  232   4.0630569714885940E-004
                  233   5.2472100541735625E-004
                  234   6.0683532319239192E-004
                  235   6.8220210065261669E-004
                  236   5.1172868162107287E-004
                  237   3.0105912411909142E-004
                  238   2.1540274000997559E-004
                  239   1.1500296761260904E-004
                  240   2.7877468760096512E-004
                  241   5.0376940975288792E-004
                  242   3.3989765870705941E-004
                  243   9.8243190472220340E-005
                  244   2.2353586669216611E-004
                  245   2.9373629917263763E-004
                  246   7.9254413682663778E-005
                  247  -8.9445130066270628E-005
                  248  -1.0437988538780789E-004
                  249  -9.0893117551594881E-005
                  250  -3.5284387128177425E-005
                  251  -2.0509596648015532E-004
                  252  -1.7390811440052813E-004
                  253   9.9952156603055239E-005
                  254   3.7321947274317712E-004
                  255   5.0651702012439071E-004
                  256   8.7942292408163525E-004
                  257   1.0136033500376780E-003
                  258   1.2117868478248583E-003
                  259   1.2226331370291891E-003
                  260   1.2596806852762372E-003
                  261   1.1527012040808602E-003
                  262   1.0006748880717680E-003
                  263   1.2112414978252815E-003
                  264   1.3566655850466112E-003
                  265   1.2707137335899710E-003
                  266   9.7524459152808444E-004
                  267   8.1912890165346068E-004
                  268   5.9754345810538020E-004
                  269   6.5286144708194256E-004
                  270   4.5470570554150588E-004
                  271   2.6816463974235039E-004
                  272   4.0086778087934931E-004
                  273   3.9530549765821876E-004
                  274   3.2699237311322718E-004
                  275   3.5033241285740692E-004
                  276   3.9304735243052741E-004
                  277   4.3570822086505637E-004
                  278   7.1730135828565250E-004
                  279   7.3494856842938334E-004
                  280   7.4962653624422641E-004
                  281   9.2342323732576878E-004
                  282   7.9784117091233429E-004
                  283   6.6878772202562560E-004
                  284   5.8698865345569145E-004
                  285   7.1793520890618494E-004
                  286   7.3953311693871892E-004
                  287   1.9709944636770658E-004
                  288  -3.8666846401949081E-004
                  289  -5.9743415205913740E-004
                  290  -4.2638859836408971E-004
                  291  -4.6276080036391343E-004
                  292  -2.7534583941642187E-004
                  293  -2.3227157452551794E-004
                  294  -3.5056448299081665E-004
                  295  -3.0376065948374233E-004
                  296  -2.4832122881726355E-005
                  297   2.2253806045208145E-004
                  298   4.8146844292206684E-004
                  299   4.8866867297798491E-004
                  300   2.3045430066922622E-004
                  301   2.4142698426544182E-005
                  302  -3.1730018392625492E-005
                  303   3.8218432669332788E-005
                  304  -1.2111411217923254E-004
                  305  -2.7871646160951979E-004
                  306   9.1532857802412100E-005
                  307   1.2915778841190762E-004
                  308   1.8098440496921813E-004
                  309   3.6876748933439743E-004
                  310   4.7604487140778280E-004
                  311   4.7057085528906843E-004
                  312   7.4391750493037255E-004
                  313   6.9773867027442238E-004
                  314   8.6060148139447833E-004
                  315   7.1473530502139972E-004
                  316   6.5679211489544278E-004
                  317   4.4334884260348773E-004
                  318   3.7416042392450570E-004
                  319   4.7186509762649822E-005
                  320  -1.7515761857523745E-004
                  321  -3.0184884009724330E-004
                  322  -1.9272196643476029E-004
                  323   1.2661777662930268E-004
                  324   2.1347810920005388E-004
                  325   4.0757314758549612E-004
                  326   4.5271394821967204E-004
                  327   4.6601437120339376E-004
                  328   3.2342626832728956E-004
                  329   4.5351307753264942E-004
                  330   6.5503813956699017E-004
                  331   3.3423547505451656E-004
                  332   9.9324321948948457E-005
                  333  -6.3313728381740623E-008
                  334  -1.6258921809766123E-004
                  335  -2.1570333721106501E-004
                  336  -1.0687168598532514E-004
                  337   3.6016543858372849E-004
                  338   4.8056864986354271E-004
                  339   4.6482444135821996E-004
                  340   6.2423074370367225E-004
                  341   9.2954943869440231E-004
                  342   1.2786788239838517E-003
                  343   1.5117417516322591E-003
                  344   1.3731535100436122E-003
                  345   1.3185280279440356E-003
                  346   1.3249299351939473E-003
                  347   1.5470633636303494E-003
                  348   1.4033527525404142E-003
                  349   1.3580968340352814E-003
                  350   1.0125825321677670E-003
                  351   6.0185802363049116E-004
                  352   4.7809388241540362E-004
                  353   9.9821442017097720E-005
                  354  -1.5750602402222222E-004
                  355   1.2446086003095098E-004
                  356   4.1378258963519225E-004
                  357   6.0085733109304295E-004
                  358   7.4935869879864687E-004
                  359   4.9476104309131646E-004
                  360   2.3028588627365526E-004
                  361   2.8094909747112835E-004
                  362   4.7573706088175304E-004
                  363   9.1846805907794032E-004
                  364   1.2790626405833388E-003
                  365   1.2652662610058781E-003
                  366   1.0620059728215566E-003
                  367   9.9928991464321186E-004
                  368   1.0420797434032090E-003
                  369   8.5174299146127046E-004
                  370   5.4024073623401656E-004
                  371   5.0561992494591295E-004
                  372   2.5265281247259074E-004
                  373   3.3219663031777621E-004
                  374   2.2822558303768378E-004
                  375   5.4894861097681575E-004
                  376   5.5992256289922617E-004
                  377   5.6510184221857974E-004
                  378   2.7521598608038010E-004
                  379   1.4018508170030513E-004
                  380   3.2103821846412938E-004
                  381   7.4323938070891429E-004
                  382   8.6261393085616854E-004
                  383   6.5572929572780820E-004
                  384   8.7465689500181270E-004
                  385   8.0838752713506827E-004
                  386   7.0741891638233744E-004
                  387   7.0057227443413286E-004
                  388   5.6099963198456414E-004
                  389   4.4349138363537608E-004
                  390   4.9098836907582918E-004
                  391   4.7047238642850653E-004
                  392   3.0532002581363116E-004
                  393   3.7489646011116303E-004
                  394   5.3694633880303083E-004
                  395   2.3080049448957296E-004
                  396   6.6290913847635616E-005
                  397  -7.9843472930147708E-005
                  398  -1.0278283520588819E-004
                  399   1.4249988002397977E-004
                  400   3.7836513014514724E-004
                  401   3.1451801957665466E-004
                  402   7.3880318420738470E-005
                  403   4.2402958802679679E-005
                  404   2.1450597140410907E-004
                  405   1.2040417083293370E-004
                  406   2.6362359819360895E-004
                  407   4.7563347472149610E-004
                  408   3.8913289250629770E-004
                  409   2.0073109661924909E-004
                  410  -2.1068423306568539E-004
                  411  -2.3627497542086457E-004
                  412  -1.4404532356622992E-004
                  413  -1.0673921023410290E-004
                  414   6.5205642642270125E-005
                  415   2.4533381099392108E-004
                  416   4.5734475939677988E-004
                  417   4.5276841111482451E-004
                  418   4.4960332906272192E-004
                  419   2.7156512207886777E-004
                  420  -9.5486815985761450E-005
                  421  -3.7133563702214096E-005
                  422  -1.9734373597574410E-004
                  423  -2.7941352356975673E-004
                  424  -3.0944755742905912E-005
                  425  -6.3987279702044291E-005
                  426  -1.9957173393836621E-005
                  427  -6.7112392139883611E-005
                  428  -3.2449101282265325E-004
                  429  -3.5167218884476549E-004
                  430  -3.7573854320385101E-004
                  431  -2.7988313380882375E-004
                  432  -2.2480377264274371E-004
                  433  -5.7975241104180552E-004
                  434  -4.0528160017741353E-004
                  435  -2.0529964175357919E-004
                  436  -1.7840754597104404E-004
                  437  -1.6523655700087525E-004
                  438  -7.9038754205877680E-005
                  439  -1.1302607165359187E-004
                  440  -4.4760749072323547E-004
                  441  -3.8661857440389980E-004
                  442  -8.2866660481719666E-005
                  443   2.6110668990750870E-005
                  444   8.0484268520383348E-005
                  445   2.6428948156408490E-004
                  446   3.6911766022076507E-004
                  447   1.1798576601598995E-005
                  448  -1.0417894523168840E-004
                  449   2.6463478893493621E-006
                  450  -4.2201177444849387E-005
                  451  -7.2322986046590302E-005
                  452  -3.5109586540758993E-004
                  453  -5.4145855615212964E-004
                  454  -3.5027957654889261E-004
                  455  -1.6171965955206908E-004
                  456   8.0402231553359637E-005
                  457   3.7527800436596418E-004
                  458   3.4961918907050097E-004
                  459   2.4538231957282896E-004
                  460   1.7436112366889020E-004
                  461   9.4176107498953113E-005
                  462   1.1180841632196122E-004
                  463  -1.7982759031982468E-004
                  464  -1.1435319105195892E-004
                  465  -2.4915746193483810E-004
                  466  -2.8950844839508978E-004
                  467  -3.0051045208909200E-004
                  468  -2.1306805179820658E-004
                  469  -1.9125806653519977E-004
                  470   1.0465107867203918E-004
                  471   1.3297155983629249E-004
                  472   1.0231951023904141E-004
                  473   2.2082503698750132E-005
                  474  -1.9128080666790580E-005
                  475  -5.1960263955508598E-005
                  476  -2.6703623981637423E-004
                  477  -3.5713988436182062E-004
                  478  -6.4485048752348814E-004
                  479  -5.3899272203748337E-004
                  480  -6.2492469975951380E-004
                  481  -7.3235997562163624E-004
                  482  -8.8772150512349507E-004
                  483  -1.0397655603212150E-003
                  484  -1.1709475525713926E-003
                  485  -1.0087397814892197E-003
                  486  -9.2563718380262914E-004
                  487  -6.0384572677391339E-004
                  488  -4.9154087832634650E-004
                  489  -4.6112882546988775E-004
                  490  -4.4965243160217775E-004
                  491  -4.5660768294222056E-004
                  492  -4.6960053170898861E-004
                  493  -2.9838297238157254E-004
                  494  -3.7641723444064516E-004
                  495  -3.2697812883192528E-004
                  496  -2.1854618447556619E-004
                  497  -2.0446741754928557E-004
                  498  -2.8730854481191304E-004
                  499  -4.4017574499800215E-004
                  500  -6.3770977038940253E-004
                  501  -9.6190749864347158E-004
                  502  -1.4200111987265455E-003
                  503  -1.6227656828933673E-003
                  504  -1.5913486127316320E-003
                  505  -1.4093230931384332E-003
                  506  -1.1674455742711164E-003
                  507  -9.8234564899512774E-004
                  508  -7.2788303744793020E-004
                  509  -3.0620312658543653E-004
                  510  -1.0517752663453390E-004
                  511   7.2479425364524252E-005
                  512   1.8914399301309893E-004
                  513   3.6603981495675586E-004
                  514   6.1656444371229878E-004
                  515   5.3362549726503885E-004
                  516   5.7283578807700096E-004
                  517   3.4274157829901510E-004
                  518   2.8937219230809776E-004
                  519   2.5006164407580180E-004
                  520   1.6644964066555304E-004
                  521  -1.2725064022675795E-004
                  522   4.4279732812833507E-005
                  523   1.8771411900519400E-004
                  524   2.7146283704924576E-004
                  525   1.9712928093269769E-004
                  526   5.4759489975618394E-004
                  527   8.2239587554237543E-004
                  528   6.0318498235612688E-004
                  529   4.3004121267893928E-004
                  530   2.9808493567073236E-004
                  531   3.3041774856075982E-004
                  532   3.5497552260480957E-004
                  533   4.3407059231251387E-004
                  534   3.5451593492411129E-004
                  535   1.4804578108207949E-004
                  536   1.7385613581854647E-004
                  537   1.3519618370758574E-004
                  538   1.3192245580157525E-004
                  539  -6.8613626769098944E-005
                  540  -1.5111907068094885E-004
                  541  -4.1808933957683276E-004
                  542  -5.8452896785698158E-004
                  543  -7.2219489622774252E-004
                  544  -6.8373722683516677E-004
                  545  -6.3792819828551925E-004
                  546  -7.1608396348759142E-004
                  547  -5.2151786266829876E-004
                  548  -4.6451983425137332E-004
                  549  -6.1097847871166393E-004
                  550  -7.0869492826903483E-004
                  551  -5.8695729847988267E-004
                  552  -3.7348483069293278E-004
                  553  -2.2626536392394937E-004
                  554  -2.9624853195521213E-004
                  555  -4.3877732469714690E-005
                  556  -9.0365263287979139E-006
                  557  -1.0697576204924831E-005
                  558  -3.4941226339322640E-005
                  559  -9.3512083782220780E-005
                  560   2.0193701337973578E-005
                  561  -6.8068451539822283E-005
                  562  -2.4575658126674342E-004
                  563  -3.2602731377296584E-004
                  564  -3.5388863623408143E-004
                  565  -3.0654765353615884E-004
                  566  -1.3775565774150673E-004
                  567  -3.7685569358734689E-004
                  568  -5.0880102435921226E-004
                  569  -3.1344612169578972E-004
                  570  -1.8071901119639746E-004
                  571  -3.7720613533420862E-004
                  572  -2.4611379248035224E-004
                  573  -1.2712707248200129E-005
                  574   2.1889376467093625E-004
                  575   3.8969305252519636E-004
                  576   3.9799373859452188E-004
                  577   4.3773209271966959E-004
                  578   2.4364532756384377E-004
                  579   6.2628897534539106E-005
                  580   1.4629340897421412E-004
                  581   2.2615257332229628E-005
                  582  -3.4238583169584319E-005
                  583  -7.2170010739305423E-005
                  584   1.8483432090260398E-004
                  585   4.9716901664685371E-004
                  586   5.2389390331566250E-004
                  587   4.5886256533136152E-004
                  588   3.6943774936758569E-004
                  589   5.1415363773462265E-004
                  590   4.6005975544146174E-004
                  591   3.2574090638327473E-004
                  592   2.9729666136453487E-004
                  593   4.5178943606499734E-004
                  594   5.3577389131148493E-004
                  595   4.5741418483004500E-004
                  596   5.0193083284328472E-004
                  597   5.1708261904979112E-004
                  598   6.2852555627867276E-004
                  599   7.8180511129966144E-004
                  600   9.3116543914705007E-004
                  601   1.3244663318475410E-003
                  602   1.5421707576461852E-003
                  603   1.5062603992405342E-003
                  604   1.4805527233288215E-003
                  605   1.4592095713475940E-003
                  606   1.3856360396136728E-003
                  607   1.3885857504002865E-003
                  608   1.4448862665348474E-003
                  609   1.2966191492435658E-003
                  610   1.0368321368487707E-003
                  611   1.2734312544230486E-003
                  612   1.3577479817970758E-003
                  613   1.5984890563912567E-003
                  614   1.5270407691739762E-003
                  615   1.4372064745409707E-003
                  616   1.3931815386621041E-003
                  617   1.4378602160501322E-003
                  618   1.3175325740649813E-003
                  619   1.3979468626074058E-003
                  620   1.4585952315775458E-003
                  621   1.5700739033173898E-003
                  622   1.6457579127268993E-003
                  623   1.5848830055463989E-003
                  624   1.3007031238315061E-003
                  625   1.0671487329498926E-003
                  626   6.1167781958880983E-004
                  627   5.7232905494391032E-004
                  628   3.6324102780364593E-004
                  629   2.2240307836121918E-004
                  630   1.2771851790404539E-004
                  631   1.3256759439393679E-004
                  632   3.5800953446099950E-004
                  633   4.2319634768546894E-004
                  634   6.5465259436707100E-004
                  635   9.0494296461625574E-004
                  636   1.0846568095623159E-003
                  637   1.0768476150436143E-003
                  638   9.4668001286115245E-004
                  639   1.2168296980747278E-003
                  640   1.0551548391454419E-003
                  641   9.2443395505239947E-004
                  642   7.3044508925764005E-004
                  643   5.8362814376987403E-004
                  644   8.4422260776157397E-004
                  645   8.2026126787147541E-004
                  646   7.6012730758954399E-004
                  647   6.9764504964250841E-004
                  648   7.4932924281137373E-004
                  649   1.1828321066810505E-003
                  650   1.4627211452428982E-003
                  651   1.6186373091697825E-003
                  652   1.6304498788635225E-003
                  653   1.3561855063456960E-003
                  654   1.2749071165400732E-003
                  655   1.2261244635128250E-003
                  656   1.2015849109026616E-003
                  657   1.2000421066021645E-003
                  658   1.1094725325434217E-003
                  659   1.1114745361814841E-003
                  660   1.1482560200645267E-003
                  661   7.4968562114355916E-004
                  662   8.2902613168724126E-004
                  663   9.0527230055681711E-004
                  664   1.0880242452408367E-003
                  665   1.4320482813087400E-003
                  666   1.3127179268918997E-003
                  667   9.8341593416681082E-004
                  668   1.0684492534782273E-003
                  669   7.0202581338544071E-004
                  670   3.5276902469460087E-004
                  671   5.4360360158846885E-004
                  672   6.8150997054801290E-004
                  673   4.7144190768111746E-004
                  674   1.2636886237417180E-004
                  675  -5.3751886195560417E-005
                  676   6.0125058889707887E-005
                  677   1.5878492302750079E-004
                  678   5.2440822725571866E-005
                  679  -1.5675779485804768E-005
                  680   5.6881239435150980E-005
                  681  -1.5671457638439777E-004
                  682  -2.8850111182488749E-004
                  683  -4.3525817240194157E-004
                  684  -2.8752396651071210E-004
                  685  -3.3321906904387717E-004
                  686  -3.4242318995913036E-004
                  687  -1.5104851221950217E-004
                  688   3.7253848240648278E-005
                  689  -1.5521235497162447E-004
                  690  -1.5515128634231999E-004
                  691  -2.1014906395199243E-004
                  692  -3.0011124444963901E-004
                  693  -2.5717227214315736E-004
                  694  -9.8464792670049941E-006
                  695  -5.2777175568530193E-005
                  696   3.8965170896465108E-005
                  697   2.2217680707000318E-004
                  698   2.5270545467115455E-004
                  699   2.3171744218770907E-004
                  700  -8.0920581319857761E-005
                  701  -1.7703615817526639E-004
                  702  -4.3863250751871970E-004
                  703  -8.0287379118731224E-004
                  704  -8.3794474034568067E-004
                  705  -6.6277799031252570E-004
                  706  -2.9460798931049519E-004
                  707  -7.8306731585196739E-005
                  708   7.0585835065420187E-006
                  709  -1.2490467034638093E-004
                  710   1.7423085002333971E-004
                  711   3.1657427305003822E-004
                  712   7.2819528575668573E-004
                  713   8.2133943961326639E-004
                  714   7.7944227050509129E-004
                  715   8.2519445939117800E-004
                  716   8.4790379604984996E-004
                  717   1.0208299061625556E-003
                  718   8.4000475934241598E-004
                  719   5.7859736408496631E-004
                  720   6.6319983935658928E-004
                  721   6.3428270063745074E-004
                  722   6.9533407480019006E-004
                  723   6.1330125401860846E-004
                  724   4.6863756613920338E-004
                  725   4.2791944009489872E-005
                  726  -2.7590167182813674E-004
                  727  -2.0371409641495002E-004
                  728  -4.6975784021647052E-004
                  729  -5.0850655529814746E-004
                  730  -4.6728392670655029E-004
                  731  -4.2761004813905419E-004
                  732  -5.1392162738631529E-004
                  733  -4.6868062175901636E-004
                  734  -5.0650827542917266E-004
                  735  -3.5975118984565358E-004
                  736  -5.2516198271362121E-004
                  737  -5.1558799952315204E-004
                  738  -6.3011794074812038E-004
                  739  -6.2427781614428888E-004
                  740  -4.9293055952860860E-004
                  741  -2.2126103303995095E-004
                  742  -2.2024358579012384E-005
                  743   2.6838247103628670E-004
                  744   3.0888127508691462E-004
                  745   2.3516519328136960E-004
                  746   9.8516509745587974E-005
                  747  -8.9284491575079681E-005
                  748  -1.7878074723311311E-004
                  749   4.4245776158670057E-005
                  750   2.4014758481284595E-004
                  751   3.1816225081053318E-004
                  752   3.3162511090792412E-004
                  753   3.2379946939663973E-005
                  754  -1.0760572553037419E-004
                  755  -1.7153860651927829E-004
                  756  -2.8199703962445273E-004
                  757  -2.1079505700793513E-004
                  758  -2.1258358981149510E-004
                  759  -6.0089042777242333E-005
                  760  -1.0581643020615124E-004
                  761  -9.3377305486077322E-005
                  762   1.7499911855866444E-004
                  763   3.5198790635927144E-004
                  764   2.9102030147860015E-005
                  765  -6.9509014605236258E-007
                  766   1.9841566162372444E-004
                  767   4.6627479995828617E-004
                  768   5.4017634164961622E-004
                  769   5.2056998792565743E-004
                  770   5.2891386046571593E-004
                  771   4.7860303085005572E-004
                  772   3.7788534210324786E-004
                  773   4.5490532489566606E-004
                  774   4.4811841025805182E-004
                  775   3.1636917152660075E-004
                  776   3.2268978764477246E-004
                  777   2.3810635467279523E-004
                  778   7.0481806338141715E-005
                  779   3.9235186952902391E-005
                  780   4.2239532493381195E-004
                  781   4.1451005315405824E-004
                  782   7.9334975056139163E-004
                  783   7.5595647599846678E-004
                  784   6.8148625028208848E-004
                  785   7.6897086229750446E-004
                  786   7.5663078320475571E-004
                  787   7.3385467906702726E-004
                  788   5.5928497943442577E-004
                  789   4.0502337202761435E-004
                  790   5.3200187047064223E-004
                  791   4.5007415497145447E-004
                  792   4.8963313061183066E-004
                  793   4.3097407928776124E-004
                  794   3.5504075572715158E-004
                  795   6.2950904843501554E-004
                  796   9.3733645619985262E-004
                  797   1.1081723259677831E-003
                  798   1.1818862872610618E-003
                  799   1.1594192978604736E-003
                  800   1.1226255768757240E-003
                  801   1.1628529016332067E-003
                  802   1.1565944831344666E-003
                  803   1.1754795252337676E-003
                  804   1.0618143916506207E-003
                  805   1.0681959959178624E-003
                  806   1.0278974502766268E-003
                  807   9.8945945063380310E-004
                  808   1.0965222472579899E-003
                  809   8.4241184059926993E-004
                  810   5.2998185571205266E-004
                  811   8.0585157388163783E-005
                  812  -2.8954365085274200E-004
                  813  -6.0596069257090764E-004
                  814  -8.5044379206984189E-004
                  815  -7.4473691898476976E-004
                  816  -4.9888447064477240E-004
                  817  -3.9805873293832019E-004
                  818  -6.2235256471149963E-004
                  819  -9.0312529109880333E-004
                  820  -1.0488788262595194E-003
                  821  -9.8941194552126062E-004
                  822  -5.2497250702055441E-004
                  823  -2.8158312206828329E-004
                  824  -3.2167194409894766E-004
                  825  -6.7778505313777774E-005
                  826   9.1933674563715652E-005
                  827   5.3035925248776138E-004
                  828   5.2626536236671676E-004
                  829   6.6222436368457117E-004
                  830   4.0305587724761508E-004
                  831   3.3596241862715419E-004
                  832   2.1070959553493661E-004
                  833   3.3978271291753751E-004
                  834   1.4074127749933736E-004
                  835  -2.2538022201223679E-004
                  836  -4.1490678304431937E-004
                  837  -4.5080890569955900E-004
                  838  -5.8259861582133211E-004
                  839  -8.3850083943913252E-004
                  840  -1.1094668893111516E-003
                  841  -1.1864341545792256E-003
                  842  -8.2504987489085606E-004
                  843  -5.5202133341963639E-004
                  844  -2.6838723039128713E-004
                  845  -2.7619585793273833E-004
                  846  -4.8986239019615998E-005
                  847   6.2603648171969423E-005
                  848   2.3351378113764366E-004
                  849   3.2254390903222417E-004
                  850   5.7139556132087936E-004
                  851   5.9542922322810068E-004
                  852   9.6125541012754602E-004
                  853   9.9511299081187095E-004
                  854   7.0272221893904910E-004
                  855   4.6795174741535230E-004
                  856   2.7252875212333694E-004
                  857   2.3758876439698985E-004
                  858   3.4385070707059222E-004
                  859   5.6412465583548026E-004
                  860   6.9400085807980205E-004
                  861   7.0653880935643793E-004
                  862   6.5695405659501498E-004
                  863   6.6389564507296928E-004
                  864   8.0321620810230518E-004
                  865   6.6182786911516995E-004
                  866   4.7541616871780220E-004
                  867   7.0411156683213765E-004
                  868   8.7795444709868481E-004
                  869   6.8977815007415226E-004
                  870   8.2690734532960615E-004
                  871   6.8181023374134608E-004
                  872   7.6207120936575327E-004
                  873   2.6993750657553693E-004
                  874   3.4966477281904527E-005
                  875  -2.4841622150546653E-004
                  876  -3.9812369331367785E-004
                  877  -1.9486064291890463E-004
                  878  -5.5292901704761881E-005
                  879   1.3393275671334080E-004
                  880   2.3598188444330973E-004
                  881   3.2564393532712462E-005
                  882  -2.4148194138846622E-004
                  883  -1.0950366237986905E-004
                  884   1.4957710164410974E-004
                  885  -9.9779654688887366E-005
                  886  -1.9618423448287649E-004
                  887  -3.1577599858601262E-004
                  888  -1.3103551115352407E-004
                  889   4.7758522682864071E-005
                  890   1.0373973062008154E-004
                  891   5.6859612801900888E-007
                  892   1.6065336909982820E-004
                  893   4.5832808325613276E-004
                  894   2.5880399569436989E-004
                  895  -1.1769490869247931E-004
                  896  -3.3678352608017688E-004
                  897  -1.3241755826633370E-004
                  898  -2.2641662922526280E-005
                  899  -9.2332672559431388E-005
                  900  -7.0023359492665484E-005
