                    0   1.0000000000000000     
                    1  0.81462539886756868     
                    2  0.71063626028472693     
                    3  0.64081282485238455     
                    4  0.58957531174303557     
                    5  0.54968288674055543     
                    6  0.51752832907849267     
                    7  0.49081664185272983     
                    8  0.46791461875153628     
                    9  0.44795200926148054     
                   10  0.43030188718142065     
                   11  0.41467022626652517     
                   12  0.40067881913340497     
                   13  0.38797699849461498     
                   14  0.37642277927023854     
                   15  0.36558963601733008     
                   16  0.35566086635094085     
                   17  0.34646588694690977     
                   18  0.33775698019660882     
                   19  0.32978998664087084     
                   20  0.32203701311642169     
                   21  0.31472674629083386     
                   22  0.30780198324992569     
                   23  0.30124904987348855     
                   24  0.29528444056777042     
                   25  0.28950387651570475     
                   26  0.28405102538023924     
                   27  0.27873723521562760     
                   28  0.27359548701443887     
                   29  0.26877574603085269     
                   30  0.26417134168635953     
                   31  0.25969590821951793     
                   32  0.25532729413325128     
                   33  0.25110381441306273     
                   34  0.24690620942816471     
                   35  0.24279873947850666     
                   36  0.23885808472096473     
                   37  0.23504701526988894     
                   38  0.23151864384818133     
                   39  0.22795734395287648     
                   40  0.22446000686703776     
                   41  0.22108345821078651     
                   42  0.21779542340662020     
                   43  0.21475770208104383     
                   44  0.21161727021673529     
                   45  0.20871241156090226     
                   46  0.20584442736361427     
                   47  0.20314344533861498     
                   48  0.20050154340334192     
                   49  0.19782821069609685     
                   50  0.19520224263277833     
                   51  0.19262653162247773     
                   52  0.19016546660783698     
                   53  0.18763221470669389     
                   54  0.18522301600789576     
                   55  0.18295304312263552     
                   56  0.18060397844665502     
                   57  0.17836387656417624     
                   58  0.17621510899570877     
                   59  0.17416799936085472     
                   60  0.17230147869484494     
                   61  0.17014327684389868     
                   62  0.16791361923951514     
                   63  0.16589759100531115     
                   64  0.16388857520150565     
                   65  0.16201273316166392     
                   66  0.16020126738038165     
                   67  0.15836298332785662     
                   68  0.15668978445643306     
                   69  0.15486218536645729     
                   70  0.15297784810119738     
                   71  0.15122242414057965     
                   72  0.14961346884758214     
                   73  0.14798200902775024     
                   74  0.14618258286918784     
                   75  0.14461263210246078     
                   76  0.14307172318604591     
                   77  0.14157699605204660     
                   78  0.14008104860861093     
                   79  0.13863677105096706     
                   80  0.13710780065075093     
                   81  0.13571901031991715     
                   82  0.13416090143189538     
                   83  0.13250227471756293     
                   84  0.13098311544428098     
                   85  0.12953004836685750     
                   86  0.12805732113288934     
                   87  0.12695784749957298     
                   88  0.12572443482400228     
                   89  0.12430689163902300     
                   90  0.12288083011920628     
                   91  0.12138346781537537     
                   92  0.12002809554458865     
                   93  0.11892487771170621     
                   94  0.11770077819976175     
                   95  0.11627055087793431     
                   96  0.11503280990576654     
                   97  0.11381322989091236     
                   98  0.11253615533985795     
                   99  0.11143018126552634     
                  100  0.11036585963377289     
                  101  0.10931442777128496     
                  102  0.10816910401072384     
                  103  0.10709674167267706     
                  104  0.10597045379771328     
                  105  0.10498547968967727     
                  106  0.10397132650861066     
                  107  0.10292289808097688     
                  108  0.10180237983686516     
                  109  0.10083486496402487     
                  110   9.9919695020212418E-002
                  111   9.9006466267971993E-002
                  112   9.8012113077558125E-002
                  113   9.7026035147715989E-002
                  114   9.5929591555058660E-002
                  115   9.5119488214926121E-002
                  116   9.4326424044385918E-002
                  117   9.3522810756983377E-002
                  118   9.2856662645979110E-002
                  119   9.2058419500433253E-002
                  120   9.1073561295116762E-002
                  121   9.0047492047094169E-002
                  122   8.9180671883047236E-002
                  123   8.8203351931098087E-002
                  124   8.7079379669256982E-002
                  125   8.6285861936018296E-002
                  126   8.5208510132331786E-002
                  127   8.4131267927843228E-002
                  128   8.3028836060271644E-002
                  129   8.1979172485166465E-002
                  130   8.1011613712833164E-002
                  131   8.0236192438962753E-002
                  132   7.9410597583167805E-002
                  133   7.8552253542346837E-002
                  134   7.7772944523130119E-002
                  135   7.7071746479339190E-002
                  136   7.6319283402264945E-002
                  137   7.5553094399156848E-002
                  138   7.4765184489733308E-002
                  139   7.4150654827537160E-002
                  140   7.3582779946562565E-002
                  141   7.2866788050514775E-002
                  142   7.2043684790641535E-002
                  143   7.1143546196202348E-002
                  144   7.0317013355658001E-002
                  145   6.9524552426393549E-002
                  146   6.8935333313382086E-002
                  147   6.8428847284212890E-002
                  148   6.7691327170847151E-002
                  149   6.7061647072183733E-002
                  150   6.6442411327583717E-002
                  151   6.6000711322357616E-002
                  152   6.5469963006997450E-002
                  153   6.4820223874627506E-002
                  154   6.4105118709942524E-002
                  155   6.3259711280804751E-002
                  156   6.2437185424411810E-002
                  157   6.1723709263367475E-002
                  158   6.1006678676973659E-002
                  159   6.0271733957336919E-002
                  160   5.9646675076875148E-002
                  161   5.9060027894693577E-002
                  162   5.8623986154911725E-002
                  163   5.8208122409398613E-002
                  164   5.7807771479472268E-002
                  165   5.7255595930608597E-002
                  166   5.6658795355970015E-002
                  167   5.6110830342153410E-002
                  168   5.5387154934025531E-002
                  169   5.4785242491906458E-002
                  170   5.4285262832900139E-002
                  171   5.3673431821395758E-002
                  172   5.3038508396537003E-002
                  173   5.2768810186492571E-002
                  174   5.2211189008831982E-002
                  175   5.1706267257009379E-002
                  176   5.1101339466060526E-002
                  177   5.0508639788262796E-002
                  178   5.0087970401828205E-002
                  179   4.9778248772362609E-002
                  180   4.9234817062984187E-002
                  181   4.8707087049945016E-002
                  182   4.8294896343824383E-002
                  183   4.7846127312953859E-002
                  184   4.7681554674237070E-002
                  185   4.7070224133402450E-002
                  186   4.6538535588139335E-002
                  187   4.6173529481236888E-002
                  188   4.5587414258903260E-002
                  189   4.5032631952936955E-002
                  190   4.4628633759420666E-002
                  191   4.4236596745128962E-002
                  192   4.3857670285242012E-002
                  193   4.3376607101296906E-002
                  194   4.2899196518701145E-002
                  195   4.2762969437592203E-002
                  196   4.2367766818913070E-002
                  197   4.1830783616212751E-002
                  198   4.1393780076911413E-002
                  199   4.0785667735910108E-002
                  200   4.0394553489008132E-002
                  201   4.0029123533361244E-002
                  202   3.9712504085279668E-002
                  203   3.9405021386392750E-002
                  204   3.8941913115870176E-002
                  205   3.8442520246379577E-002
                  206   3.8000941019226901E-002
                  207   3.7610437189337161E-002
                  208   3.7038649047280256E-002
                  209   3.6645710281237906E-002
                  210   3.6397989685398750E-002
                  211   3.6093587362783605E-002
                  212   3.5903495032237671E-002
                  213   3.5728871636994716E-002
                  214   3.5560071159142136E-002
                  215   3.5344922507797846E-002
                  216   3.5053124805136095E-002
                  217   3.4859140585338629E-002
                  218   3.4611741615556357E-002
                  219   3.4237437647577459E-002
                  220   3.3831314060294049E-002
                  221   3.3438704279045356E-002
                  222   3.3017560514947031E-002
                  223   3.2681551328486193E-002
                  224   3.2152874950345960E-002
                  225   3.1689812519669062E-002
                  226   3.1435289736928794E-002
                  227   3.0872052102277919E-002
                  228   3.0400642889847534E-002
                  229   3.0130992996242872E-002
                  230   2.9861049628708232E-002
                  231   2.9524037430954962E-002
                  232   2.9233822175106068E-002
                  233   2.9165751142560536E-002
                  234   2.9021412564195173E-002
                  235   2.8806722700581724E-002
                  236   2.8532137719879856E-002
                  237   2.8087679396480554E-002
                  238   2.7785020234306259E-002
                  239   2.7401442602065555E-002
                  240   2.7113901877316118E-002
                  241   2.6787061825091371E-002
                  242   2.6453953483199240E-002
                  243   2.6389151065084961E-002
                  244   2.6066138473488130E-002
                  245   2.5695982813167109E-002
                  246   2.5203090402371921E-002
                  247   2.4912177883378635E-002
                  248   2.4624109460015229E-002
                  249   2.4369695667416015E-002
                  250   2.4048045009752130E-002
                  251   2.3918209604845683E-002
                  252   2.3714699766439175E-002
                  253   2.3459963646210540E-002
                  254   2.3253889275853395E-002
                  255   2.2886471373620654E-002
                  256   2.2599619013474122E-002
                  257   2.2517490133363398E-002
                  258   2.2173878853801818E-002
                  259   2.1778652993085193E-002
                  260   2.1582974585229973E-002
                  261   2.1216761665902337E-002
                  262   2.1093614765346280E-002
                  263   2.0978603492347946E-002
                  264   2.0793112620748185E-002
                  265   2.0612851271982643E-002
                  266   2.0658967121120135E-002
                  267   2.0553241794177370E-002
                  268   2.0157860336195085E-002
                  269   1.9966603977424151E-002
                  270   1.9871748283028727E-002
                  271   1.9680958820955472E-002
                  272   1.9467334119876591E-002
                  273   1.9277061232214308E-002
                  274   1.9007490571919895E-002
                  275   1.8736309764568294E-002
                  276   1.8498307361228428E-002
                  277   1.8171509798140664E-002
                  278   1.8144377987526612E-002
                  279   1.8086930282450280E-002
                  280   1.8001069055853837E-002
                  281   1.7911533647002206E-002
                  282   1.7657366277173108E-002
                  283   1.7375096383159743E-002
                  284   1.7177406803833527E-002
                  285   1.7119913993037666E-002
                  286   1.6962245388999323E-002
                  287   1.6609421035614417E-002
                  288   1.6076273122820658E-002
                  289   1.5882150570990620E-002
                  290   1.5659198826921548E-002
                  291   1.5628310767185946E-002
                  292   1.5600962194312930E-002
                  293   1.5629401424554060E-002
                  294   1.5452599165694468E-002
                  295   1.5204940209152959E-002
                  296   1.4965697939097673E-002
                  297   1.5001109633589098E-002
                  298   1.4833982333583521E-002
                  299   1.4706880514437377E-002
                  300   1.4478112314878942E-002
                  301   1.4225616928094357E-002
                  302   1.4051152124382819E-002
                  303   1.3872024477785698E-002
                  304   1.3789553108879729E-002
                  305   1.3425803968335875E-002
                  306   1.3124661429044615E-002
                  307   1.2974703598444911E-002
                  308   1.3029480272249630E-002
                  309   1.2999030820672365E-002
                  310   1.2767892189329598E-002
                  311   1.2782035409992067E-002
                  312   1.2657855655546489E-002
                  313   1.2560076102352890E-002
                  314   1.2508349340491744E-002
                  315   1.2415482636646092E-002
                  316   1.2306371324442789E-002
                  317   1.1851755106295733E-002
                  318   1.1815718739538520E-002
                  319   1.1724543302699862E-002
                  320   1.1677837295288972E-002
                  321   1.1676100757077465E-002
                  322   1.1596008096708960E-002
                  323   1.1438527961734630E-002
                  324   1.1315123533474223E-002
                  325   1.1210843004752294E-002
                  326   1.1178459750862083E-002
                  327   1.1099386098004618E-002
                  328   1.0856625784908720E-002
                  329   1.0782474529536516E-002
                  330   1.0786795707934704E-002
                  331   1.0783536672440574E-002
                  332   1.0501405218200255E-002
                  333   1.0434892337589716E-002
                  334   1.0411523866418644E-002
                  335   1.0402755915679867E-002
                  336   1.0409603131716069E-002
                  337   1.0390920380757456E-002
                  338   1.0579767341171387E-002
                  339   1.0570244247553363E-002
                  340   1.0492980339624206E-002
                  341   1.0366352531531467E-002
                  342   1.0167584283865395E-002
                  343   9.9392024967909585E-003
                  344   9.8058492969209030E-003
                  345   9.7943405704573987E-003
                  346   9.5837252076863555E-003
                  347   9.3130704381256361E-003
                  348   9.0719985425067300E-003
                  349   9.0466458445826962E-003
                  350   9.0776203281631024E-003
                  351   9.1792921493316533E-003
                  352   9.0665599393839856E-003
                  353   8.9837172277162178E-003
                  354   8.9307818230970667E-003
                  355   8.8816360518940499E-003
                  356   8.9106734724898398E-003
                  357   8.8655766585352472E-003
                  358   8.9545605515208345E-003
                  359   8.9933457846652388E-003
                  360   8.9241327970872586E-003
                  361   8.9568160075993060E-003
                  362   9.0360784425785878E-003
                  363   9.0291670964826962E-003
                  364   8.8724996700139062E-003
                  365   8.5670820760755436E-003
                  366   8.4255698742939020E-003
                  367   8.2550008189838479E-003
                  368   8.1435319501468335E-003
                  369   7.9522322305787159E-003
                  370   7.8212771021157635E-003
                  371   7.4989770276419196E-003
                  372   7.3790119077732372E-003
                  373   7.2984714461311216E-003
                  374   7.4989029027145862E-003
                  375   7.5447787070290579E-003
                  376   7.4026153277799425E-003
                  377   7.2695970371474943E-003
                  378   7.2512108136812536E-003
                  379   7.1090919497466890E-003
                  380   7.2272490295562705E-003
                  381   7.0863509859867549E-003
                  382   6.8819496833707862E-003
                  383   6.7136805687730405E-003
                  384   6.5821640668754415E-003
                  385   6.4936525103487944E-003
                  386   6.3633377977758880E-003
                  387   6.2362382940071431E-003
                  388   6.1902123427858982E-003
                  389   6.0771020870464048E-003
                  390   6.1755105903052365E-003
                  391   6.2234618646425923E-003
                  392   6.1134880444000360E-003
                  393   6.0933347340594536E-003
                  394   5.7500947621578263E-003
                  395   5.6192243118621801E-003
                  396   5.6070442886736651E-003
                  397   5.4782762268470453E-003
                  398   5.3383777426766485E-003
                  399   5.4600391819343407E-003
                  400   5.5197954073292971E-003
                  401   5.4787008087200757E-003
                  402   5.4930934265712420E-003
                  403   5.3739279411940729E-003
                  404   5.2549664099221160E-003
                  405   5.0534194567160278E-003
                  406   5.0256450578613230E-003
                  407   5.0947236668618043E-003
                  408   5.0082034163127362E-003
                  409   4.8299538099626877E-003
                  410   4.6800798669276540E-003
                  411   4.6175500714235587E-003
                  412   4.5747047991807717E-003
                  413   4.6282947595606833E-003
                  414   4.7519463718425047E-003
                  415   4.7394422720544059E-003
                  416   4.7360173910334273E-003
                  417   4.7899534087242146E-003
                  418   4.7933842956779929E-003
                  419   4.7503029675251083E-003
                  420   4.7227215048997470E-003
                  421   4.4289977006190303E-003
                  422   4.2525599412700892E-003
                  423   4.1918126652464001E-003
                  424   4.1895009472676086E-003
                  425   4.2140703080699093E-003
                  426   3.9683203699632710E-003
                  427   3.7332805741997570E-003
                  428   3.6163982277713303E-003
                  429   3.5411526554821799E-003
                  430   3.3270963660830531E-003
                  431   3.1219348223571718E-003
                  432   2.9393804087279366E-003
                  433   2.7255485785713128E-003
                  434   2.5120056160900426E-003
                  435   2.3050390997183525E-003
                  436   2.2191073407026181E-003
                  437   2.1299112480678930E-003
                  438   2.0708661730548875E-003
                  439   2.0643968901490543E-003
                  440   1.9875447096185752E-003
                  441   1.9604551193859272E-003
                  442   1.9589069429380265E-003
                  443   1.8907088602451406E-003
                  444   1.9905231475160008E-003
                  445   1.8729663475517602E-003
                  446   1.8604595880556448E-003
                  447   1.9217199388542540E-003
                  448   1.9719921744916864E-003
                  449   1.9627388788864201E-003
                  450   1.9523308835501581E-003
                  451   2.1397109579234467E-003
                  452   2.1321359777554286E-003
                  453   2.2070947109909208E-003
                  454   2.3535569802243276E-003
                  455   2.4622812384040536E-003
                  456   2.5303000734364241E-003
                  457   2.5725201065235443E-003
                  458   2.4641470144374676E-003
                  459   2.3200317159268275E-003
                  460   2.3368580170888805E-003
                  461   2.3636678571419909E-003
                  462   2.3850798841779795E-003
                  463   2.1127365811359666E-003
                  464   2.0057026924611941E-003
                  465   1.9831523837095691E-003
                  466   2.0633883953309075E-003
                  467   2.0058967141103269E-003
                  468   1.8478981939279429E-003
                  469   1.8423252626510555E-003
                  470   1.9221964666682133E-003
                  471   1.9542478133024004E-003
                  472   2.1143193804444706E-003
                  473   2.0502277453431643E-003
                  474   1.9645512850338326E-003
                  475   2.0532662580419231E-003
                  476   2.3848192140114672E-003
                  477   2.3762196366157481E-003
                  478   2.3030565795687102E-003
                  479   2.3252573834419139E-003
                  480   2.1034595596413040E-003
                  481   1.8784298693666564E-003
                  482   1.7959535290569927E-003
                  483   1.6856308479915665E-003
                  484   1.8581847219479124E-003
                  485   1.8783571109629931E-003
                  486   1.9046732630900480E-003
                  487   1.8491214846054320E-003
                  488   1.8013082875589759E-003
                  489   1.8043733626962504E-003
                  490   1.8186033897557448E-003
                  491   1.9816729978053794E-003
                  492   2.3755613833484433E-003
                  493   2.4346732187500199E-003
                  494   2.3477766855378780E-003
                  495   2.3820509936874515E-003
                  496   2.5067111933003016E-003
                  497   2.4831290556613199E-003
                  498   2.2141901973268732E-003
                  499   2.1529488660654052E-003
                  500   2.1904495429994680E-003
                  501   2.2050909675071792E-003
                  502   2.1478678180581992E-003
                  503   2.2311390440980052E-003
                  504   1.9334195947335448E-003
                  505   1.8139714132019888E-003
                  506   1.8186665451036484E-003
                  507   1.8057111818305625E-003
                  508   1.7521229768157609E-003
                  509   1.7966946373069853E-003
                  510   2.0142123871846082E-003
                  511   2.1143532112171417E-003
                  512   2.3298126839410055E-003
                  513   2.3038086668115475E-003
                  514   2.3824519616868225E-003
                  515   2.5257721815687951E-003
                  516   2.6845061568616128E-003
                  517   2.6298462084059786E-003
                  518   2.3537808625718648E-003
                  519   2.0619767140312700E-003
                  520   1.8129799657529320E-003
                  521   1.7672074446923604E-003
                  522   1.7231200720134305E-003
                  523   1.5944049902931459E-003
                  524   1.5791239342882240E-003
                  525   1.5433072217770022E-003
                  526   1.5328111084773226E-003
                  527   1.4007626966012856E-003
                  528   1.4099315589692651E-003
                  529   1.4115369780924056E-003
                  530   1.2992009648757680E-003
                  531   1.3041485797465823E-003
                  532   1.2879637725314202E-003
                  533   1.2412656027539180E-003
                  534   1.3920057809802748E-003
                  535   1.3874411704939381E-003
                  536   1.3244200534470265E-003
                  537   1.4048106609299991E-003
                  538   1.4833064185272135E-003
                  539   1.4451239391671418E-003
                  540   1.4314994486693596E-003
                  541   1.5343424218144653E-003
                  542   1.6175351462866590E-003
                  543   1.7776300351059011E-003
                  544   2.0972227128654925E-003
                  545   2.2794621992599517E-003
                  546   2.4984218482865311E-003
                  547   2.5229572694049946E-003
                  548   2.4760587082758214E-003
                  549   2.5109176908287016E-003
                  550   2.6334723215235543E-003
                  551   3.0782442533314226E-003
                  552   3.0290108436803582E-003
                  553   3.0495839819359633E-003
                  554   3.0484080141139243E-003
                  555   2.9364367030129267E-003
                  556   2.7988013417150673E-003
                  557   2.8619614023084020E-003
                  558   2.9453943722215553E-003
                  559   2.8926637512228666E-003
                  560   2.9956788117888201E-003
                  561   3.0666737905227343E-003
                  562   2.8579022835028022E-003
                  563   2.7740234872134645E-003
                  564   2.6710659254194011E-003
                  565   2.6127011036035392E-003
                  566   2.7147694752596993E-003
                  567   2.5626543648728248E-003
                  568   2.5886246113848181E-003
                  569   2.4799148875880106E-003
                  570   2.4858179158834667E-003
                  571   2.3802010115505047E-003
                  572   2.3396740861115332E-003
                  573   2.2880811397810860E-003
                  574   2.2005169424968584E-003
                  575   2.2049001251036120E-003
                  576   2.1141597591463833E-003
                  577   2.1616909564563551E-003
                  578   2.2070089383102098E-003
                  579   2.1856506057969824E-003
                  580   2.1735482814854257E-003
                  581   2.3906683974364764E-003
                  582   2.5576215229348221E-003
                  583   2.6330089839611439E-003
                  584   2.6865351388576058E-003
                  585   2.6691061556863081E-003
                  586   2.5930799048234782E-003
                  587   2.6889551696706168E-003
                  588   2.4229006313118708E-003
                  589   2.4839768535918545E-003
                  590   2.3508338244194278E-003
                  591   2.3340675634205823E-003
                  592   2.2551682943724788E-003
                  593   2.1281013546563120E-003
                  594   2.0086214301842423E-003
                  595   1.8962743666574155E-003
                  596   1.7390459268980551E-003
                  597   1.6387849035348703E-003
                  598   1.7229065648511775E-003
                  599   1.8313660264056527E-003
                  600   1.8096542519937630E-003
                  601   1.8605217255115462E-003
                  602   1.9183918628674266E-003
                  603   2.1121558730566180E-003
                  604   2.1763014564751544E-003
                  605   1.9229511245133499E-003
                  606   1.6857788919099254E-003
                  607   1.7023820572858092E-003
                  608   1.7160371955533156E-003
                  609   1.6545307833298088E-003
                  610   1.7336426023676565E-003
                  611   1.7018341355486207E-003
                  612   1.7055777854212857E-003
                  613   1.6091913442590814E-003
                  614   1.6381734897436143E-003
                  615   1.6256479240681185E-003
                  616   1.6223173172184571E-003
                  617   1.4084370602885383E-003
                  618   1.5418195452098454E-003
                  619   1.6350658535367031E-003
                  620   1.7535068550976491E-003
                  621   1.8101911309737423E-003
                  622   1.8952647990015188E-003
                  623   1.9084763755795079E-003
                  624   1.8382046209064443E-003
                  625   2.0875266632523685E-003
                  626   2.1849762723130496E-003
                  627   2.1152801842382282E-003
                  628   2.1734432524009909E-003
                  629   1.9789772745436927E-003
                  630   1.8078864540764896E-003
                  631   1.7976258555408697E-003
                  632   1.8326076804976504E-003
                  633   1.9285543603136935E-003
                  634   2.0565720331415841E-003
                  635   1.9861248460519253E-003
                  636   2.0289417048510250E-003
                  637   2.0036866499790165E-003
                  638   1.9134130193715333E-003
                  639   1.8230577622892763E-003
                  640   1.8263829455776707E-003
                  641   1.6975735829313908E-003
                  642   1.7500856933055106E-003
                  643   1.6212635323868427E-003
                  644   1.6089571371304550E-003
                  645   1.3718023738382989E-003
                  646   1.1696704716180201E-003
                  647   9.8365802229320233E-004
                  648   9.1508953497877125E-004
                  649   9.0609392595947832E-004
                  650   8.8399315180028156E-004
                  651   8.2232402427914546E-004
                  652   7.7618465788500837E-004
                  653   9.6410503048550891E-004
                  654   1.0940939627694386E-003
                  655   1.0578489114924361E-003
                  656   1.1031454971156573E-003
                  657   1.1753689293395085E-003
                  658   1.2086368117634530E-003
                  659   1.2194814965388492E-003
                  660   1.1890881657600349E-003
                  661   1.0994959873794937E-003
                  662   1.2089597911878645E-003
                  663   1.3236042448539003E-003
                  664   1.3856741468754874E-003
                  665   1.3565690897549686E-003
                  666   1.4363036702477667E-003
                  667   1.5563956059039157E-003
                  668   1.6537079306707958E-003
                  669   1.5429614540501319E-003
                  670   1.4244811624002747E-003
                  671   1.3632285422665025E-003
                  672   1.2833057350654391E-003
                  673   1.2607421913542907E-003
                  674   1.2740822497008615E-003
                  675   1.3417569319271892E-003
                  676   1.4086894960717105E-003
                  677   1.1107486300359255E-003
                  678   1.0459363025361879E-003
                  679   9.3158311283399490E-004
                  680   8.2537728217896072E-004
                  681   7.8053946216950049E-004
                  682   7.9965318248075316E-004
                  683   9.3204654101171997E-004
                  684   9.6721777197186581E-004
                  685   1.0194838554876010E-003
                  686   1.1728708217261595E-003
                  687   1.0735027086443737E-003
                  688   1.0294573156917662E-003
                  689   8.9645416175864660E-004
                  690   9.0709497542970999E-004
                  691   9.4646980728744102E-004
                  692   9.6719820330563205E-004
                  693   9.4272524009862105E-004
                  694   9.4722677465769293E-004
                  695   1.0253745517142662E-003
                  696   1.0115812202488304E-003
                  697   1.0328622297526419E-003
                  698   9.4760515010300589E-004
                  699   8.1341150951495019E-004
                  700   8.9803845767882700E-004
                  701   9.2474172335986688E-004
                  702   1.0958000026475747E-003
                  703   1.2516934906153560E-003
                  704   1.4593307923681572E-003
                  705   1.5964352071523348E-003
                  706   1.6911038350421014E-003
                  707   1.6408813964336202E-003
                  708   1.6801953337845748E-003
                  709   1.5599201228225395E-003
                  710   1.5004297150192599E-003
                  711   1.4091917407309095E-003
                  712   1.4510822804140071E-003
                  713   1.3754209493612871E-003
                  714   1.4492702726036058E-003
                  715   1.4328141096170523E-003
                  716   1.5484039618564140E-003
                  717   1.7079447765990935E-003
                  718   1.7171355054292209E-003
                  719   1.7778677034188718E-003
                  720   1.7361759684364144E-003
                  721   1.7011424724449299E-003
                  722   1.9414317126191241E-003
                  723   1.9724632920257628E-003
                  724   1.9849757634416315E-003
                  725   1.7998583412771533E-003
                  726   1.6884208610125281E-003
                  727   1.7613140758257148E-003
                  728   1.7624270991842940E-003
                  729   1.7771498071984862E-003
                  730   1.8819435951363081E-003
                  731   1.9395380334543855E-003
                  732   2.0232741651524215E-003
                  733   2.0994713320225730E-003
                  734   2.1476105732514874E-003
                  735   2.1635162622970537E-003
                  736   2.1889837320525109E-003
                  737   2.1839540429440525E-003
                  738   2.1215163967674630E-003
                  739   1.9644628827614652E-003
                  740   1.8035834670997934E-003
                  741   1.8131816196265485E-003
                  742   1.7722937350438169E-003
                  743   1.9560811334930228E-003
                  744   1.9184779466547570E-003
                  745   1.6768536700164142E-003
                  746   1.7234416784552490E-003
                  747   1.9762570843288624E-003
                  748   2.0114907901921217E-003
                  749   2.1792054632095259E-003
                  750   2.1803697388830595E-003
                  751   2.1291238735114530E-003
                  752   2.1389874650053183E-003
                  753   2.1717855247789485E-003
                  754   2.3515541173320729E-003
                  755   2.3189164875221783E-003
                  756   2.4979428689314827E-003
                  757   2.4232438228715355E-003
                  758   2.2186593052404150E-003
                  759   2.2233635362019907E-003
                  760   2.3491930326793907E-003
                  761   2.3118894437121856E-003
                  762   2.2561553959219967E-003
                  763   2.3062487776721210E-003
                  764   2.3793051565790119E-003
                  765   2.4033806717786788E-003
                  766   2.3269917269719523E-003
                  767   2.3866039495998217E-003
                  768   2.6283790057627927E-003
                  769   2.7158610878227174E-003
                  770   2.7404061390918681E-003
                  771   2.7349632086751687E-003
                  772   2.6009719898117054E-003
                  773   2.6168643481422308E-003
                  774   2.6673550083437816E-003
                  775   2.6501167151832847E-003
                  776   2.8213116162002410E-003
                  777   2.7586218953757225E-003
                  778   2.8839940302855427E-003
                  779   2.9749437497937382E-003
                  780   2.9348697957328595E-003
                  781   2.7981168334126456E-003
                  782   2.8403169230939635E-003
                  783   2.7393037317472741E-003
                  784   2.7493768584638217E-003
                  785   2.9621037573418700E-003
                  786   3.1241702372667235E-003
                  787   3.0779623449083172E-003
                  788   3.1912634310912458E-003
                  789   3.2131434935230288E-003
                  790   3.2292990754127153E-003
                  791   3.2175733719215908E-003
                  792   2.9888594866136816E-003
                  793   2.8358748161853389E-003
                  794   2.5859780623279441E-003
                  795   2.7127603424448843E-003
                  796   2.6622951361452625E-003
                  797   2.6190092060995522E-003
                  798   2.5650497118933566E-003
                  799   2.4900583658151866E-003
                  800   2.3709196463211099E-003
                  801   2.3976013188883758E-003
                  802   2.2010403148121230E-003
                  803   2.1601242692787922E-003
                  804   2.2457564819014634E-003
                  805   2.4474274010241170E-003
                  806   2.6037202032426219E-003
                  807   2.6615095755686650E-003
                  808   2.5806766767257237E-003
                  809   2.6222285265342592E-003
                  810   2.3882855214275062E-003
                  811   2.4057441968767875E-003
                  812   2.2774447272109494E-003
                  813   2.1270422530679507E-003
                  814   2.0283809649714428E-003
                  815   2.0750160217390388E-003
                  816   2.0376113446248663E-003
                  817   2.1278491004971326E-003
                  818   2.2695049596511475E-003
                  819   2.4900758417901901E-003
                  820   2.3416347452026340E-003
                  821   2.1860529945715527E-003
                  822   2.1525661972194446E-003
                  823   2.0586330990791778E-003
                  824   2.1232011646596890E-003
                  825   2.0507728390666688E-003
                  826   2.0648732509354179E-003
                  827   2.0839565860261960E-003
                  828   2.1376253939084633E-003
                  829   2.1617337692603454E-003
                  830   2.0849857687425606E-003
                  831   2.0175738469707994E-003
                  832   1.8077769903711201E-003
                  833   1.7095809873239277E-003
                  834   1.6708951818370356E-003
                  835   1.6190095366496735E-003
                  836   1.4551347824196350E-003
                  837   1.4197587943462317E-003
                  838   1.2238499152879357E-003
                  839   1.1728968932636628E-003
                  840   1.1080515613637583E-003
                  841   1.3499633429936697E-003
                  842   1.3084511041105882E-003
                  843   1.2628039145068618E-003
                  844   1.2765279075813061E-003
                  845   1.1114965918909991E-003
                  846   1.1344802427232408E-003
                  847   1.1915661832368990E-003
                  848   1.1772520477760498E-003
                  849   1.1666487002988380E-003
                  850   1.2928202605465402E-003
                  851   1.1344921342311531E-003
                  852   1.1158061072905601E-003
                  853   1.2033189472074612E-003
                  854   1.1588511009584005E-003
                  855   1.0161066801855721E-003
                  856   9.0010103804719023E-004
                  857   1.0609079009003583E-003
                  858   1.1879396407141907E-003
                  859   1.3538903700633519E-003
                  860   1.3374887382167774E-003
                  861   1.3294407134701279E-003
                  862   1.3066557043531547E-003
                  863   1.2862047576703269E-003
                  864   1.2847610863241919E-003
                  865   1.0991085872791512E-003
                  866   1.0471943799029656E-003
                  867   1.0756248786502245E-003
                  868   1.0378518661181826E-003
                  869   1.0893553717340511E-003
                  870   1.3002856378067226E-003
                  871   1.2082232820540366E-003
                  872   1.1755015340984142E-003
                  873   1.0725251529119897E-003
                  874   1.0625827005316818E-003
                  875   1.0230652319130262E-003
                  876   1.1021290853891290E-003
                  877   1.1290102676793435E-003
                  878   1.0849269184997816E-003
                  879   1.0627376076551001E-003
                  880   1.0359518896844440E-003
                  881   1.1762820702425176E-003
                  882   1.2794244898712826E-003
                  883   1.4578126746770145E-003
                  884   1.5863929229058026E-003
                  885   1.5868096228645236E-003
                  886   1.5759504781584946E-003
                  887   1.5253017912142015E-003
                  888   1.3069739259383519E-003
                  889   1.3183992167686758E-003
                  890   1.4571081347548700E-003
                  891   1.6766506771153837E-003
                  892   1.6506672374561316E-003
                  893   1.8362261843241157E-003
                  894   1.8945688839269587E-003
                  895   1.8135983326385261E-003
                  896   1.6510679345821239E-003
                  897   1.4750301024945023E-003
                  898   1.4814917810555468E-003
                  899   1.4247098294387574E-003
                  900   1.3510007233425898E-003
