                    0   1.0000000000000000     
                    1  0.68886026682799062     
                    2  0.52857031169356428     
                    3  0.42688540189428903     
                    4  0.35568976037043287     
                    5  0.30291297526160171     
                    6  0.26193661292071818     
                    7  0.22976755456552797     
                    8  0.20363381176731779     
                    9  0.18163209595455695     
                   10  0.16288951300562116     
                   11  0.14715447529464734     
                   12  0.13362142703897956     
                   13  0.12169954594125749     
                   14  0.11140255673287321     
                   15  0.10228274195330618     
                   16   9.3886666103486935E-002
                   17   8.6488242054756637E-002
                   18   8.0202967883668097E-002
                   19   7.4202152229560989E-002
                   20   6.8846046107204434E-002
                   21   6.3911904582854659E-002
                   22   5.9263925393721710E-002
                   23   5.5201115635481371E-002
                   24   5.1493324080098858E-002
                   25   4.8080460946901910E-002
                   26   4.4762074393794954E-002
                   27   4.2060872130849525E-002
                   28   3.9616660035339535E-002
                   29   3.7415437070036625E-002
                   30   3.5238743845813880E-002
                   31   3.3277354987295830E-002
                   32   3.1284253217410331E-002
                   33   2.9420737739166307E-002
                   34   2.7489412506854320E-002
                   35   2.5827101466356136E-002
                   36   2.4483683991349155E-002
                   37   2.3405336725214981E-002
                   38   2.1944964338144496E-002
                   39   2.0796038354846752E-002
                   40   1.9849014846435874E-002
                   41   1.8990459598246554E-002
                   42   1.8346978096035270E-002
                   43   1.7735567935308706E-002
                   44   1.7039711717418454E-002
                   45   1.6274317866681660E-002
                   46   1.5318221367652100E-002
                   47   1.4559588448976918E-002
                   48   1.3820541320523159E-002
                   49   1.3082455366132867E-002
                   50   1.2518737465062898E-002
                   51   1.1485119678952230E-002
                   52   1.0681483180841929E-002
                   53   1.0237918098412933E-002
                   54   9.7999217480894754E-003
                   55   9.5079968477561269E-003
                   56   8.9669158600532029E-003
                   57   8.3480323022216453E-003
                   58   7.8875376100230599E-003
                   59   7.4823864581190684E-003
                   60   6.9180966704942646E-003
                   61   6.2087285351384363E-003
                   62   5.7254709110512629E-003
                   63   5.3136440504110852E-003
                   64   5.1060081110671099E-003
                   65   4.9568919182066788E-003
                   66   4.5683668343386424E-003
                   67   4.1597131794020130E-003
                   68   4.2190745621123148E-003
                   69   3.8673426093602725E-003
                   70   3.7240578017781792E-003
                   71   3.6853954577355653E-003
                   72   3.7840138621275856E-003
                   73   4.0155186127383306E-003
                   74   4.1539150429079005E-003
                   75   4.3799662445818217E-003
                   76   4.1542586374472877E-003
                   77   4.2907791022836666E-003
                   78   4.2546822953883050E-003
                   79   4.0561456733223603E-003
                   80   3.8671720209507263E-003
                   81   4.1337020152457339E-003
                   82   3.9858844237695814E-003
                   83   3.9277716109274970E-003
                   84   3.9069626439542848E-003
                   85   3.6659424914698997E-003
                   86   3.4504893306432269E-003
                   87   3.2662004212661183E-003
                   88   2.9391286863160579E-003
                   89   2.4940626271096303E-003
                   90   2.3818202275767116E-003
                   91   2.4713316565699874E-003
                   92   2.5747141617912276E-003
                   93   2.3777074920765771E-003
                   94   2.3539105952606488E-003
                   95   1.7422475702590151E-003
                   96   1.6260650906354725E-003
                   97   1.4071182737849701E-003
                   98   1.0850481500805809E-003
                   99   1.0913690043467914E-003
                  100   1.1584124544935551E-003
                  101   1.1154890435644913E-003
                  102   1.1686035442970239E-003
                  103   1.1743985505380250E-003
                  104   1.5089721438318342E-003
                  105   1.5070012596751395E-003
                  106   1.4446835584880793E-003
                  107   1.1817182788957550E-003
                  108   6.6903213030263659E-004
                  109   4.7877457913241505E-004
                  110   6.5833329148858911E-004
                  111   8.3920284854075095E-004
                  112   8.1513736762151804E-004
                  113   7.2792566748734072E-004
                  114   7.9263463671543218E-004
                  115   1.0957683120968512E-003
                  116   1.1533694649526517E-003
                  117   9.9203450784166708E-004
                  118   9.1352989615063379E-004
                  119   7.2124164588224175E-004
                  120   5.7097239065859130E-004
                  121   5.9965182209999830E-004
                  122   6.9994403599926106E-004
                  123   9.3238381439432049E-004
                  124   1.2057770651131194E-003
                  125   1.2171946439689517E-003
                  126   1.0792748608904300E-003
                  127   1.1277461150729490E-003
                  128   1.0572678498145770E-003
                  129   9.2771423905573425E-004
                  130   7.7727615941474511E-004
                  131   8.1436076499680123E-004
                  132   9.1147137419359827E-004
                  133   8.6547948228173012E-004
                  134   8.9693186897189586E-004
                  135   1.0202630218399478E-003
                  136   7.9839561846180589E-004
                  137   6.3180604968384412E-004
                  138   5.0206143563651605E-004
                  139   5.5854770832971439E-004
                  140   6.2929959969970943E-004
                  141   6.4847237612412488E-004
                  142   7.8345402141262281E-004
                  143   9.0274275996052929E-004
                  144   7.1304421378538807E-004
                  145   9.0795037717409884E-004
                  146   7.3306416632699565E-004
                  147   8.8225073084438198E-004
                  148   7.7577901184559047E-004
                  149   8.0819754508440163E-004
                  150   7.2181739751864477E-004
                  151   1.0494270415919926E-003
                  152   9.0628815370747003E-004
                  153   8.8160326216954780E-004
                  154   5.4536591290824132E-004
                  155   3.0288519574022180E-004
                  156   2.2760015485239897E-004
                  157   1.8159656991316155E-004
                  158   2.5565225095202049E-004
                  159   4.3041256337893907E-004
                  160   5.0987440311906634E-004
                  161   3.3917132809747886E-004
                  162   5.3169169546811933E-004
                  163   4.3095625824480426E-004
                  164   4.3609382818498004E-004
                  165   3.0564163246713286E-004
                  166   4.4019217544739365E-004
                  167   4.5174078440654504E-004
                  168   5.6713986547871943E-004
                  169   4.5367193824995711E-004
                  170   6.3337255902817780E-004
                  171   8.9630600451546161E-004
                  172   9.5204988406612364E-004
                  173   1.0809822002627919E-003
                  174   1.0481652845598119E-003
                  175   1.0118987579890537E-003
                  176   9.0017222267863494E-004
                  177   7.6393715436509386E-004
                  178   7.2785601325474011E-004
                  179   6.8728926327144609E-004
                  180   4.3013820316611294E-004
                  181   2.8058242480165108E-004
                  182   2.4781491894619253E-004
                  183   3.0263916523927685E-004
                  184   1.4597620568390667E-004
                  185  -7.0621393904539551E-006
                  186   7.5909078261569623E-005
                  187   1.2656027762248737E-004
                  188   1.7549849561859204E-004
                  189  -1.3869426479118848E-004
                  190  -2.5615012660659784E-005
                  191   1.2020731412505509E-004
                  192   3.9090252557277610E-004
                  193   4.9517059638323280E-004
                  194   5.8142082433274044E-004
                  195   5.9940299830918279E-004
                  196   6.8606939407752135E-004
                  197   7.0949918775048795E-004
                  198   6.7723262350452757E-004
                  199   6.5180647737903084E-004
                  200   1.2258314585849103E-004
                  201   6.9732941837651140E-007
                  202  -7.9281572713145302E-005
                  203  -8.0914210760615210E-005
                  204  -1.7155743247222467E-004
                  205   8.1547421057502372E-006
                  206   3.2656688916684424E-004
                  207   4.4957344719186106E-004
                  208   6.4264802322125023E-004
                  209   6.6309990882037161E-004
                  210   5.7891772842857568E-004
                  211   1.9034034909613242E-004
                  212  -2.1602534219201791E-005
                  213  -1.0522505557204829E-004
                  214  -5.8786509213601165E-005
                  215   1.9650667161635975E-005
                  216   2.1953021930429462E-004
                  217  -1.5350991666604092E-005
                  218   2.9083784273298708E-005
                  219  -1.1346896779511983E-004
                  220  -4.8594107423602579E-004
                  221  -5.2495282723940206E-004
                  222  -7.3072785900648121E-004
                  223  -6.4708051939504885E-004
                  224  -1.2123944048705376E-003
                  225  -1.4983854562012611E-003
                  226  -1.3182644859914263E-003
                  227  -1.4780502182499297E-003
                  228  -1.5816407439247857E-003
                  229  -1.5284740265959780E-003
                  230  -1.1362496018391959E-003
                  231  -8.4282155421357087E-004
                  232  -8.6382654896671610E-004
                  233  -5.7389520718797288E-004
                  234  -3.2582872181263409E-004
                  235  -9.7859544672390997E-005
                  236  -1.5707352113094393E-004
                  237  -1.0889879263329751E-004
                  238  -1.7599458411602636E-004
                  239  -2.1735059922673567E-004
                  240  -5.4618613912419149E-004
                  241  -2.6999689984250796E-004
                  242  -3.0878993504766931E-005
                  243   1.9012014017690780E-005
                  244  -1.2045784497812618E-004
                  245  -2.1585632849315436E-004
                  246  -5.1350613071228881E-004
                  247  -3.5043339468986470E-004
                  248  -2.3514246589839208E-004
                  249   2.4585672643087658E-005
                  250   3.8496603488980837E-004
                  251   5.9124436413870638E-004
                  252   7.0001698124609721E-004
                  253   5.7606937868846342E-004
                  254   3.4744134297194781E-004
                  255   1.3737736539521872E-004
                  256   3.3521923847588860E-004
                  257   4.9409015463254546E-004
                  258   4.7710905660764465E-004
                  259   5.6816366757882165E-004
                  260   8.5171071668314164E-004
                  261   1.0619728427625087E-003
                  262   1.0818631177285040E-003
                  263   7.3713434188810579E-004
                  264   6.2274756273127737E-004
                  265   2.9097316413405160E-004
                  266   3.6920843817764390E-004
                  267   3.1978172220020106E-004
                  268   2.8370175829393749E-004
                  269   9.9411867892174863E-005
                  270   1.7180136077887202E-004
                  271   4.0047168057424763E-004
                  272   3.7979232123169082E-004
                  273   2.6234466510820871E-004
                  274   4.9174572800513754E-004
                  275   7.5995584891209349E-004
                  276   8.4460916745101211E-004
                  277   9.6521485189794405E-004
                  278   1.2654479922628535E-003
                  279   1.6000846237368639E-003
                  280   1.5406761593296033E-003
                  281   1.5232655120773204E-003
                  282   1.6009676428312045E-003
                  283   1.3435145134405957E-003
                  284   1.2008693515989403E-003
                  285   1.3208009964588833E-003
                  286   1.1711485490333122E-003
                  287   9.5646040213528873E-004
                  288   5.7291959408212732E-004
                  289   4.5947044637203831E-004
                  290   5.9289076028135013E-004
                  291   6.0398524591487410E-004
                  292   9.0356946293917106E-004
                  293   8.7719502398123160E-004
                  294   7.0208184310596169E-004
                  295   3.6274032176680636E-004
                  296   4.7826749691065894E-004
                  297   5.3379518228449587E-004
                  298   5.0554338647887159E-004
                  299   3.6989469475108609E-004
                  300   2.7692120320566477E-004
                  301   1.7880459268442114E-004
                  302   7.6698021861412247E-005
                  303   2.1728677657573110E-004
                  304   3.0654384168449271E-005
                  305  -2.3977170077592314E-004
                  306  -3.2434386113820100E-004
                  307  -2.8858797444359898E-004
                  308  -2.8853714033009244E-004
                  309  -1.5119027427004761E-004
                  310  -1.7762506637400050E-004
                  311   2.2016009868848005E-005
                  312   1.9253110639050924E-004
                  313   1.9141531392107897E-004
                  314   1.6212873886819979E-004
                  315   3.8837607736047866E-004
                  316   5.6794678261502850E-004
                  317   6.6554161906348533E-004
                  318   4.7393247757980306E-004
                  319   4.9374547684533088E-004
                  320   3.8224491033079188E-004
                  321   4.4695722801191761E-004
                  322   2.4620291958896698E-004
                  323  -2.0711270982853831E-005
                  324  -3.1471654831091042E-005
                  325   3.4517387343128656E-006
                  326  -1.2601057249693204E-004
                  327  -4.9291714942560848E-005
                  328  -7.9289755860421690E-005
                  329   8.4570252602743137E-005
                  330   2.5361531244641466E-004
                  331   2.8379583908050494E-004
                  332   1.0978083624897261E-004
                  333   9.3384202601997976E-005
                  334   9.4581182286685673E-005
                  335   1.3235522621820315E-004
                  336   3.5175602033253757E-004
                  337   8.3949479631423415E-004
                  338   8.6415836945335600E-004
                  339   1.0853765914137772E-003
                  340   1.4732125726695891E-003
                  341   1.4068712020838404E-003
                  342   1.5557325841193681E-003
                  343   1.3540333806970940E-003
                  344   1.1921610485300621E-003
                  345   1.3272223823681008E-003
                  346   1.3262016447440914E-003
                  347   1.2429140089679671E-003
                  348   1.2875819135509028E-003
                  349   1.3673502266767774E-003
                  350   1.2399787462817607E-003
                  351   1.3249155448391027E-003
                  352   1.4398155473992283E-003
                  353   1.3805255118516059E-003
                  354   1.1789472397473921E-003
                  355   1.1163083038895616E-003
                  356   8.8648503486942864E-004
                  357   9.2659818717041908E-004
                  358   7.1077776516294071E-004
                  359   5.8978699912456425E-004
                  360   3.6469001573755284E-004
                  361   3.1577483280937924E-004
                  362   5.8602560548795253E-004
                  363   5.5342047600318489E-004
                  364   6.5418420533156440E-004
                  365   6.9820673430745852E-004
                  366   6.2627248576079561E-004
                  367   3.9638000762448866E-004
                  368   6.7920818384389393E-004
                  369   7.1674804343895720E-004
                  370   8.2989780884103225E-004
                  371   6.1964022069043389E-004
                  372   4.8885613676302839E-004
                  373   5.5747727021859263E-004
                  374   4.9117558941502389E-004
                  375   5.0750972244547243E-004
                  376   3.8396744955090933E-004
                  377   1.0687296819998529E-004
                  378   6.5631496788494872E-005
                  379  -1.3899987924484021E-004
                  380  -1.0772836968509767E-004
                  381  -2.2208022350540169E-005
                  382   1.7784506734327309E-004
                  383   2.7907167275229293E-004
                  384   3.0327275052946902E-004
                  385   2.3950828727585700E-004
                  386   3.2019304904494278E-004
                  387   4.5657191273000346E-004
                  388   4.4235936955240894E-004
                  389   3.1632933227691059E-004
                  390   1.6918426413544863E-004
                  391   6.0103700908750097E-005
                  392  -6.7618140030636597E-005
                  393   1.0976188066750184E-004
                  394   1.3364191472326064E-004
                  395   4.2468962541760964E-004
                  396   3.6059981372954693E-004
                  397   2.3217901930729882E-004
                  398  -1.0896324120781499E-004
                  399  -2.9076274033420742E-005
                  400  -2.0409838234850601E-005
                  401  -8.6023684581649790E-005
                  402   2.6030716287820021E-006
                  403   4.7121095482834119E-004
                  404   7.6590456070245569E-004
                  405   9.6707582633170496E-004
                  406   1.3379019146342751E-003
                  407   1.2095039996875298E-003
                  408   1.0880479634397869E-003
                  409   1.0536537666154795E-003
                  410   1.0536109912617979E-003
                  411   6.8226469101022628E-004
                  412   5.9113387078654485E-004
                  413   3.3743765398670821E-004
                  414   5.6472634732046003E-004
                  415   3.7548427196408421E-004
                  416   2.2360128583594701E-004
                  417   2.8420752576441212E-004
                  418  -8.8502348948164933E-006
                  419   2.6739875217661577E-004
                  420   3.7458870792210855E-004
                  421   2.7629820004763689E-004
                  422   5.1759247418962377E-005
                  423  -2.6941598694059875E-004
                  424  -4.3186168287338069E-004
                  425  -1.9745151131926397E-004
                  426  -2.1937157114416302E-004
                  427  -2.7505165333286866E-004
                  428  -3.4452246994610253E-004
                  429  -4.8298622262771398E-004
                  430  -6.2500217490675102E-004
                  431  -7.7427107537233455E-004
                  432  -9.0407744453705027E-004
                  433  -1.0964587902935698E-003
                  434  -6.7233952658472796E-004
                  435  -3.6558232836524101E-004
                  436  -1.0487289735242881E-004
                  437   1.3070200479337187E-004
                  438  -1.6710867492996479E-004
                  439  -1.7644519071015490E-004
                  440  -1.6178835346630457E-004
                  441  -5.9331168719935536E-005
                  442  -5.5016757117662052E-005
                  443  -2.4969115696885346E-004
                  444  -4.1239414217255358E-004
                  445  -2.0625403879168360E-004
                  446  -8.1355299361790683E-005
                  447   1.4107217467652488E-004
                  448   4.3673592032793208E-004
                  449   4.4364568354890797E-005
                  450  -3.5220522335346118E-004
                  451  -5.7074063040506043E-004
                  452  -6.4809366420877303E-004
                  453  -6.4335145291834119E-004
                  454  -2.6994379683854591E-004
                  455  -8.9844532558266423E-005
                  456  -8.2538018170413065E-005
                  457  -2.6159071193627352E-004
                  458  -4.6391329755537524E-004
                  459  -5.8882301822745008E-004
                  460  -4.2062268873887219E-004
                  461  -2.8447705927316054E-004
                  462  -1.4849343354392998E-004
                  463  -1.3461118697348834E-004
                  464  -7.6495649674927861E-005
                  465   3.8016095141016020E-005
                  466   1.4659040026482551E-004
                  467   1.2322837099142759E-004
                  468  -1.4217383095719718E-005
                  469  -1.2230408848180354E-004
                  470  -1.7414337874127432E-004
                  471  -2.9468625356831891E-004
                  472  -2.4827705367790894E-004
                  473  -1.2273016831007515E-004
                  474  -1.1172882426110296E-004
                  475  -1.2962621833902214E-004
                  476  -1.0235190565900021E-004
                  477   2.5921861776844497E-006
                  478  -1.0511615902082498E-004
                  479  -9.5383319648777721E-005
                  480  -1.5334780592744291E-004
                  481  -1.3105525293697624E-005
                  482   1.9093869834650818E-004
                  483   3.0826048901312733E-004
                  484   6.5929061313617864E-004
                  485   9.9454516421220644E-004
                  486   1.1215217607818584E-003
                  487   8.5356273009429197E-004
                  488   2.8117151355716000E-004
                  489   1.1396516112078017E-004
                  490   7.9383739628366578E-005
                  491   2.7167457456254675E-004
                  492   3.6394337207381786E-004
                  493   4.0035842118504975E-004
                  494   4.4655837889408229E-004
                  495   6.2470033238889349E-004
                  496   6.5217591221168071E-004
                  497   7.6906035610219473E-004
                  498   8.5707710058035810E-004
                  499   1.0203334112749058E-003
                  500   1.0444973687897571E-003
                  501   8.9259700636668601E-004
                  502   7.5561750579261080E-004
                  503   8.2879653590083632E-004
                  504   8.5889555138315120E-004
                  505   1.1187930913716634E-003
                  506   1.1497495790035650E-003
                  507   1.2909610977898682E-003
                  508   9.9155418876942822E-004
                  509   8.3269402662064355E-004
                  510   8.0428654536844179E-004
                  511   8.2628129214486093E-004
                  512   6.6959912935426460E-004
                  513   7.2537728514803260E-004
                  514   5.1021089604517630E-004
                  515   4.3368408232413811E-005
                  516   1.5918513937710933E-004
                  517  -5.1559599641862889E-005
                  518  -2.0406143573099305E-004
                  519  -3.4375993616530669E-005
                  520  -7.4548611732916023E-005
                  521  -7.8539671193247816E-006
                  522   3.0708290046930077E-004
                  523   3.4814635525553508E-004
                  524   1.0748543080994670E-004
                  525   2.2682552776482953E-004
                  526   1.9265291294345813E-004
                  527   2.5330950659359928E-005
                  528   1.8205655119128510E-004
                  529  -5.6016490864739013E-005
                  530  -3.6164360433229073E-004
                  531  -2.3803877535736109E-004
                  532  -1.1967147689896918E-004
                  533  -4.4839814767009227E-005
                  534   2.0682666594537696E-004
                  535   1.4375148949176479E-004
                  536   1.6895578012902435E-004
                  537   6.7966750085842647E-004
                  538   8.9806952074401338E-004
                  539   1.0344928170432984E-003
                  540   1.0109684633595373E-003
                  541   1.1293236857361287E-003
                  542   1.0198707336569145E-003
                  543   5.4402726913842974E-004
                  544   3.0497072061498424E-004
                  545   2.4911939784205933E-004
                  546  -7.4393131808218681E-005
                  547  -2.8575164141552898E-004
                  548  -2.3472926752120705E-004
                  549  -2.9860492755267687E-004
                  550  -1.6876221710798701E-004
                  551   4.4603676275296834E-004
                  552   2.8076699813004444E-004
                  553  -4.4124945785249867E-005
                  554  -5.1687837398884989E-004
                  555  -5.9916412191181095E-004
                  556  -4.7219721554475305E-004
                  557  -7.7324579318639708E-004
                  558  -6.3738109292980091E-004
                  559  -5.5078409108977029E-004
                  560  -1.8704677860904341E-004
                  561  -8.7204455726292099E-005
                  562  -1.4406756388039144E-004
                  563   8.4902026644244355E-005
                  564   2.9312336295798512E-004
                  565   3.4818844146674091E-004
                  566   7.4843840978512568E-004
                  567   8.8371184121255981E-004
                  568   7.8652126113037491E-004
                  569   8.7202918954063424E-004
                  570   9.3908069304996596E-004
                  571   1.0503195046471308E-003
                  572   8.8449896570867107E-004
                  573   7.2414184677580191E-004
                  574   5.3299086833443192E-004
                  575   4.9341111532568284E-004
                  576   5.2206171518338982E-004
                  577   7.5224913677128546E-004
                  578   8.2845755132974564E-004
                  579   1.0167287971143855E-003
                  580   1.1688947288382998E-003
                  581   1.3292244114694336E-003
                  582   1.3251746548797153E-003
                  583   1.7235179452195224E-003
                  584   1.8306884253104282E-003
                  585   1.8088216919287701E-003
                  586   1.9265647881457457E-003
                  587   1.8380265560454781E-003
                  588   1.8481855231980298E-003
                  589   1.5609287511165674E-003
                  590   1.1028369487847140E-003
                  591   8.5763422878096457E-004
                  592   8.3874971753098251E-004
                  593   8.6268105013775638E-004
                  594   5.7499249941758896E-004
                  595   4.3974804838356994E-004
                  596   5.5927005529443012E-004
                  597   6.1014168243060597E-004
                  598   4.8650901701062174E-004
                  599   2.8113332686342818E-004
                  600   4.6269945541551445E-004
                  601   8.7604706866646479E-004
                  602   1.1213244776629259E-003
                  603   1.1764878011356974E-003
                  604   1.0766576000261162E-003
                  605   7.3630504214634602E-004
                  606   2.2032019906796641E-004
                  607   1.9315752397250415E-004
                  608   4.3610149876835658E-004
                  609   5.7655264136274745E-004
                  610   6.2081360019984708E-004
                  611   8.2675334671878709E-004
                  612   8.7739457810000416E-004
                  613   8.2201352492532480E-004
                  614   6.1221420085777142E-004
                  615   6.0091993806976043E-004
                  616   5.8094814699112302E-004
                  617   4.6424043515644439E-004
                  618   1.0186431414598209E-004
                  619   4.7994099862113988E-005
                  620   1.3712475362794160E-004
                  621  -5.8242898325683877E-006
                  622   1.9625239183684653E-004
                  623   5.2953224760891589E-004
                  624   7.2861706022258937E-004
                  625   1.1495614522337031E-003
                  626   1.5177448261817048E-003
                  627   1.2981417022456892E-003
                  628   1.2606978965077401E-003
                  629   1.1884797276747966E-003
                  630   8.1586542647982035E-004
                  631   6.3352346301423111E-004
                  632   6.6579163204585695E-004
                  633   7.1213297020190664E-004
                  634   7.3999918024017009E-004
                  635   5.8205015081468027E-004
                  636   1.9130306468556846E-004
                  637  -7.2754196614570601E-005
                  638  -8.8755380287939607E-005
                  639  -2.5350381148813122E-004
                  640  -8.8085132818504792E-005
                  641  -1.4959232252283365E-004
                  642  -2.8069326920644418E-004
                  643  -3.4801840015294129E-004
                  644  -3.2574619046356383E-004
                  645  -3.8619723093950311E-004
                  646  -3.8553428621851545E-004
                  647  -5.2910330832831075E-004
                  648  -4.3647269373808340E-004
                  649  -1.8170643007822261E-004
                  650  -1.4119685016544855E-004
                  651   7.6285611868382843E-005
                  652   1.3138418554238681E-004
                  653  -3.3144511090871420E-005
                  654   1.2092115824929818E-004
                  655  -4.9245954767240448E-005
                  656  -1.3997285044942278E-004
                  657  -1.4139287919415824E-004
                  658  -8.8044718209707946E-005
                  659  -2.1139813321192992E-004
                  660  -5.6185966090149440E-004
                  661  -5.7723169047053143E-004
                  662  -5.6551026878835710E-004
                  663  -2.9777408337914593E-004
                  664   6.1064462065880372E-006
                  665   5.2916026917983514E-005
                  666   6.6118703064137026E-006
                  667  -1.8797779177013742E-004
                  668  -8.1548020506751746E-005
                  669  -1.6888916652018325E-004
                  670  -3.0862421399822541E-004
                  671  -5.0711031862217786E-004
                  672  -6.8737236941294382E-004
                  673  -7.7958195245700660E-004
                  674  -6.7493103122797217E-004
                  675  -7.8538407062250792E-004
                  676  -7.3113209702174579E-004
                  677  -6.8367540052494200E-004
                  678  -7.3206595797704898E-004
                  679  -8.5730124344116901E-004
                  680  -7.8190193679791625E-004
                  681  -6.4791124830727365E-004
                  682  -5.5438513751956877E-004
                  683  -4.0548320496097321E-004
                  684  -1.7582333786245926E-004
                  685   2.1152906374772013E-005
                  686  -1.3954131206496095E-004
                  687  -3.0714345016534793E-004
                  688  -3.3413061945266568E-004
                  689  -2.9839342074611849E-004
                  690  -4.4642147300091905E-004
                  691  -5.9794625648233670E-004
                  692  -7.2652322643479363E-004
                  693  -8.8988493691295680E-004
                  694  -1.2725406566695752E-003
                  695  -1.2765928817850768E-003
                  696  -1.2741633080015509E-003
                  697  -1.3188950562114143E-003
                  698  -1.2634222311984592E-003
                  699  -1.1033406214749639E-003
                  700  -1.0145686647614705E-003
                  701  -8.1495853180384972E-004
                  702  -4.8437468804739102E-004
                  703  -4.1184399132817781E-004
                  704  -3.7433425112879488E-004
                  705  -3.1245522392366889E-004
                  706  -2.4894183985175420E-004
                  707  -4.0315062147524330E-004
                  708  -8.2694632011404777E-005
                  709  -2.3393185315268804E-005
                  710   1.0119017995309805E-004
                  711   4.1968334956157044E-005
                  712   2.8980871367204554E-005
                  713   1.4350170118230957E-004
                  714   1.6740620059076320E-004
                  715   3.6780327862272807E-004
                  716   2.9004027363277563E-005
                  717  -3.2680962858334098E-004
                  718  -3.4916901046888236E-004
                  719  -3.3303589822236197E-004
                  720  -4.0630919259286271E-004
                  721  -1.4745674165475551E-004
                  722   2.3650537441189831E-005
                  723   4.6963760655079882E-005
                  724   9.4802897394100414E-005
                  725   8.5020308196358553E-005
                  726   3.2851083016241452E-004
                  727   1.9929930484713127E-004
                  728   3.4778722849819292E-004
                  729   4.6321509399371841E-004
                  730   5.7535838663815247E-004
                  731   4.0411934114429287E-004
                  732   3.8379606839029863E-004
                  733   1.9303354692713054E-004
                  734   3.6667473230183120E-004
                  735   3.8564254062588526E-004
                  736   5.2492049040553574E-004
                  737   7.3857657156823687E-004
                  738   7.6180698053410819E-004
                  739   7.8159382972957522E-004
                  740   8.0094154061301269E-004
                  741   4.5315321574357267E-004
                  742   7.0708372374201679E-004
                  743   8.1368686857457542E-004
                  744   9.6648595706731212E-004
                  745   8.3096131306675911E-004
                  746   1.0158879524673876E-003
                  747   1.0122931513891335E-003
                  748   8.7304878626329326E-004
                  749   8.1516632488271511E-004
                  750   8.5069744370002375E-004
                  751   9.1896202610858204E-004
                  752   1.0462908169083856E-003
                  753   1.0590696963575625E-003
                  754   1.1765109386040083E-003
                  755   1.3083073422558464E-003
                  756   1.3460420385598179E-003
                  757   1.5885319899179621E-003
                  758   1.5624402525902447E-003
                  759   1.4603972269753751E-003
                  760   1.5170934129942045E-003
                  761   1.3780230265900539E-003
                  762   1.2420724222876362E-003
                  763   1.1509349279996944E-003
                  764   1.1927444788864163E-003
                  765   1.2998443827141194E-003
                  766   9.4941580059261944E-004
                  767   8.3136267268789951E-004
                  768   8.1663800614435289E-004
                  769   6.5809049306196079E-004
                  770   6.5849073737801864E-004
                  771   6.0145563533376344E-004
                  772   8.3762701841581810E-004
                  773   1.0589568449719130E-003
                  774   1.0001353361013337E-003
                  775   1.0778007864022557E-003
                  776   8.6660345132460917E-004
                  777   7.3798688146082766E-004
                  778   1.0060508005297266E-003
                  779   1.0540278767844444E-003
                  780   9.9945798285269206E-004
                  781   1.2275333072385721E-003
                  782   1.5055738707749390E-003
                  783   1.4196151762094101E-003
                  784   1.5158265445474166E-003
                  785   1.6558504286423676E-003
                  786   1.7715418755378475E-003
                  787   1.7178321718469061E-003
                  788   1.6561624962782048E-003
                  789   1.5841249370247303E-003
                  790   1.4065448802866229E-003
                  791   1.2938724874533728E-003
                  792   1.0998689491364471E-003
                  793   7.9062715752443394E-004
                  794   6.1146825475776436E-004
                  795   2.6747910898396421E-004
                  796   1.7220785103650316E-004
                  797  -1.4477685288347250E-004
                  798   3.4051847986393661E-004
                  799   6.5063663657012095E-004
                  800   4.6940179923461191E-004
                  801   5.2243419064102944E-004
                  802   3.6866544128055486E-004
                  803   1.4016266938808220E-004
                  804   1.1214262725634472E-004
                  805   1.7428549267984475E-004
                  806   1.3094340968763929E-004
                  807  -4.8682959323470108E-005
                  808  -2.0562509422110157E-004
                  809  -2.3341099606675886E-004
                  810  -2.4220529077975328E-004
                  811  -1.4090052729424525E-004
                  812   1.0222119595509252E-004
                  813   1.5309803440293209E-004
                  814   2.4413377665111633E-004
                  815   3.3968623599740376E-004
                  816   2.8193653531529523E-004
                  817   4.9282256636788767E-004
                  818   5.2687634507602777E-004
                  819   3.1065895562424717E-004
                  820   2.4939918854749205E-004
                  821   9.0047178709842416E-005
                  822   8.7021672903522768E-006
                  823   3.1103855940373771E-004
                  824   4.9634858981598595E-004
                  825   6.8264709864353245E-004
                  826   8.7072332388950420E-004
                  827   9.8696311753855852E-004
                  828   6.7002234644445162E-004
                  829   6.5660545357799135E-004
                  830   5.7339443603966636E-004
                  831   6.0533923352385530E-004
                  832   5.7566501309402592E-004
                  833   4.3682010323930988E-004
                  834   2.9987149307293941E-004
                  835   2.8174376504544398E-004
                  836   1.5939239400206742E-004
                  837   3.0048448923635066E-004
                  838   2.8858041316698042E-004
                  839   8.1263517596863357E-005
                  840   3.5413254467025790E-004
                  841   3.1421318602539272E-004
                  842   2.2002628290587381E-004
                  843   2.3691029960143270E-004
                  844  -1.9021663158957038E-004
                  845  -4.3766887237440985E-004
                  846  -5.0648720190330421E-004
                  847  -4.1419267563046880E-004
                  848  -5.9105716660452334E-004
                  849  -7.5017095386674230E-004
                  850  -6.0285062039977446E-004
                  851  -6.4677643439981446E-004
                  852  -5.7792640885603115E-004
                  853  -3.3861135813593757E-004
                  854  -4.7001920449069880E-004
                  855  -5.5408229233530832E-004
                  856  -8.0753370371712139E-004
                  857  -7.5120054660459269E-004
                  858  -4.8223518667156061E-004
                  859  -2.3551450478908885E-004
                  860  -4.9895917352357538E-004
                  861  -5.7761800038679694E-004
                  862  -6.8044577283208772E-004
                  863  -7.3262463940646015E-004
                  864  -6.6975226205521956E-004
                  865  -5.7611370573764091E-004
                  866  -8.1607574580639926E-004
                  867  -7.3745791432591290E-004
                  868  -6.0918926131900018E-004
                  869  -6.3012167073658713E-004
                  870  -1.0496789155335552E-004
                  871  -8.5040423471665136E-005
                  872  -2.4214156465365017E-004
                  873  -9.7791771027419346E-005
                  874  -2.3026620629262791E-004
                  875  -3.0985288711397440E-004
                  876  -4.9612136534161241E-004
                  877  -4.7711408195919675E-004
                  878  -4.3301546705406754E-004
                  879   1.2297304939781395E-004
                  880   2.8706418533125800E-004
                  881   4.1698622091321550E-004
                  882   7.3578567987398391E-004
                  883   3.0869137539157047E-004
                  884   3.3962924132997113E-004
                  885   3.2594522609598624E-004
                  886   4.4415340923726807E-004
                  887   6.2579350279796215E-004
                  888   6.9726055459846882E-004
                  889   5.7108631095960773E-004
                  890   5.2613027715804812E-004
                  891   2.6674480494259957E-004
                  892  -1.1275138107898517E-004
                  893  -1.7286148665100043E-004
                  894  -3.0061168370637313E-005
                  895   3.8743610995347637E-005
                  896  -3.1715939715723599E-004
                  897  -4.6736259739161288E-004
                  898  -5.3582911955860069E-004
                  899  -5.0086885397214996E-004
                  900  -4.7708908979498713E-004
