                    0   1.0000000000000000     
                    1  0.60563442148359792     
                    2  0.41890527963128027     
                    3  0.30824644836708026     
                    4  0.23545120589783478     
                    5  0.18477176166613835     
                    6  0.14773017915616982     
                    7  0.12002197758588162     
                    8   9.8993326857484160E-002
                    9   8.1988180340100858E-002
                   10   6.8032062909790900E-002
                   11   5.6949755170136347E-002
                   12   4.7666881104726097E-002
                   13   4.0270826005129580E-002
                   14   3.4337882316917853E-002
                   15   2.9810305047814387E-002
                   16   2.5615241385605839E-002
                   17   2.2086598930924045E-002
                   18   1.8962227310119126E-002
                   19   1.6309608568000390E-002
                   20   1.3913692558394706E-002
                   21   1.1605940147234969E-002
                   22   9.7465614640701095E-003
                   23   8.3914611349324309E-003
                   24   7.3644863774114493E-003
                   25   6.4704407202328673E-003
                   26   5.8600212452104119E-003
                   27   4.8475811409427741E-003
                   28   4.2420908574908271E-003
                   29   4.0723318799040361E-003
                   30   3.5837036997341592E-003
                   31   3.3568361403697308E-003
                   32   3.2416117887522208E-003
                   33   2.5931527750418654E-003
                   34   1.8779761209938336E-003
                   35   1.6526346861221424E-003
                   36   1.2284889371048015E-003
                   37   1.1692009624844713E-003
                   38   1.1990758592902062E-003
                   39   1.0881951078833985E-003
                   40   6.9026806821070636E-004
                   41   6.8292866270470076E-004
                   42   6.4334712394830806E-004
                   43   7.5591347498807978E-004
                   44   5.1319194559139292E-004
                   45   1.7686427082042403E-005
                   46  -1.6294701333135630E-005
                   47  -6.3549624808201946E-005
                   48   2.7331467780808449E-004
                   49  -1.3341007973914282E-005
                   50  -2.3773556146645822E-004
                   51  -1.6200445678277658E-004
                   52   1.4055914092901516E-004
                   53   3.0383545318935369E-004
                   54   3.5945119599038559E-004
                   55   3.6370642879178706E-004
                   56   2.5663735734174852E-004
                   57   2.5677507477969404E-004
                   58   2.9055229873906373E-004
                   59   2.9190135319488838E-004
                   60   2.3147363461319196E-004
                   61   2.9596698551245154E-005
                   62  -1.7817222305826409E-004
                   63   3.8909329711632355E-005
                   64  -7.6477596520027418E-004
                   65  -1.1661548013442000E-003
                   66  -1.2924520057171010E-003
                   67  -1.0304651253536952E-003
                   68  -3.3234588359788795E-004
                   69  -3.7504355038257467E-004
                   70  -1.5875870294714952E-004
                   71  -1.4483745166719546E-004
                   72   2.3363958038331083E-004
                   73   2.0829540888951808E-004
                   74  -1.6062150386928587E-005
                   75  -2.7339141573775921E-004
                   76  -4.1286819318577797E-004
                   77  -7.1066526305388279E-004
                   78  -9.3235612887992341E-004
                   79  -5.8831151880049453E-004
                   80  -5.9746541006797246E-004
                   81  -8.0140789018821857E-004
                   82  -8.1379516991626029E-004
                   83  -1.0183551835772355E-003
                   84  -1.1129810941902076E-003
                   85  -9.9967928877459414E-004
                   86  -1.0856365488841372E-003
                   87  -1.0382974357686565E-003
                   88  -8.0534373126429101E-004
                   89  -8.3822275934475560E-004
                   90  -9.5583404826692976E-004
                   91  -1.1798734471500400E-003
                   92  -8.6495266648456263E-004
                   93  -7.8511391725894452E-004
                   94  -5.8486388478094494E-004
                   95  -7.7057841587788178E-004
                   96  -9.4147988926678039E-004
                   97  -8.8197599836528228E-004
                   98  -1.0517712709633387E-003
                   99  -8.7837269001149714E-004
                  100  -5.5970836913674723E-004
                  101  -5.3786294456773453E-004
                  102  -6.6571727567885921E-004
                  103  -6.8305618898178739E-004
                  104  -3.2215775168492784E-004
                  105  -3.0866257581215546E-004
                  106  -4.1431504655640040E-004
                  107  -5.2386483216750393E-004
                  108  -7.0032757211603558E-004
                  109  -5.6909465353580471E-004
                  110  -2.5694325352271891E-004
                  111  -6.0421733957235048E-004
                  112  -5.0150495855403373E-004
                  113  -1.7118160546637356E-004
                  114  -6.6364866320573035E-005
                  115  -4.4848412404159169E-004
                  116  -4.2165927432757277E-004
                  117  -6.9787196156680727E-004
                  118  -6.8371022926208991E-004
                  119  -6.0063062767934633E-004
                  120  -5.0357842411057334E-004
                  121  -3.6316886633590430E-004
                  122   7.2381538601602930E-005
                  123   1.2596381011639366E-004
                  124   5.2995269826118842E-005
                  125   3.4968691386749756E-004
                  126   4.7226902527384296E-004
                  127   3.0319857831890250E-004
                  128   3.6665701179136023E-005
                  129  -4.3208608820602894E-004
                  130  -8.5417395682710828E-004
                  131  -7.2101379121761123E-004
                  132  -6.3716515278787553E-004
                  133  -2.7125519396361246E-004
                  134  -2.6111836946707951E-004
                  135   2.9044197934770700E-004
                  136   5.1325694377081564E-004
                  137   3.7522438572114828E-004
                  138   5.3667654542076258E-006
                  139  -3.1675388856119188E-004
                  140  -1.3887051855437078E-004
                  141  -3.6794569147424380E-004
                  142  -5.6005948598997202E-004
                  143  -4.9886363477009044E-004
                  144  -5.6421250959952536E-004
                  145  -5.2571682419755847E-004
                  146  -4.5080856585799520E-004
                  147  -3.7294223905759476E-004
                  148  -1.7532771981527119E-004
                  149  -2.3583878585753162E-004
                  150  -1.7499140496923720E-004
                  151  -2.0442921704876024E-004
                  152  -5.2936456709759311E-004
                  153  -6.7336967499288043E-004
                  154  -3.8187337586000964E-004
                  155  -3.3977113447393153E-005
                  156   1.9727884420622487E-004
                  157   6.5728954076187172E-005
                  158   3.9331283505827674E-005
                  159   1.1952724583412962E-004
                  160   3.7415290841493902E-004
                  161   4.4217608140735700E-004
                  162   5.2179019633528077E-004
                  163   3.2446590344449588E-004
                  164   4.6704905915358452E-004
                  165   3.0825394479814616E-004
                  166   1.5369455082763902E-004
                  167  -8.8216174396920567E-005
                  168  -1.8199426593548494E-004
                  169  -4.5440319194620489E-004
                  170  -6.0758725285558297E-004
                  171  -6.7640587094757343E-004
                  172  -5.8952481071678723E-004
                  173  -2.4050137586247310E-004
                  174   3.8573822617685035E-005
                  175   4.3392494611343648E-004
                  176   6.0815743353325933E-004
                  177   7.1255707858915889E-004
                  178   7.3121310030076258E-004
                  179   1.3544935231403585E-003
                  180   1.2194644007240600E-003
                  181   1.2582064627814312E-003
                  182   1.0648353964168994E-003
                  183   7.7103810918122671E-004
                  184   5.0521414131304203E-004
                  185   6.6106141514728255E-004
                  186   5.2890131236040861E-004
                  187   5.3065315975475398E-004
                  188   5.2692918350588744E-004
                  189   6.2439309123288854E-004
                  190   8.1890837559880068E-004
                  191   7.2719103022265269E-004
                  192   5.9445434740118932E-004
                  193   1.0893299990621689E-003
                  194   1.4053110892997963E-003
                  195   1.4821238592896305E-003
                  196   1.2941135392908079E-003
                  197   1.5862090150556550E-003
                  198   1.7236816464175958E-003
                  199   1.4162978202850204E-003
                  200   1.0777446052990976E-003
                  201   5.7562519893858269E-004
                  202   7.5012100093957933E-004
                  203   7.5804557361247094E-004
                  204   8.6347022209008111E-004
                  205   7.7715497272642096E-004
                  206   4.1000524995883793E-004
                  207  -1.7137813046790201E-005
                  208  -3.6141294429374723E-004
                  209  -7.1942058878885298E-004
                  210  -6.4014487551266068E-004
                  211  -6.8249029508121771E-004
                  212  -7.1695590557696836E-004
                  213  -6.4317235148457768E-004
                  214  -2.7888616851175446E-004
                  215  -3.2110760015204514E-004
                  216  -5.6097508606240039E-004
                  217  -4.4340657512727092E-004
                  218  -3.1302753514505984E-004
                  219  -2.0563702119113568E-004
                  220  -3.0903959608454489E-004
                  221  -1.0021316135719145E-003
                  222  -8.6846479769007035E-004
                  223  -1.2770560302640956E-003
                  224  -1.0624078998355659E-003
                  225  -8.8061428286310929E-004
                  226  -4.3054290762423988E-004
                  227  -2.7691017479103175E-004
                  228  -2.0745536385208328E-004
                  229   9.6604064168476602E-005
                  230   1.6258027787538040E-004
                  231   3.0071362223271374E-004
                  232   3.7867479716088679E-004
                  233   5.5999848945982567E-004
                  234   5.2529927089223487E-004
                  235   5.1214740780436614E-004
                  236   6.3388041412889900E-004
                  237   3.2455185947749391E-004
                  238   4.4905851592721556E-004
                  239   4.2342035433450698E-004
                  240   5.7798168200490707E-004
                  241   4.8906079304381642E-004
                  242   5.4553939829055239E-004
                  243   4.5724140589823830E-004
                  244   3.9982151554265568E-004
                  245   3.9595958572004038E-004
                  246   3.4126037688862488E-004
                  247   4.8616039786743721E-004
                  248   5.7121868397355191E-004
                  249   7.3043183269815330E-004
                  250   9.4114495893807867E-004
                  251   6.7922825521602619E-004
                  252   2.9743808181208930E-004
                  253   4.7046257613266083E-004
                  254   8.0989666797325315E-004
                  255   8.8961027278916473E-004
                  256   5.9778390864680673E-004
                  257   7.3162404254037872E-004
                  258   6.2454248362696157E-004
                  259   2.8218695074401848E-004
                  260  -2.0439021392346267E-004
                  261  -1.9260170302350080E-004
                  262  -4.5575607813691566E-005
                  263   2.8953880422668454E-005
                  264   8.5459009340428455E-006
                  265  -7.9951375241769918E-006
                  266   1.6049699961625467E-004
                  267   1.9943177980241399E-004
                  268  -2.7234198018975765E-004
                  269  -2.0371082080517663E-004
                  270   1.3203406942007112E-004
                  271   2.8890121669150273E-004
                  272   1.9238545938001390E-004
                  273  -7.2013949992386856E-005
                  274  -2.3028376259334954E-004
                  275  -1.5188537969874067E-004
                  276  -2.3011120094332832E-004
                  277  -4.8579702624155960E-004
                  278  -3.5668772102799876E-004
                  279  -2.3132020302155486E-004
                  280   4.4905410399541178E-005
                  281   3.2159608739999003E-004
                  282   2.9150656718198630E-004
                  283   1.1677863246383505E-004
                  284   8.1107577368422052E-006
                  285   1.3712918490887153E-005
                  286  -8.5499309234696527E-005
                  287  -2.7004332837083462E-004
                  288  -5.8057437175665675E-004
                  289  -3.4472274383409626E-004
                  290   1.2203290517101354E-004
                  291   4.1903574684533850E-004
                  292   4.1657207662621480E-004
                  293   3.6503795150240331E-004
                  294   3.1916433284952819E-004
                  295   3.2412004761715057E-004
                  296   2.4660227045225419E-004
                  297   2.0885673936494865E-004
                  298   5.7817801350896049E-004
                  299   4.6545129262281934E-004
                  300   4.5565197889779182E-004
                  301   7.1783113394559078E-004
                  302   1.0144580701816946E-003
                  303   1.2830481015558689E-003
                  304   1.1662654846271907E-003
                  305   8.8856327731175839E-004
                  306   1.0490189349754557E-003
                  307   1.1065954028635140E-003
                  308   8.6913766387307725E-004
                  309   2.8372737231690111E-004
                  310   1.4280835558744617E-004
                  311   3.7981870604502835E-004
                  312   4.3255719923734827E-004
                  313   6.6004161619222712E-004
                  314   6.1215897362847094E-004
                  315   6.6629934237311637E-004
                  316   9.8370274598722938E-004
                  317   5.2535144587420601E-004
                  318   5.7733674421225954E-004
                  319   5.5662649947950176E-004
                  320   6.9771330641915760E-004
                  321   8.9196107140290532E-004
                  322   9.5409969142348436E-004
                  323   1.1969001495321569E-003
                  324   1.1390786247790594E-003
                  325   6.7658311648044641E-004
                  326   3.0756443835764562E-004
                  327  -1.3808574776867188E-004
                  328  -2.9225595627308762E-004
                  329  -2.4999242126871207E-004
                  330   1.9199887027437532E-004
                  331   4.9059701186187179E-004
                  332   9.6136543492372436E-004
                  333   1.0690761341954080E-003
                  334   6.5849835473361855E-004
                  335   4.7175923322917228E-004
                  336   5.9287073775899090E-005
                  337   3.9173746446586081E-004
                  338   4.0064005760434595E-004
                  339   2.7225646552743124E-004
                  340   2.1892667895313770E-004
                  341  -1.0840142881230421E-004
                  342   1.6175745374229966E-005
                  343  -5.1454758602181932E-005
                  344  -1.7196526421430392E-004
                  345  -2.1583009543635063E-004
                  346  -4.5811476848363672E-004
                  347  -4.3046825586714517E-004
                  348  -4.5931999318320237E-004
                  349  -3.6326538060626388E-004
                  350  -4.3596562882898868E-004
                  351  -3.9363255590267653E-004
                  352  -1.9653573525028219E-004
                  353   2.5090975850435888E-004
                  354   1.7917958432872127E-004
                  355  -2.1175194735980721E-004
                  356  -8.8730923932927317E-005
                  357  -1.7413002700842549E-004
                  358  -3.0583111989603966E-004
                  359  -2.5749940942293019E-004
                  360  -3.6205567491793633E-004
                  361  -6.5810078521799621E-004
                  362  -6.0921894838586086E-004
                  363  -5.5321669269957168E-004
                  364  -6.3821359798264777E-004
                  365  -3.0788677580252563E-004
                  366  -7.8314061568976950E-005
                  367   3.1364057466762977E-005
                  368  -1.1588694857753473E-006
                  369  -1.7168440052129405E-004
                  370   9.1035438320107774E-005
                  371  -7.3032995361622255E-005
                  372  -1.4175574466442095E-004
                  373  -9.3444305950945183E-005
                  374  -8.7527940493365103E-005
                  375   2.1058660273922514E-004
                  376   7.5995650390463904E-005
                  377  -2.8493374191009479E-004
                  378  -4.3971053452340720E-004
                  379  -2.4467258121569615E-004
                  380   1.9410339917548179E-005
                  381  -2.1760806243137053E-004
                  382   1.9100642426519340E-006
                  383  -1.2868419291227088E-004
                  384   1.2798526162279759E-004
                  385   2.5841881759820307E-004
                  386   1.3629461914761902E-004
                  387   2.3949536025509252E-004
                  388   2.5326138540606352E-004
                  389   7.5920305451543743E-005
                  390   3.0772233719416698E-004
                  391   6.5996284483820449E-005
                  392  -1.6207030275314140E-004
                  393  -2.3016829906443730E-004
                  394  -8.3892468576268324E-005
                  395  -2.2439869084954511E-004
                  396  -6.7687045188530521E-005
                  397   9.1852315640364717E-005
                  398  -1.3221383171610986E-005
                  399  -1.8982913669716978E-004
                  400  -1.9154805900605966E-004
                  401   1.0324985505190770E-004
                  402  -1.8908738840017837E-004
                  403  -1.5340915586340844E-004
                  404  -8.9589815537702554E-005
                  405  -7.4088399966447377E-006
                  406   1.6202831228365032E-004
                  407   5.9380635770733055E-004
                  408   5.9346186481104221E-004
                  409   4.2998178465402780E-004
                  410   5.2866837861759012E-004
                  411   4.3538041105011205E-004
                  412   7.1088346580088933E-004
                  413   7.8628861343009091E-004
                  414   7.2596948461105140E-004
                  415   5.4806756782249536E-004
                  416   5.7327071481100831E-004
                  417   6.7773076529686871E-004
                  418   4.0713948347755583E-004
                  419   2.7761914865435960E-004
                  420   2.7758691638317536E-004
                  421   2.0932672771490686E-004
                  422   2.0702044491799787E-005
                  423   1.5871744983593297E-004
                  424   7.1160741971589369E-005
                  425   1.4887740835278220E-004
                  426   2.5058959437445795E-005
                  427   3.9525358741882596E-004
                  428   1.9261407694923051E-004
                  429   1.2647989663674861E-004
                  430  -1.8161705159326725E-004
                  431  -5.2974049802128242E-004
                  432  -8.9824345205120502E-004
                  433  -8.8374942145089737E-004
                  434  -2.2320541355229644E-004
                  435  -4.1557336881722337E-004
                  436  -2.5267002381597570E-004
                  437  -3.2066660316441739E-004
                  438  -1.6672845604641625E-004
                  439  -2.2572736437153273E-004
                  440  -2.5074107530816738E-004
                  441  -1.3989445064435815E-004
                  442  -1.9401643921685706E-004
                  443  -4.6824581880400219E-004
                  444  -6.8434351296566063E-004
                  445  -3.9953978160190995E-004
                  446  -3.9342744273872406E-004
                  447  -3.2833457378874162E-004
                  448  -3.6614156385652777E-004
                  449  -2.6288608082879406E-004
                  450  -2.7274817070321525E-004
                  451  -2.6261924714042007E-004
                  452  -3.7081873824989934E-004
                  453   4.1685076800379592E-005
                  454   1.9733402822906889E-004
                  455   4.0040366385959395E-004
                  456   4.4191284598958018E-004
                  457   7.9598967995943694E-004
                  458   9.7682289237471494E-004
                  459   1.0687309390139228E-003
                  460   6.4663379421132374E-004
                  461   1.0795993727864574E-003
                  462   1.0614136947244680E-003
                  463   7.7471613789655914E-004
                  464   4.9307402704368676E-004
                  465   4.5184196090899037E-004
                  466  -1.1369588284084636E-005
                  467   2.3273764267063880E-004
                  468   3.1088560807241870E-004
                  469   3.8781759463952587E-004
                  470   6.3466234724602352E-004
                  471   6.3720450079807808E-004
                  472   7.9153925550390163E-004
                  473   7.0773317147263188E-004
                  474   8.7534056757985730E-004
                  475   5.6452302875240762E-004
                  476   6.4636924723832751E-004
                  477   5.6336981723730721E-004
                  478   7.1337748495947856E-004
                  479   8.2075420461251024E-004
                  480   7.9898244650067590E-004
                  481   6.7007910105706990E-004
                  482   6.6869476681572784E-004
                  483   4.2743927200471590E-004
                  484   2.6516197401790033E-004
                  485   1.1769996680128126E-004
                  486   2.2779606898000771E-005
                  487  -3.6047412754923843E-005
                  488  -4.0631400445463410E-004
                  489  -4.0571177285918844E-004
                  490  -1.4002983427847691E-004
                  491   1.9100158138368704E-004
                  492   7.4071168180020550E-004
                  493   8.3149359316141245E-004
                  494   9.2562034596927367E-004
                  495   9.6355494322125819E-004
                  496   1.0463304799635139E-003
                  497   1.1410654411855214E-003
                  498   6.5101802148440871E-004
                  499   3.2819467247319391E-004
                  500  -2.5801993123597788E-004
                  501  -2.4526107955541535E-004
                  502  -3.7615143375161684E-004
                  503  -1.7746917283267964E-005
                  504   6.5143041836114281E-005
                  505   1.0000219170813802E-004
                  506   3.9536351939672406E-004
                  507   7.2038850176147956E-004
                  508   3.6196862829120574E-004
                  509   2.8732266131080143E-004
                  510   1.0325775413382690E-004
                  511  -2.4477927537568599E-004
                  512  -2.1409597005550421E-004
                  513  -2.4814564866988502E-004
                  514  -1.8453454098710034E-004
                  515  -1.3425467643240048E-004
                  516   9.9814829643902244E-006
                  517  -1.1247190630056339E-005
                  518  -4.5856602284448985E-004
                  519  -7.6330114848310318E-004
                  520  -7.7411890069711451E-004
                  521  -4.9508195276650011E-004
                  522  -3.7029013076217096E-004
                  523   2.3643435457472829E-005
                  524   1.0859252695485605E-004
                  525  -2.4862344178874508E-004
                  526  -2.2480200491687639E-004
                  527  -1.4434053685826262E-004
                  528  -4.4859479459412766E-004
                  529  -6.2964439046905645E-004
                  530  -7.3974813328744112E-004
                  531  -5.7499108403115363E-004
                  532  -2.1330158452644382E-004
                  533   1.9471423076221887E-004
                  534   4.0771201337369621E-004
                  535   6.8615005903395986E-004
                  536   7.3000114947529378E-004
                  537   4.3038543368027906E-004
                  538   6.2759916636926164E-004
                  539   9.5102334500752131E-004
                  540   1.0377617288151683E-003
                  541   7.4238249922033530E-004
                  542   6.1952514390140837E-004
                  543   3.6476967927839870E-004
                  544   3.3532507447157163E-004
                  545   3.6656035443242404E-004
                  546   9.2930008168194656E-005
                  547   3.0810580981802468E-004
                  548  -1.8833245874156305E-005
                  549   3.0957623613731464E-005
                  550   1.1829199191203253E-004
                  551   2.6448091874462187E-004
                  552   4.7500818717317417E-004
                  553   2.8986206102176652E-004
                  554   2.0589903349981452E-004
                  555   3.0856423091489912E-004
                  556   2.7258613844795450E-004
                  557   1.9368679102823002E-004
                  558   2.0800024779459492E-004
                  559  -6.9587838818972245E-005
                  560  -5.4027366949016891E-005
                  561  -1.0866792323761552E-004
                  562  -9.6792692704488866E-005
                  563   1.7257199404733693E-004
                  564   2.9625394937438332E-004
                  565   1.5873571260935490E-004
                  566   3.7522517430659295E-004
                  567   4.5332051567140212E-004
                  568   4.7517244409486141E-004
                  569   3.7228780289254711E-004
                  570   5.3673089404862064E-004
                  571   8.2514081438302426E-004
                  572   9.0648776758223192E-004
                  573   8.0711559086022898E-004
                  574   8.2075616476328837E-004
                  575   8.4507544755997046E-004
                  576   9.3065057236834097E-004
                  577   6.8097589157663392E-004
                  578   6.0246826022921772E-004
                  579   5.6636796887420723E-004
                  580   6.1464066777624127E-004
                  581   3.5755144271228329E-004
                  582   3.4310251596477180E-004
                  583   2.3755812703363520E-004
                  584   3.3490919434861971E-004
                  585   1.7483071910797509E-005
                  586  -2.0261249448771918E-004
                  587  -3.0997457390911123E-004
                  588  -3.9662559229074537E-004
                  589  -3.7469869850380652E-004
                  590  -5.7418586451975923E-004
                  591  -4.0869344269065720E-004
                  592  -2.5964272957290245E-004
                  593  -2.0236725685788862E-004
                  594  -2.0325156306156178E-004
                  595   4.4502946479130120E-004
                  596   3.8657969696145238E-004
                  597   4.6715194202843731E-004
                  598   4.3649475886168790E-004
                  599   4.5329060118602031E-004
                  600   4.1603717014587238E-005
                  601  -1.2088345971024207E-004
                  602  -2.6579472248030754E-004
                  603  -5.3780371295855103E-004
                  604  -6.4441575019254596E-004
                  605  -5.9194073716209894E-004
                  606  -6.1587212320014459E-004
                  607  -7.7358012629913256E-004
                  608  -5.6394429209940037E-004
                  609  -8.1369200913911891E-004
                  610  -7.6717405248858458E-004
                  611  -5.2500340353930236E-004
                  612  -3.9699467833152307E-004
                  613  -2.3199381500158111E-004
                  614  -2.5614720280801737E-004
                  615  -2.0764732268351051E-004
                  616  -2.2349799825463869E-004
                  617  -1.3443268285256032E-005
                  618  -6.7574744950733059E-005
                  619  -4.5451237900633685E-004
                  620  -2.8914286437919630E-004
                  621  -2.4292354135721327E-004
                  622   6.7064792350151183E-005
                  623   2.1828313328474196E-004
                  624   1.5980425466450437E-004
                  625   4.0003512489872410E-004
                  626   7.3445874790523992E-004
                  627   5.8128862213858263E-004
                  628   3.7299555061068632E-004
                  629   5.8353136470663586E-004
                  630   3.6628832308266824E-004
                  631  -6.5223802434578632E-005
                  632   1.0569385936613482E-004
                  633  -1.5507259011352865E-004
                  634  -2.2580317708672683E-004
                  635  -4.3287068468683774E-005
                  636  -2.6240838649696036E-004
                  637  -5.7035440186206177E-004
                  638  -6.3410443879953233E-004
                  639  -4.5367310144272822E-004
                  640  -2.1822597079569294E-004
                  641  -2.1818421465419490E-005
                  642   5.1002848091241437E-005
                  643   2.6800445939748378E-004
                  644   2.1888480162758969E-004
                  645   2.3649792510644128E-004
                  646   1.2102411093697904E-004
                  647   1.0599807179238841E-004
                  648   6.6003757043095378E-005
                  649   2.3471862986294129E-004
                  650   2.3562939093217051E-005
                  651   4.4397979295317461E-005
                  652   7.6987588866520338E-005
                  653   4.8579891243509294E-004
                  654   1.7962121736867236E-004
                  655   2.8289673318413286E-005
                  656  -2.3317438789009375E-006
                  657   7.8097987407808045E-005
                  658   1.2328164753613784E-004
                  659   1.5582610024391188E-004
                  660   4.3061462290598597E-004
                  661   4.7472449819167763E-004
                  662   2.3302198582410405E-004
                  663   1.9765075046620766E-004
                  664   4.2238705656433897E-004
                  665   1.8859677201802567E-004
                  666   2.2792219259217388E-004
                  667   3.7542075935756642E-004
                  668   6.2838757225473340E-004
                  669   1.8766611322319004E-004
                  670   1.0036409468798483E-005
                  671  -7.0015332222897562E-005
                  672  -3.2075225498042734E-004
                  673  -3.8936800749154527E-004
                  674  -4.5305972713055158E-004
                  675  -5.6952061753671318E-004
                  676  -3.8668745242629850E-004
                  677  -4.3434366833863082E-004
                  678  -4.9784392944781915E-004
                  679  -4.2798144006034973E-004
                  680  -3.4426769740859007E-004
                  681  -2.6106550088429308E-004
                  682  -1.8342599555628314E-004
                  683   3.5242970504453903E-007
                  684  -1.2045388643104179E-004
                  685   4.5255528458206671E-005
                  686   2.3813236354971871E-004
                  687   6.7017543078475277E-004
                  688   9.7376078467599893E-004
                  689   8.6913683783079124E-004
                  690   8.4312655698368989E-004
                  691   4.3649929989027849E-004
                  692   4.2645462399236960E-004
                  693   2.5362217050635942E-004
                  694   9.5552981892189540E-005
                  695   1.1157528629200871E-004
                  696   1.5374576963983805E-004
                  697   1.0376099770519832E-004
                  698   1.4651406977504586E-004
                  699  -1.0986231537575658E-005
                  700  -5.8186561701731760E-005
                  701   2.3025889891199373E-004
                  702   4.0813030898750045E-004
                  703  -2.4144227849285855E-004
                  704   4.9012751473806255E-005
                  705   1.0753985288271958E-004
                  706  -2.2077755960392629E-004
                  707  -1.5171014632406481E-004
                  708   2.6051227307706732E-004
                  709   1.3864086508172347E-004
                  710   3.6423199248652367E-005
                  711   1.5844429524794904E-004
                  712   3.2680706436562115E-004
                  713   5.0421714251090016E-004
                  714   1.7874873290184615E-004
                  715   1.9239434021309552E-004
                  716   1.2349524710179334E-004
                  717   3.2442471980906107E-004
                  718   3.9903174597983096E-004
                  719   1.8012845067311438E-004
                  720  -2.0835822917287164E-004
                  721  -2.4982683305165454E-004
                  722  -1.0780385162963089E-004
                  723   4.0174495588372686E-005
                  724  -1.3259773349412203E-004
                  725  -9.7872072431691803E-005
                  726   2.9389635781593252E-004
                  727   4.8487473213017428E-005
                  728  -6.6696590249188189E-005
                  729  -2.4417043105799648E-005
                  730  -1.5165562690511042E-004
                  731  -7.1193703913554582E-005
                  732   1.5295023155984143E-004
                  733   1.5395116189985834E-004
                  734   1.5851482672564692E-005
                  735   7.8434494793655756E-005
                  736  -2.3517152252948461E-004
                  737  -2.7929589909714888E-004
                  738  -1.1787893520941265E-004
                  739   7.6733428226305936E-005
                  740  -1.6318682909955293E-004
                  741   9.4622880084248757E-006
                  742  -4.4569679296483234E-004
                  743  -4.4339815073895882E-004
                  744  -1.3692660657198082E-004
                  745  -2.1016969946926751E-004
                  746  -1.2487216164400606E-004
                  747  -4.6864338967436497E-004
                  748  -1.4258352714804066E-004
                  749  -7.5483058732668254E-006
                  750  -1.5780969845006443E-005
                  751  -1.7650824989522191E-005
                  752   1.9021873840214095E-004
                  753   1.1909530542135181E-004
                  754   1.3150916317878748E-005
                  755   6.8222124033862064E-005
                  756   2.0067971290196345E-004
                  757   6.0208464639551558E-004
                  758   4.8417738839725600E-004
                  759   5.3882197973438128E-004
                  760   5.3358254862130572E-004
                  761   6.1321024498835750E-004
                  762   4.5746472922467049E-004
                  763   3.5055966545439771E-004
                  764   2.3290064067599551E-004
                  765   1.1643568102414114E-005
                  766   1.3558612630499498E-005
                  767   1.5001969349123578E-004
                  768  -4.7740997815283179E-005
                  769   3.0537985303176159E-004
                  770   4.8140966409932276E-004
                  771   4.5949303596902740E-004
                  772   7.6791055846491484E-004
                  773   8.1002559192273199E-004
                  774   8.5905835561432661E-004
                  775   8.3199896013541239E-004
                  776   6.9395042524301293E-004
                  777   4.0676350200919570E-004
                  778   7.2480175423151293E-004
                  779   5.0396508719291998E-004
                  780   3.7361016743506974E-004
                  781   2.7557193222967568E-004
                  782   3.9888980582235305E-004
                  783  -4.0620038443203201E-006
                  784  -1.8650688314415635E-004
                  785   2.9008635576765779E-004
                  786   4.8643979262880598E-004
                  787   1.8355079527617303E-004
                  788   1.8355819871282883E-004
                  789   2.2160137997335045E-004
                  790   2.9240601346173562E-004
                  791   3.6113051666933485E-004
                  792   5.5959823209200579E-004
                  793   4.0697078897902874E-004
                  794   5.1496947336501363E-004
                  795   6.0404963034975650E-004
                  796   4.5354469501919281E-004
                  797   1.5764707289062522E-004
                  798   8.3033666843943335E-005
                  799   1.3250098744168337E-004
                  800  -8.8558801067905601E-005
                  801   1.2482844418219139E-004
                  802   9.8433672407976396E-005
                  803  -2.1100279034768073E-004
                  804  -1.6189833463616410E-004
                  805   7.0082946423932332E-005
                  806  -2.1359114026620009E-004
                  807  -8.3863223723699763E-006
                  808   3.5679043730259290E-005
                  809  -2.7476019878973812E-005
                  810   1.4542029203714626E-004
                  811   2.9828275627053142E-004
                  812  -1.5330016303496645E-004
                  813  -3.6139133095736646E-004
                  814  -1.3712217492431336E-004
                  815  -3.9722759203780033E-005
                  816   3.2919216474881655E-004
                  817   2.6994765563209900E-004
                  818   1.3204544591573184E-004
                  819  -1.3289366611467338E-004
                  820  -1.4205241412963037E-004
                  821  -5.1369221696742390E-004
                  822  -3.7542381387581478E-004
                  823  -4.7602102184680900E-004
                  824  -2.7633340318446132E-004
                  825  -5.9036076751404522E-004
                  826  -8.8781809862329526E-004
                  827  -9.9354561267406402E-004
                  828  -7.9838525164131671E-004
                  829  -6.3371469647499547E-004
                  830  -4.9841409702900677E-004
                  831  -6.6147148320850539E-004
                  832  -1.0112053668489454E-003
                  833  -1.2226576076267684E-003
                  834  -6.9459390272380800E-004
                  835  -7.2711259898155579E-004
                  836  -9.8612145280242789E-004
                  837  -7.8797615277466327E-004
                  838  -3.4193144306482145E-004
                  839  -1.0084409051396663E-004
                  840   1.4537969672953041E-004
                  841   1.7266145756053303E-004
                  842   2.7428449586054226E-004
                  843   4.1019556123311410E-004
                  844   3.0001368358482493E-005
                  845   1.7910528809839110E-004
                  846   2.4089304040488598E-004
                  847   4.8228419410260078E-004
                  848   4.8582850925074162E-004
                  849   4.7654118157743302E-004
                  850   2.5825013779993603E-004
                  851   1.2141314845526656E-004
                  852   3.1924565600784100E-004
                  853   4.2293938299230020E-004
                  854   6.3914496213656326E-004
                  855   4.6344990081908502E-004
                  856   3.3902342777473744E-004
                  857   3.6076094703558706E-004
                  858   7.1441796248877606E-005
                  859   7.5054503295598411E-005
                  860   8.9586950562019226E-005
                  861   1.0702238210803356E-004
                  862   1.8814026449313220E-004
                  863   4.8704162494223242E-004
                  864   3.6622356958125558E-004
                  865   3.4673874962116980E-004
                  866  -2.5919558487121689E-005
                  867  -1.7039033135334903E-006
                  868  -1.6401397255125545E-004
                  869  -2.5857549327515524E-004
                  870  -7.9513440580999874E-005
                  871  -8.6929464503786422E-005
                  872  -2.6868128501848223E-004
                  873  -2.2810335369080834E-004
                  874  -2.8303683161423241E-004
                  875  -2.2039713100724869E-004
                  876  -1.5481437731809482E-004
                  877  -1.4524525710391776E-004
                  878  -2.9678974647750269E-004
                  879  -2.6478103484023374E-004
                  880  -1.4256544656275605E-004
                  881  -1.9391465065117205E-004
                  882   1.6718373793840266E-005
                  883   5.2855451455841181E-004
                  884   6.2122952086353400E-004
                  885   2.2791064055703483E-004
                  886   1.3180199889600128E-004
                  887   2.2115829109104723E-004
                  888  -6.2669390429363013E-005
                  889  -7.0766212623709962E-004
                  890  -5.8341856614419765E-004
                  891  -1.5276191709646185E-004
                  892  -5.1481389015104384E-004
                  893  -6.9495839502400645E-005
                  894  -4.1202489321216199E-005
                  895  -3.5503885498785055E-004
                  896  -5.6808521053597913E-004
                  897  -3.9744905117914271E-004
                  898  -2.5842815338002857E-004
                  899  -1.6685713026916375E-004
                  900  -4.3632176789781272E-005
