   2048.0000000000000        0.0000000000000000     
   2044.0000000000000        0.0000000000000000     
   2040.0000000000000        0.0000000000000000     
   2036.0000000000000        0.0000000000000000     
   2032.0000000000000        0.0000000000000000     
   2028.0000000000000        0.0000000000000000     
   2024.0000000000000        0.0000000000000000     
   2020.0000000000000        0.0000000000000000     
   2016.0000000000000        0.0000000000000000     
   2012.0000000000000        0.0000000000000000     
   2008.0000000000000        0.0000000000000000     
   2004.0000000000000        0.0000000000000000     
   2000.0000000000000        0.0000000000000000     
   1996.0000000000000        0.0000000000000000     
   1992.0000000000000        0.0000000000000000     
   1988.0000000000000        0.0000000000000000     
   1984.0000000000000        0.0000000000000000     
   1980.0000000000000        0.0000000000000000     
   1976.0000000000000        0.0000000000000000     
   1972.0000000000000        0.0000000000000000     
   1968.0000000000000        0.0000000000000000     
   1964.0000000000000        0.0000000000000000     
   1960.0000000000000        0.0000000000000000     
   1956.0000000000000        0.0000000000000000     
   1952.0000000000000        0.0000000000000000     
   1948.0000000000000        0.0000000000000000     
   1944.0000000000000        0.0000000000000000     
   1940.0000000000000        0.0000000000000000     
   1936.0000000000000        0.0000000000000000     
   1932.0000000000000        0.0000000000000000     
   1928.0000000000000        0.0000000000000000     
   1924.0000000000000        0.0000000000000000     
   1920.0000000000000        0.0000000000000000     
   1916.0000000000000        0.0000000000000000     
   1912.0000000000000        0.0000000000000000     
   1908.0000000000000        0.0000000000000000     
   1904.0000000000000        0.0000000000000000     
   1900.0000000000000        0.0000000000000000     
   1896.0000000000000        0.0000000000000000     
   1892.0000000000000        0.0000000000000000     
   1888.0000000000000        0.0000000000000000     
   1884.0000000000000        0.0000000000000000     
   1880.0000000000000        0.0000000000000000     
   1876.0000000000000        0.0000000000000000     
   1872.0000000000000        0.0000000000000000     
   1868.0000000000000        0.0000000000000000     
   1864.0000000000000        0.0000000000000000     
   1860.0000000000000        0.0000000000000000     
   1856.0000000000000        0.0000000000000000     
   1852.0000000000000        0.0000000000000000     
   1848.0000000000000        0.0000000000000000     
   1844.0000000000000        0.0000000000000000     
   1840.0000000000000        0.0000000000000000     
   1836.0000000000000        0.0000000000000000     
   1832.0000000000000        0.0000000000000000     
   1828.0000000000000        0.0000000000000000     
   1824.0000000000000        0.0000000000000000     
   1820.0000000000000        0.0000000000000000     
   1816.0000000000000        0.0000000000000000     
   1812.0000000000000        0.0000000000000000     
   1808.0000000000000        0.0000000000000000     
   1804.0000000000000        0.0000000000000000     
   1800.0000000000000        0.0000000000000000     
   1796.0000000000000        0.0000000000000000     
   1792.0000000000000        0.0000000000000000     
   1788.0000000000000        0.0000000000000000     
   1784.0000000000000        0.0000000000000000     
   1780.0000000000000        0.0000000000000000     
   1776.0000000000000        0.0000000000000000     
   1772.0000000000000        0.0000000000000000     
   1768.0000000000000        0.0000000000000000     
   1764.0000000000000        0.0000000000000000     
   1760.0000000000000        0.0000000000000000     
   1756.0000000000000        0.0000000000000000     
   1752.0000000000000        0.0000000000000000     
   1748.0000000000000        0.0000000000000000     
   1744.0000000000000        0.0000000000000000     
   1740.0000000000000        0.0000000000000000     
   1736.0000000000000        0.0000000000000000     
   1732.0000000000000        0.0000000000000000     
   1728.0000000000000        0.0000000000000000     
   1724.0000000000000        0.0000000000000000     
   1720.0000000000000        0.0000000000000000     
   1716.0000000000000        0.0000000000000000     
   1712.0000000000000        0.0000000000000000     
   1708.0000000000000        0.0000000000000000     
   1704.0000000000000        0.0000000000000000     
   1700.0000000000000        0.0000000000000000     
   1696.0000000000000        0.0000000000000000     
   1692.0000000000000        0.0000000000000000     
   1688.0000000000000        0.0000000000000000     
   1684.0000000000000        0.0000000000000000     
   1680.0000000000000        0.0000000000000000     
   1676.0000000000000        0.0000000000000000     
   1672.0000000000000        0.0000000000000000     
   1668.0000000000000        0.0000000000000000     
   1664.0000000000000        0.0000000000000000     
   1660.0000000000000        0.0000000000000000     
   1656.0000000000000        0.0000000000000000     
   1652.0000000000000        0.0000000000000000     
   1648.0000000000000        0.0000000000000000     
   1644.0000000000000        0.0000000000000000     
   1640.0000000000000        0.0000000000000000     
   1636.0000000000000        0.0000000000000000     
   1632.0000000000000        0.0000000000000000     
   1628.0000000000000        0.0000000000000000     
   1624.0000000000000        0.0000000000000000     
   1620.0000000000000        0.0000000000000000     
   1616.0000000000000        0.0000000000000000     
   1612.0000000000000        0.0000000000000000     
   1608.0000000000000        0.0000000000000000     
   1604.0000000000000        0.0000000000000000     
   1600.0000000000000        0.0000000000000000     
   1596.0000000000000        0.0000000000000000     
   1592.0000000000000        0.0000000000000000     
   1588.0000000000000        0.0000000000000000     
   1584.0000000000000        0.0000000000000000     
   1580.0000000000000        0.0000000000000000     
   1576.0000000000000        0.0000000000000000     
   1572.0000000000000        0.0000000000000000     
   1568.0000000000000        0.0000000000000000     
   1564.0000000000000        0.0000000000000000     
   1560.0000000000000        0.0000000000000000     
   1556.0000000000000        0.0000000000000000     
   1552.0000000000000        0.0000000000000000     
   1548.0000000000000        0.0000000000000000     
   1544.0000000000000        0.0000000000000000     
   1540.0000000000000        0.0000000000000000     
   1536.0000000000000        0.0000000000000000     
   1532.0000000000000        0.0000000000000000     
   1528.0000000000000        0.0000000000000000     
   1524.0000000000000        0.0000000000000000     
   1520.0000000000000        0.0000000000000000     
   1516.0000000000000        0.0000000000000000     
   1512.0000000000000        0.0000000000000000     
   1508.0000000000000        0.0000000000000000     
   1504.0000000000000        0.0000000000000000     
   1500.0000000000000        0.0000000000000000     
   1496.0000000000000        0.0000000000000000     
   1492.0000000000000        0.0000000000000000     
   1488.0000000000000        0.0000000000000000     
   1484.0000000000000        0.0000000000000000     
   1480.0000000000000        0.0000000000000000     
   1476.0000000000000        0.0000000000000000     
   1472.0000000000000        0.0000000000000000     
   1468.0000000000000        0.0000000000000000     
   1464.0000000000000        0.0000000000000000     
   1460.0000000000000        0.0000000000000000     
   1456.0000000000000        0.0000000000000000     
   1452.0000000000000        0.0000000000000000     
   1448.0000000000000        0.0000000000000000     
   1444.0000000000000        0.0000000000000000     
   1440.0000000000000        0.0000000000000000     
   1436.0000000000000        0.0000000000000000     
   1432.0000000000000        0.0000000000000000     
   1428.0000000000000        0.0000000000000000     
   1424.0000000000000        0.0000000000000000     
   1420.0000000000000        0.0000000000000000     
   1416.0000000000000        0.0000000000000000     
   1412.0000000000000        0.0000000000000000     
   1408.0000000000000        0.0000000000000000     
   1404.0000000000000        0.0000000000000000     
   1400.0000000000000        0.0000000000000000     
   1396.0000000000000        0.0000000000000000     
   1392.0000000000000        0.0000000000000000     
   1388.0000000000000        0.0000000000000000     
   1384.0000000000000        0.0000000000000000     
   1380.0000000000000        0.0000000000000000     
   1376.0000000000000        0.0000000000000000     
   1372.0000000000000        0.0000000000000000     
   1368.0000000000000        0.0000000000000000     
   1364.0000000000000        0.0000000000000000     
   1360.0000000000000        0.0000000000000000     
   1356.0000000000000        0.0000000000000000     
   1352.0000000000000        0.0000000000000000     
   1348.0000000000000        0.0000000000000000     
   1344.0000000000000        0.0000000000000000     
   1340.0000000000000        0.0000000000000000     
   1336.0000000000000        0.0000000000000000     
   1332.0000000000000        0.0000000000000000     
   1328.0000000000000        0.0000000000000000     
   1324.0000000000000        0.0000000000000000     
   1320.0000000000000        0.0000000000000000     
   1316.0000000000000        0.0000000000000000     
   1312.0000000000000        0.0000000000000000     
   1308.0000000000000        0.0000000000000000     
   1304.0000000000000        0.0000000000000000     
   1300.0000000000000        0.0000000000000000     
   1296.0000000000000        0.0000000000000000     
   1292.0000000000000        0.0000000000000000     
   1288.0000000000000        0.0000000000000000     
   1284.0000000000000        0.0000000000000000     
   1280.0000000000000        0.0000000000000000     
   1276.0000000000000        0.0000000000000000     
   1272.0000000000000        0.0000000000000000     
   1268.0000000000000        0.0000000000000000     
   1264.0000000000000        0.0000000000000000     
   1260.0000000000000        0.0000000000000000     
   1256.0000000000000        0.0000000000000000     
   1252.0000000000000        0.0000000000000000     
   1248.0000000000000        0.0000000000000000     
   1244.0000000000000        0.0000000000000000     
   1240.0000000000000        0.0000000000000000     
   1236.0000000000000        0.0000000000000000     
   1232.0000000000000        0.0000000000000000     
   1228.0000000000000        0.0000000000000000     
   1224.0000000000000        0.0000000000000000     
   1220.0000000000000        0.0000000000000000     
   1216.0000000000000        0.0000000000000000     
   1212.0000000000000        0.0000000000000000     
   1208.0000000000000        0.0000000000000000     
   1204.0000000000000        0.0000000000000000     
   1200.0000000000000        0.0000000000000000     
   1196.0000000000000        0.0000000000000000     
   1192.0000000000000        0.0000000000000000     
   1188.0000000000000        0.0000000000000000     
   1184.0000000000000        0.0000000000000000     
   1180.0000000000000        0.0000000000000000     
   1176.0000000000000        0.0000000000000000     
   1172.0000000000000        0.0000000000000000     
   1168.0000000000000        0.0000000000000000     
   1164.0000000000000        0.0000000000000000     
   1160.0000000000000        0.0000000000000000     
   1156.0000000000000        0.0000000000000000     
   1152.0000000000000        0.0000000000000000     
   1148.0000000000000        0.0000000000000000     
   1144.0000000000000        0.0000000000000000     
   1140.0000000000000        0.0000000000000000     
   1136.0000000000000        0.0000000000000000     
   1132.0000000000000        0.0000000000000000     
   1128.0000000000000        0.0000000000000000     
   1124.0000000000000        0.0000000000000000     
   1120.0000000000000        0.0000000000000000     
   1116.0000000000000        0.0000000000000000     
   1112.0000000000000        0.0000000000000000     
   1108.0000000000000        0.0000000000000000     
   1104.0000000000000        0.0000000000000000     
   1100.0000000000000        0.0000000000000000     
   1096.0000000000000        0.0000000000000000     
   1092.0000000000000        0.0000000000000000     
   1088.0000000000000        0.0000000000000000     
   1084.0000000000000        0.0000000000000000     
   1080.0000000000000        0.0000000000000000     
   1076.0000000000000        0.0000000000000000     
   1072.0000000000000        0.0000000000000000     
   1068.0000000000000        0.0000000000000000     
   1064.0000000000000        0.0000000000000000     
   1060.0000000000000        0.0000000000000000     
   1056.0000000000000        0.0000000000000000     
   1052.0000000000000        0.0000000000000000     
   1048.0000000000000        0.0000000000000000     
   1044.0000000000000        0.0000000000000000     
   1040.0000000000000        0.0000000000000000     
   1036.0000000000000        0.0000000000000000     
   1032.0000000000000        0.0000000000000000     
   1028.0000000000000        0.0000000000000000     
   1024.0000000000000        0.0000000000000000     
   1020.0000000000000        0.0000000000000000     
   1016.0000000000000        0.0000000000000000     
   1012.0000000000000        0.0000000000000000     
   1008.0000000000000        0.0000000000000000     
   1004.0000000000000        0.0000000000000000     
   1000.0000000000000        0.0000000000000000     
   996.00000000000000        0.0000000000000000     
   992.00000000000000        0.0000000000000000     
   988.00000000000000        0.0000000000000000     
   984.00000000000000        0.0000000000000000     
   980.00000000000000        0.0000000000000000     
   976.00000000000000        0.0000000000000000     
   972.00000000000000        0.0000000000000000     
   968.00000000000000        0.0000000000000000     
   964.00000000000000        0.0000000000000000     
   960.00000000000000        0.0000000000000000     
   956.00000000000000        0.0000000000000000     
   952.00000000000000        0.0000000000000000     
   948.00000000000000        0.0000000000000000     
   944.00000000000000        0.0000000000000000     
   940.00000000000000        0.0000000000000000     
   936.00000000000000        0.0000000000000000     
   932.00000000000000        0.0000000000000000     
   928.00000000000000        0.0000000000000000     
   924.00000000000000        0.0000000000000000     
   920.00000000000000        0.0000000000000000     
   916.00000000000000        0.0000000000000000     
   912.00000000000000        0.0000000000000000     
   908.00000000000000        0.0000000000000000     
   904.00000000000000        0.0000000000000000     
   900.00000000000000        0.0000000000000000     
   896.00000000000000        0.0000000000000000     
   892.00000000000000        0.0000000000000000     
   888.00000000000000        0.0000000000000000     
   884.00000000000000        0.0000000000000000     
   880.00000000000000        0.0000000000000000     
   876.00000000000000        0.0000000000000000     
   872.00000000000000        0.0000000000000000     
   868.00000000000000        0.0000000000000000     
   864.00000000000000        0.0000000000000000     
   860.00000000000000        0.0000000000000000     
   856.00000000000000        0.0000000000000000     
   852.00000000000000        0.0000000000000000     
   848.00000000000000        0.0000000000000000     
   844.00000000000000        0.0000000000000000     
   840.00000000000000        0.0000000000000000     
   836.00000000000000        0.0000000000000000     
   832.00000000000000        0.0000000000000000     
   828.00000000000000        0.0000000000000000     
   824.00000000000000        0.0000000000000000     
   820.00000000000000        0.0000000000000000     
   816.00000000000000        0.0000000000000000     
   812.00000000000000        0.0000000000000000     
   808.00000000000000        0.0000000000000000     
   804.00000000000000        0.0000000000000000     
   800.00000000000000        0.0000000000000000     
   796.00000000000000        0.0000000000000000     
   792.00000000000000        0.0000000000000000     
   788.00000000000000        0.0000000000000000     
   784.00000000000000        0.0000000000000000     
   780.00000000000000        0.0000000000000000     
   776.00000000000000        0.0000000000000000     
   772.00000000000000        0.0000000000000000     
   768.00000000000000        0.0000000000000000     
   764.00000000000000        0.0000000000000000     
   760.00000000000000        0.0000000000000000     
   756.00000000000000        0.0000000000000000     
   752.00000000000000        0.0000000000000000     
   748.00000000000000        0.0000000000000000     
   744.00000000000000        0.0000000000000000     
   740.00000000000000        0.0000000000000000     
   736.00000000000000        0.0000000000000000     
   732.00000000000000        0.0000000000000000     
   728.00000000000000        0.0000000000000000     
   724.00000000000000        0.0000000000000000     
   720.00000000000000        0.0000000000000000     
   716.00000000000000        0.0000000000000000     
   712.00000000000000        0.0000000000000000     
   708.00000000000000        0.0000000000000000     
   704.00000000000000        0.0000000000000000     
   700.00000000000000        0.0000000000000000     
   696.00000000000000        0.0000000000000000     
   692.00000000000000        0.0000000000000000     
   688.00000000000000        0.0000000000000000     
   684.00000000000000        0.0000000000000000     
   680.00000000000000        0.0000000000000000     
   676.00000000000000        0.0000000000000000     
   672.00000000000000        0.0000000000000000     
   668.00000000000000        0.0000000000000000     
   664.00000000000000        0.0000000000000000     
   660.00000000000000        0.0000000000000000     
   656.00000000000000        0.0000000000000000     
   652.00000000000000        0.0000000000000000     
   648.00000000000000        0.0000000000000000     
   644.00000000000000        0.0000000000000000     
   640.00000000000000        0.0000000000000000     
   636.00000000000000        0.0000000000000000     
   632.00000000000000        0.0000000000000000     
   628.00000000000000        0.0000000000000000     
   624.00000000000000        0.0000000000000000     
   620.00000000000000        0.0000000000000000     
   616.00000000000000        0.0000000000000000     
   612.00000000000000        0.0000000000000000     
   608.00000000000000        0.0000000000000000     
   604.00000000000000        0.0000000000000000     
   600.00000000000000        0.0000000000000000     
   596.00000000000000        0.0000000000000000     
   592.00000000000000        0.0000000000000000     
   588.00000000000000        0.0000000000000000     
   584.00000000000000        0.0000000000000000     
   580.00000000000000        0.0000000000000000     
   576.00000000000000        0.0000000000000000     
   572.00000000000000        0.0000000000000000     
   568.00000000000000        0.0000000000000000     
   564.00000000000000        0.0000000000000000     
   560.00000000000000        0.0000000000000000     
   556.00000000000000        0.0000000000000000     
   552.00000000000000        0.0000000000000000     
   548.00000000000000        0.0000000000000000     
   544.00000000000000        0.0000000000000000     
   540.00000000000000        0.0000000000000000     
   536.00000000000000        0.0000000000000000     
   532.00000000000000        0.0000000000000000     
   528.00000000000000        0.0000000000000000     
   524.00000000000000        0.0000000000000000     
   520.00000000000000        0.0000000000000000     
   516.00000000000000        0.0000000000000000     
   512.00000000000000        0.0000000000000000     
   508.00000000000000        0.0000000000000000     
   504.00000000000000        0.0000000000000000     
   500.00000000000000        0.0000000000000000     
   496.00000000000000        0.0000000000000000     
   492.00000000000000        0.0000000000000000     
   488.00000000000000        0.0000000000000000     
   484.00000000000000        0.0000000000000000     
   480.00000000000000        0.0000000000000000     
   476.00000000000000        0.0000000000000000     
   472.00000000000000        0.0000000000000000     
   468.00000000000000        0.0000000000000000     
   464.00000000000000        0.0000000000000000     
   460.00000000000000        0.0000000000000000     
   456.00000000000000        0.0000000000000000     
   452.00000000000000        0.0000000000000000     
   448.00000000000000        0.0000000000000000     
   444.00000000000000        0.0000000000000000     
   440.00000000000000        0.0000000000000000     
   436.00000000000000        0.0000000000000000     
   432.00000000000000        0.0000000000000000     
   428.00000000000000        0.0000000000000000     
   424.00000000000000        0.0000000000000000     
   420.00000000000000        0.0000000000000000     
   416.00000000000000        0.0000000000000000     
   412.00000000000000        0.0000000000000000     
   408.00000000000000        0.0000000000000000     
   404.00000000000000        0.0000000000000000     
   400.00000000000000        0.0000000000000000     
   396.00000000000000        0.0000000000000000     
   392.00000000000000        0.0000000000000000     
   388.00000000000000        0.0000000000000000     
   384.00000000000000        0.0000000000000000     
   380.00000000000000        0.0000000000000000     
   376.00000000000000        0.0000000000000000     
   372.00000000000000        0.0000000000000000     
   368.00000000000000        0.0000000000000000     
   364.00000000000000        0.0000000000000000     
   360.00000000000000        0.0000000000000000     
   356.00000000000000        0.0000000000000000     
   352.00000000000000        0.0000000000000000     
   348.00000000000000        0.0000000000000000     
   344.00000000000000        0.0000000000000000     
   340.00000000000000        0.0000000000000000     
   336.00000000000000        0.0000000000000000     
   332.00000000000000        0.0000000000000000     
   328.00000000000000        0.0000000000000000     
   324.00000000000000        0.0000000000000000     
   320.00000000000000        0.0000000000000000     
   316.00000000000000        0.0000000000000000     
   312.00000000000000        0.0000000000000000     
   308.00000000000000        0.0000000000000000     
   304.00000000000000        0.0000000000000000     
   300.00000000000000        0.0000000000000000     
   296.00000000000000        0.0000000000000000     
   292.00000000000000        0.0000000000000000     
   288.00000000000000        0.0000000000000000     
   284.00000000000000        0.0000000000000000     
   280.00000000000000        0.0000000000000000     
   276.00000000000000        0.0000000000000000     
   272.00000000000000        0.0000000000000000     
   268.00000000000000        0.0000000000000000     
   264.00000000000000        0.0000000000000000     
   260.00000000000000        0.0000000000000000     
   256.00000000000000        0.0000000000000000     
   252.00000000000000        0.0000000000000000     
   248.00000000000000        0.0000000000000000     
   244.00000000000000        0.0000000000000000     
   240.00000000000000        0.0000000000000000     
   236.00000000000000        0.0000000000000000     
   232.00000000000000        0.0000000000000000     
   228.00000000000000        0.0000000000000000     
   224.00000000000000        0.0000000000000000     
   220.00000000000000        0.0000000000000000     
   216.00000000000000        0.0000000000000000     
   212.00000000000000        0.0000000000000000     
   208.00000000000000        0.0000000000000000     
   204.00000000000000        0.0000000000000000     
   200.00000000000000        0.0000000000000000     
   196.00000000000000        0.0000000000000000     
   192.00000000000000        0.0000000000000000     
   188.00000000000000        0.0000000000000000     
   184.00000000000000        0.0000000000000000     
   180.00000000000000        0.0000000000000000     
   176.00000000000000        0.0000000000000000     
   172.00000000000000        0.0000000000000000     
   168.00000000000000        0.0000000000000000     
   164.00000000000000        0.0000000000000000     
   160.00000000000000        0.0000000000000000     
   156.00000000000000        0.0000000000000000     
   152.00000000000000        0.0000000000000000     
   148.00000000000000        0.0000000000000000     
   144.00000000000000        0.0000000000000000     
   140.00000000000000        0.0000000000000000     
   136.00000000000000        0.0000000000000000     
   132.00000000000000        0.0000000000000000     
   128.00000000000000        0.0000000000000000     
   124.00000000000000        0.0000000000000000     
   120.00000000000000        0.0000000000000000     
   116.00000000000000        0.0000000000000000     
   112.00000000000000        0.0000000000000000     
   108.00000000000000        0.0000000000000000     
   104.00000000000000        0.0000000000000000     
   100.00000000000000        0.0000000000000000     
   96.000000000000000        0.0000000000000000     
   92.000000000000000        0.0000000000000000     
   88.000000000000000        0.0000000000000000     
   84.000000000000000        0.0000000000000000     
   80.000000000000000        0.0000000000000000     
   76.000000000000000        0.0000000000000000     
   72.000000000000000        0.0000000000000000     
   68.000000000000000        0.0000000000000000     
   64.000000000000000        0.0000000000000000     
   60.000000000000000        0.0000000000000000     
   56.000000000000000        0.0000000000000000     
   52.000000000000000        0.0000000000000000     
   48.000000000000000        0.0000000000000000     
   44.000000000000000        0.0000000000000000     
   40.000000000000000        0.0000000000000000     
   36.000000000000000        0.0000000000000000     
   32.000000000000000        0.0000000000000000     
   28.000000000000000        0.0000000000000000     
   24.000000000000000        0.0000000000000000     
   20.000000000000000        0.0000000000000000     
   16.000000000000000        0.0000000000000000     
   12.000000000000000        0.0000000000000000     
   8.0000000000000000        0.0000000000000000     
   4.0000000000000000        0.0000000000000000     
   0.0000000000000000        0.0000000000000000     
  -4.0000000000000000        0.0000000000000000     
  -8.0000000000000000        0.0000000000000000     
  -12.000000000000000        0.0000000000000000     
  -16.000000000000000        0.0000000000000000     
  -20.000000000000000        0.0000000000000000     
  -24.000000000000000        0.0000000000000000     
  -28.000000000000000        0.0000000000000000     
  -32.000000000000000        0.0000000000000000     
  -36.000000000000000        0.0000000000000000     
  -40.000000000000000        0.0000000000000000     
  -44.000000000000000        0.0000000000000000     
  -48.000000000000000        0.0000000000000000     
  -52.000000000000000        0.0000000000000000     
  -56.000000000000000        0.0000000000000000     
  -60.000000000000000        0.0000000000000000     
  -64.000000000000000        0.0000000000000000     
  -68.000000000000000        0.0000000000000000     
  -72.000000000000000        0.0000000000000000     
  -76.000000000000000        0.0000000000000000     
  -80.000000000000000        0.0000000000000000     
  -84.000000000000000        0.0000000000000000     
  -88.000000000000000        0.0000000000000000     
  -92.000000000000000        0.0000000000000000     
  -96.000000000000000        0.0000000000000000     
  -100.00000000000000        0.0000000000000000     
  -104.00000000000000        0.0000000000000000     
  -108.00000000000000        0.0000000000000000     
  -112.00000000000000        0.0000000000000000     
  -116.00000000000000        0.0000000000000000     
  -120.00000000000000        0.0000000000000000     
  -124.00000000000000        0.0000000000000000     
  -128.00000000000000        0.0000000000000000     
  -132.00000000000000        0.0000000000000000     
  -136.00000000000000        0.0000000000000000     
  -140.00000000000000        0.0000000000000000     
  -144.00000000000000        0.0000000000000000     
  -148.00000000000000        0.0000000000000000     
  -152.00000000000000        0.0000000000000000     
  -156.00000000000000        0.0000000000000000     
  -160.00000000000000        0.0000000000000000     
  -164.00000000000000        0.0000000000000000     
  -168.00000000000000        0.0000000000000000     
  -172.00000000000000        0.0000000000000000     
  -176.00000000000000        0.0000000000000000     
  -180.00000000000000        0.0000000000000000     
  -184.00000000000000        0.0000000000000000     
  -188.00000000000000        0.0000000000000000     
  -192.00000000000000        0.0000000000000000     
  -196.00000000000000        0.0000000000000000     
  -200.00000000000000        0.0000000000000000     
  -204.00000000000000        0.0000000000000000     
  -208.00000000000000        0.0000000000000000     
  -212.00000000000000        0.0000000000000000     
  -216.00000000000000        0.0000000000000000     
  -220.00000000000000        0.0000000000000000     
  -224.00000000000000        0.0000000000000000     
  -228.00000000000000        0.0000000000000000     
  -232.00000000000000        0.0000000000000000     
  -236.00000000000000        0.0000000000000000     
  -240.00000000000000        0.0000000000000000     
  -244.00000000000000        0.0000000000000000     
  -248.00000000000000        0.0000000000000000     
  -252.00000000000000        0.0000000000000000     
  -256.00000000000000        0.0000000000000000     
  -260.00000000000000        0.0000000000000000     
  -264.00000000000000        0.0000000000000000     
  -268.00000000000000        0.0000000000000000     
  -272.00000000000000        0.0000000000000000     
  -276.00000000000000        0.0000000000000000     
  -280.00000000000000        0.0000000000000000     
  -284.00000000000000        0.0000000000000000     
  -288.00000000000000        0.0000000000000000     
  -292.00000000000000        0.0000000000000000     
  -296.00000000000000        0.0000000000000000     
  -300.00000000000000        0.0000000000000000     
  -304.00000000000000        0.0000000000000000     
  -308.00000000000000        0.0000000000000000     
  -312.00000000000000        0.0000000000000000     
  -316.00000000000000        0.0000000000000000     
  -320.00000000000000        0.0000000000000000     
  -324.00000000000000        0.0000000000000000     
  -328.00000000000000        0.0000000000000000     
  -332.00000000000000        0.0000000000000000     
  -336.00000000000000        0.0000000000000000     
  -340.00000000000000        0.0000000000000000     
  -344.00000000000000        0.0000000000000000     
  -348.00000000000000        0.0000000000000000     
  -352.00000000000000        0.0000000000000000     
  -356.00000000000000        0.0000000000000000     
  -360.00000000000000        0.0000000000000000     
  -364.00000000000000        0.0000000000000000     
  -368.00000000000000        0.0000000000000000     
  -372.00000000000000        0.0000000000000000     
  -376.00000000000000        0.0000000000000000     
  -380.00000000000000        0.0000000000000000     
  -384.00000000000000        0.0000000000000000     
  -388.00000000000000        0.0000000000000000     
  -392.00000000000000        0.0000000000000000     
  -396.00000000000000        0.0000000000000000     
  -400.00000000000000        0.0000000000000000     
  -404.00000000000000        0.0000000000000000     
  -408.00000000000000        0.0000000000000000     
  -412.00000000000000        0.0000000000000000     
  -416.00000000000000        0.0000000000000000     
  -420.00000000000000        0.0000000000000000     
  -424.00000000000000        0.0000000000000000     
  -428.00000000000000        0.0000000000000000     
  -432.00000000000000        0.0000000000000000     
  -436.00000000000000        0.0000000000000000     
  -440.00000000000000        0.0000000000000000     
  -444.00000000000000        0.0000000000000000     
  -448.00000000000000        0.0000000000000000     
  -452.00000000000000        0.0000000000000000     
  -456.00000000000000        0.0000000000000000     
  -460.00000000000000        0.0000000000000000     
  -464.00000000000000        0.0000000000000000     
  -468.00000000000000        0.0000000000000000     
  -472.00000000000000        0.0000000000000000     
  -476.00000000000000        0.0000000000000000     
  -480.00000000000000        0.0000000000000000     
  -484.00000000000000        0.0000000000000000     
  -488.00000000000000        0.0000000000000000     
  -492.00000000000000        0.0000000000000000     
  -496.00000000000000        0.0000000000000000     
  -500.00000000000000        0.0000000000000000     
  -504.00000000000000        0.0000000000000000     
  -508.00000000000000        0.0000000000000000     
  -512.00000000000000        0.0000000000000000     
  -516.00000000000000        0.0000000000000000     
  -520.00000000000000        0.0000000000000000     
  -524.00000000000000        0.0000000000000000     
  -528.00000000000000        0.0000000000000000     
  -532.00000000000000        0.0000000000000000     
  -536.00000000000000        0.0000000000000000     
  -540.00000000000000        0.0000000000000000     
  -544.00000000000000        0.0000000000000000     
  -548.00000000000000        0.0000000000000000     
  -552.00000000000000        0.0000000000000000     
  -556.00000000000000        0.0000000000000000     
  -560.00000000000000        0.0000000000000000     
  -564.00000000000000        0.0000000000000000     
  -568.00000000000000        0.0000000000000000     
  -572.00000000000000        0.0000000000000000     
  -576.00000000000000        0.0000000000000000     
  -580.00000000000000        0.0000000000000000     
  -584.00000000000000        0.0000000000000000     
  -588.00000000000000        0.0000000000000000     
  -592.00000000000000        0.0000000000000000     
  -596.00000000000000        0.0000000000000000     
  -600.00000000000000        0.0000000000000000     
  -604.00000000000000        0.0000000000000000     
  -608.00000000000000        0.0000000000000000     
  -612.00000000000000        0.0000000000000000     
  -616.00000000000000        0.0000000000000000     
  -620.00000000000000        0.0000000000000000     
  -624.00000000000000        0.0000000000000000     
  -628.00000000000000        0.0000000000000000     
  -632.00000000000000        0.0000000000000000     
  -636.00000000000000        0.0000000000000000     
  -640.00000000000000        0.0000000000000000     
  -644.00000000000000        0.0000000000000000     
  -648.00000000000000        0.0000000000000000     
  -652.00000000000000        0.0000000000000000     
  -656.00000000000000        0.0000000000000000     
  -660.00000000000000        0.0000000000000000     
  -664.00000000000000        0.0000000000000000     
  -668.00000000000000        0.0000000000000000     
  -672.00000000000000        0.0000000000000000     
  -676.00000000000000        0.0000000000000000     
  -680.00000000000000        0.0000000000000000     
  -684.00000000000000        0.0000000000000000     
  -688.00000000000000        0.0000000000000000     
  -692.00000000000000        0.0000000000000000     
  -696.00000000000000        0.0000000000000000     
  -700.00000000000000        0.0000000000000000     
  -704.00000000000000        0.0000000000000000     
  -708.00000000000000        0.0000000000000000     
  -712.00000000000000        0.0000000000000000     
  -716.00000000000000        0.0000000000000000     
  -720.00000000000000        0.0000000000000000     
  -724.00000000000000        0.0000000000000000     
  -728.00000000000000        0.0000000000000000     
  -732.00000000000000        0.0000000000000000     
  -736.00000000000000        0.0000000000000000     
  -740.00000000000000        0.0000000000000000     
  -744.00000000000000        0.0000000000000000     
  -748.00000000000000        0.0000000000000000     
  -752.00000000000000        0.0000000000000000     
  -756.00000000000000        0.0000000000000000     
  -760.00000000000000        0.0000000000000000     
  -764.00000000000000        0.0000000000000000     
  -768.00000000000000        0.0000000000000000     
  -772.00000000000000        0.0000000000000000     
  -776.00000000000000        0.0000000000000000     
  -780.00000000000000        0.0000000000000000     
  -784.00000000000000        0.0000000000000000     
  -788.00000000000000        0.0000000000000000     
  -792.00000000000000        0.0000000000000000     
  -796.00000000000000        0.0000000000000000     
  -800.00000000000000        0.0000000000000000     
  -804.00000000000000        0.0000000000000000     
  -808.00000000000000        0.0000000000000000     
  -812.00000000000000        0.0000000000000000     
  -816.00000000000000        0.0000000000000000     
  -820.00000000000000        0.0000000000000000     
  -824.00000000000000        0.0000000000000000     
  -828.00000000000000        0.0000000000000000     
  -832.00000000000000        0.0000000000000000     
  -836.00000000000000        0.0000000000000000     
  -840.00000000000000        0.0000000000000000     
  -844.00000000000000        0.0000000000000000     
  -848.00000000000000        0.0000000000000000     
  -852.00000000000000        0.0000000000000000     
  -856.00000000000000        1.1111111111111111E-007
  -860.00000000000000        0.0000000000000000     
  -864.00000000000000        1.1111111111111111E-007
  -868.00000000000000        1.1111111111111111E-007
  -872.00000000000000        1.1111111111111111E-007
  -876.00000000000000        0.0000000000000000     
  -880.00000000000000        3.3333333333333335E-007
  -884.00000000000000        2.2222222222222222E-007
  -888.00000000000000        3.3333333333333335E-007
  -892.00000000000000        6.6666666666666671E-007
  -896.00000000000000        6.6666666666666671E-007
  -900.00000000000000        7.7777777777777779E-007
  -904.00000000000000        9.9999999999999995E-007
  -908.00000000000000        1.2222222222222221E-006
  -912.00000000000000        1.6666666666666667E-006
  -916.00000000000000        2.5555555555555557E-006
  -920.00000000000000        3.8888888888888887E-006
  -924.00000000000000        4.3333333333333331E-006
  -928.00000000000000        7.6666666666666672E-006
  -932.00000000000000        7.4444444444444442E-006
  -936.00000000000000        7.3333333333333331E-006
  -940.00000000000000        1.1666666666666666E-005
  -944.00000000000000        1.2777777777777777E-005
  -948.00000000000000        1.5333333333333334E-005
  -952.00000000000000        1.8888888888888889E-005
  -956.00000000000000        2.4666666666666665E-005
  -960.00000000000000        3.0777777777777777E-005
  -964.00000000000000        3.5777777777777777E-005
  -968.00000000000000        4.7666666666666669E-005
  -972.00000000000000        5.4666666666666670E-005
  -976.00000000000000        6.4555555555555560E-005
  -980.00000000000000        8.0555555555555556E-005
  -984.00000000000000        9.8111111111111112E-005
  -988.00000000000000        1.0388888888888889E-004
  -992.00000000000000        1.3533333333333333E-004
  -996.00000000000000        1.4866666666666666E-004
  -1000.0000000000000        1.9422222222222223E-004
  -1004.0000000000000        2.3666666666666665E-004
  -1008.0000000000000        2.7599999999999999E-004
  -1012.0000000000000        3.2800000000000000E-004
  -1016.0000000000000        3.7888888888888889E-004
  -1020.0000000000000        4.3922222222222225E-004
  -1024.0000000000000        5.0911111111111111E-004
  -1028.0000000000000        5.8900000000000001E-004
  -1032.0000000000000        6.8455555555555555E-004
  -1036.0000000000000        7.7622222222222220E-004
  -1040.0000000000000        9.0344444444444446E-004
  -1044.0000000000000        1.0261111111111111E-003
  -1048.0000000000000        1.1671111111111112E-003
  -1052.0000000000000        1.3106666666666666E-003
  -1056.0000000000000        1.5187777777777777E-003
  -1060.0000000000000        1.7071111111111111E-003
  -1064.0000000000000        1.9296666666666668E-003
  -1068.0000000000000        2.1424444444444446E-003
  -1072.0000000000000        2.3823333333333335E-003
  -1076.0000000000000        2.6992222222222222E-003
  -1080.0000000000000        2.9540000000000000E-003
  -1084.0000000000000        3.2907777777777779E-003
  -1088.0000000000000        3.6392222222222221E-003
  -1092.0000000000000        3.9904444444444440E-003
  -1096.0000000000000        4.3646666666666669E-003
  -1100.0000000000000        4.8009999999999997E-003
  -1104.0000000000000        5.2616666666666671E-003
  -1108.0000000000000        5.7033333333333337E-003
  -1112.0000000000000        6.1886666666666670E-003
  -1116.0000000000000        6.6730000000000001E-003
  -1120.0000000000000        7.1771111111111115E-003
  -1124.0000000000000        7.7618888888888885E-003
  -1128.0000000000000        8.2805555555555549E-003
  -1132.0000000000000        8.7705555555555557E-003
  -1136.0000000000000        9.3763333333333337E-003
  -1140.0000000000000        9.9747777777777786E-003
  -1144.0000000000000        1.0551111111111112E-002
  -1148.0000000000000        1.1067777777777777E-002
  -1152.0000000000000        1.1713333333333333E-002
  -1156.0000000000000        1.2274666666666666E-002
  -1160.0000000000000        1.2877000000000000E-002
  -1164.0000000000000        1.3390666666666667E-002
  -1168.0000000000000        1.3996333333333333E-002
  -1172.0000000000000        1.4479666666666667E-002
  -1176.0000000000000        1.5103999999999999E-002
  -1180.0000000000000        1.5513444444444444E-002
  -1184.0000000000000        1.5926444444444444E-002
  -1188.0000000000000        1.6380333333333334E-002
  -1192.0000000000000        1.6757444444444443E-002
  -1196.0000000000000        1.7167888888888889E-002
  -1200.0000000000000        1.7531000000000001E-002
  -1204.0000000000000        1.7804777777777777E-002
  -1208.0000000000000        1.8051222222222222E-002
  -1212.0000000000000        1.8283666666666667E-002
  -1216.0000000000000        1.8481777777777778E-002
  -1220.0000000000000        1.8597888888888889E-002
  -1224.0000000000000        1.8535555555555555E-002
  -1228.0000000000000        1.8685111111111111E-002
  -1232.0000000000000        1.8626222222222221E-002
  -1236.0000000000000        1.8634666666666667E-002
  -1240.0000000000000        1.8540000000000001E-002
  -1244.0000000000000        1.8461888888888889E-002
  -1248.0000000000000        1.8270777777777778E-002
  -1252.0000000000000        1.7997555555555555E-002
  -1256.0000000000000        1.7775222222222224E-002
  -1260.0000000000000        1.7574777777777779E-002
  -1264.0000000000000        1.7299111111111112E-002
  -1268.0000000000000        1.6941222222222222E-002
  -1272.0000000000000        1.6527111111111110E-002
  -1276.0000000000000        1.6148222222222224E-002
  -1280.0000000000000        1.5715666666666666E-002
  -1284.0000000000000        1.5381555555555556E-002
  -1288.0000000000000        1.4848000000000000E-002
  -1292.0000000000000        1.4421000000000000E-002
  -1296.0000000000000        1.3991888888888889E-002
  -1300.0000000000000        1.3449444444444444E-002
  -1304.0000000000000        1.3003888888888889E-002
  -1308.0000000000000        1.2515222222222223E-002
  -1312.0000000000000        1.2058777777777778E-002
  -1316.0000000000000        1.1567888888888890E-002
  -1320.0000000000000        1.1095444444444444E-002
  -1324.0000000000000        1.0590555555555556E-002
  -1328.0000000000000        1.0102666666666666E-002
  -1332.0000000000000        9.7274444444444448E-003
  -1336.0000000000000        9.1602222222222224E-003
  -1340.0000000000000        8.8095555555555548E-003
  -1344.0000000000000        8.3345555555555551E-003
  -1348.0000000000000        7.9011111111111105E-003
  -1352.0000000000000        7.4907777777777776E-003
  -1356.0000000000000        7.0336666666666664E-003
  -1360.0000000000000        6.7054444444444444E-003
  -1364.0000000000000        6.3225555555555552E-003
  -1368.0000000000000        5.9793333333333330E-003
  -1372.0000000000000        5.6656666666666669E-003
  -1376.0000000000000        5.2652222222222224E-003
  -1380.0000000000000        4.9890000000000004E-003
  -1384.0000000000000        4.6225555555555560E-003
  -1388.0000000000000        4.3666666666666663E-003
  -1392.0000000000000        4.0521111111111114E-003
  -1396.0000000000000        3.8046666666666667E-003
  -1400.0000000000000        3.5729999999999998E-003
  -1404.0000000000000        3.3153333333333333E-003
  -1408.0000000000000        3.0788888888888888E-003
  -1412.0000000000000        2.8682222222222221E-003
  -1416.0000000000000        2.6634444444444444E-003
  -1420.0000000000000        2.4803333333333335E-003
  -1424.0000000000000        2.2923333333333333E-003
  -1428.0000000000000        2.1145555555555557E-003
  -1432.0000000000000        1.9706666666666666E-003
  -1436.0000000000000        1.8358888888888889E-003
  -1440.0000000000000        1.6999999999999999E-003
  -1444.0000000000000        1.5418888888888889E-003
  -1448.0000000000000        1.4047777777777778E-003
  -1452.0000000000000        1.3112222222222223E-003
  -1456.0000000000000        1.2065555555555555E-003
  -1460.0000000000000        1.1082222222222222E-003
  -1464.0000000000000        9.8299999999999993E-004
  -1468.0000000000000        9.1011111111111110E-004
  -1472.0000000000000        8.3511111111111112E-004
  -1476.0000000000000        7.6499999999999995E-004
  -1480.0000000000000        7.0088888888888892E-004
  -1484.0000000000000        6.3211111111111107E-004
  -1488.0000000000000        5.8244444444444446E-004
  -1492.0000000000000        5.1300000000000000E-004
  -1496.0000000000000        4.7466666666666669E-004
  -1500.0000000000000        4.2488888888888887E-004
  -1504.0000000000000        3.8499999999999998E-004
  -1508.0000000000000        3.3588888888888888E-004
  -1512.0000000000000        3.1388888888888889E-004
  -1516.0000000000000        2.8188888888888887E-004
  -1520.0000000000000        2.5477777777777776E-004
  -1524.0000000000000        2.2555555555555556E-004
  -1528.0000000000000        2.0466666666666666E-004
  -1532.0000000000000        1.7533333333333333E-004
  -1536.0000000000000        1.5111111111111111E-004
  -1540.0000000000000        1.3355555555555554E-004
  -1544.0000000000000        1.2899999999999999E-004
  -1548.0000000000000        1.0944444444444444E-004
  -1552.0000000000000        9.7000000000000000E-005
  -1556.0000000000000        8.1555555555555553E-005
  -1560.0000000000000        7.2444444444444450E-005
  -1564.0000000000000        6.5888888888888890E-005
  -1568.0000000000000        5.7555555555555553E-005
  -1572.0000000000000        5.0777777777777776E-005
  -1576.0000000000000        4.4777777777777779E-005
  -1580.0000000000000        3.5666666666666669E-005
  -1584.0000000000000        3.3444444444444443E-005
  -1588.0000000000000        2.9222222222222221E-005
  -1592.0000000000000        2.5888888888888890E-005
  -1596.0000000000000        2.0888888888888890E-005
  -1600.0000000000000        2.0111111111111110E-005
  -1604.0000000000000        1.8111111111111112E-005
  -1608.0000000000000        1.1777777777777778E-005
  -1612.0000000000000        1.1111111111111112E-005
  -1616.0000000000000        1.0666666666666667E-005
  -1620.0000000000000        9.1111111111111105E-006
  -1624.0000000000000        9.7777777777777770E-006
  -1628.0000000000000        6.4444444444444445E-006
  -1632.0000000000000        4.6666666666666663E-006
  -1636.0000000000000        3.8888888888888887E-006
  -1640.0000000000000        4.5555555555555552E-006
  -1644.0000000000000        3.4444444444444444E-006
  -1648.0000000000000        2.3333333333333332E-006
  -1652.0000000000000        2.1111111111111110E-006
  -1656.0000000000000        1.4444444444444445E-006
  -1660.0000000000000        1.3333333333333334E-006
  -1664.0000000000000        8.8888888888888887E-007
  -1668.0000000000000        1.3333333333333334E-006
  -1672.0000000000000        9.9999999999999995E-007
  -1676.0000000000000        1.1111111111111111E-007
  -1680.0000000000000        7.7777777777777779E-007
  -1684.0000000000000        7.7777777777777779E-007
  -1688.0000000000000        1.1111111111111111E-007
  -1692.0000000000000        2.2222222222222222E-007
  -1696.0000000000000        3.3333333333333335E-007
  -1700.0000000000000        1.1111111111111111E-007
  -1704.0000000000000        0.0000000000000000     
  -1708.0000000000000        2.2222222222222222E-007
  -1712.0000000000000        0.0000000000000000     
  -1716.0000000000000        2.2222222222222222E-007
  -1720.0000000000000        0.0000000000000000     
  -1724.0000000000000        0.0000000000000000     
  -1728.0000000000000        0.0000000000000000     
  -1732.0000000000000        0.0000000000000000     
  -1736.0000000000000        0.0000000000000000     
  -1740.0000000000000        0.0000000000000000     
  -1744.0000000000000        0.0000000000000000     
  -1748.0000000000000        0.0000000000000000     
  -1752.0000000000000        1.1111111111111111E-007
  -1756.0000000000000        0.0000000000000000     
  -1760.0000000000000        0.0000000000000000     
  -1764.0000000000000        0.0000000000000000     
  -1768.0000000000000        0.0000000000000000     
  -1772.0000000000000        0.0000000000000000     
  -1776.0000000000000        0.0000000000000000     
  -1780.0000000000000        0.0000000000000000     
  -1784.0000000000000        0.0000000000000000     
  -1788.0000000000000        0.0000000000000000     
  -1792.0000000000000        0.0000000000000000     
  -1796.0000000000000        0.0000000000000000     
  -1800.0000000000000        0.0000000000000000     
  -1804.0000000000000        0.0000000000000000     
  -1808.0000000000000        0.0000000000000000     
  -1812.0000000000000        0.0000000000000000     
  -1816.0000000000000        0.0000000000000000     
  -1820.0000000000000        0.0000000000000000     
  -1824.0000000000000        0.0000000000000000     
  -1828.0000000000000        0.0000000000000000     
  -1832.0000000000000        0.0000000000000000     
  -1836.0000000000000        0.0000000000000000     
  -1840.0000000000000        0.0000000000000000     
  -1844.0000000000000        0.0000000000000000     
  -1848.0000000000000        0.0000000000000000     
  -1852.0000000000000        0.0000000000000000     
  -1856.0000000000000        0.0000000000000000     
  -1860.0000000000000        0.0000000000000000     
  -1864.0000000000000        0.0000000000000000     
  -1868.0000000000000        0.0000000000000000     
  -1872.0000000000000        0.0000000000000000     
  -1876.0000000000000        0.0000000000000000     
  -1880.0000000000000        0.0000000000000000     
  -1884.0000000000000        0.0000000000000000     
  -1888.0000000000000        0.0000000000000000     
  -1892.0000000000000        0.0000000000000000     
  -1896.0000000000000        0.0000000000000000     
  -1900.0000000000000        0.0000000000000000     
  -1904.0000000000000        0.0000000000000000     
  -1908.0000000000000        0.0000000000000000     
  -1912.0000000000000        0.0000000000000000     
  -1916.0000000000000        0.0000000000000000     
  -1920.0000000000000        0.0000000000000000     
  -1924.0000000000000        0.0000000000000000     
  -1928.0000000000000        0.0000000000000000     
  -1932.0000000000000        0.0000000000000000     
  -1936.0000000000000        0.0000000000000000     
  -1940.0000000000000        0.0000000000000000     
  -1944.0000000000000        0.0000000000000000     
  -1948.0000000000000        0.0000000000000000     
  -1952.0000000000000        0.0000000000000000     
  -1956.0000000000000        0.0000000000000000     
  -1960.0000000000000        0.0000000000000000     
  -1964.0000000000000        0.0000000000000000     
  -1968.0000000000000        0.0000000000000000     
  -1972.0000000000000        0.0000000000000000     
  -1976.0000000000000        0.0000000000000000     
  -1980.0000000000000        0.0000000000000000     
  -1984.0000000000000        0.0000000000000000     
  -1988.0000000000000        0.0000000000000000     
  -1992.0000000000000        0.0000000000000000     
  -1996.0000000000000        0.0000000000000000     
  -2000.0000000000000        0.0000000000000000     
  -2004.0000000000000        0.0000000000000000     
  -2008.0000000000000        0.0000000000000000     
  -2012.0000000000000        0.0000000000000000     
  -2016.0000000000000        0.0000000000000000     
  -2020.0000000000000        0.0000000000000000     
  -2024.0000000000000        0.0000000000000000     
  -2028.0000000000000        0.0000000000000000     
  -2032.0000000000000        0.0000000000000000     
  -2036.0000000000000        0.0000000000000000     
  -2040.0000000000000        0.0000000000000000     
  -2044.0000000000000        0.0000000000000000     
