                -1024   0.0000000000000000     
                -1023   0.0000000000000000     
                -1022   0.0000000000000000     
                -1021   0.0000000000000000     
                -1020   0.0000000000000000     
                -1019   0.0000000000000000     
                -1018   0.0000000000000000     
                -1017   0.0000000000000000     
                -1016   0.0000000000000000     
                -1015   0.0000000000000000     
                -1014   0.0000000000000000     
                -1013   0.0000000000000000     
                -1012   0.0000000000000000     
                -1011   0.0000000000000000     
                -1010   0.0000000000000000     
                -1009   0.0000000000000000     
                -1008   0.0000000000000000     
                -1007   0.0000000000000000     
                -1006   0.0000000000000000     
                -1005   0.0000000000000000     
                -1004   0.0000000000000000     
                -1003   0.0000000000000000     
                -1002   0.0000000000000000     
                -1001   0.0000000000000000     
                -1000   0.0000000000000000     
                 -999   0.0000000000000000     
                 -998   0.0000000000000000     
                 -997   0.0000000000000000     
                 -996   0.0000000000000000     
                 -995   0.0000000000000000     
                 -994   0.0000000000000000     
                 -993   0.0000000000000000     
                 -992   0.0000000000000000     
                 -991   0.0000000000000000     
                 -990   0.0000000000000000     
                 -989   0.0000000000000000     
                 -988   0.0000000000000000     
                 -987   0.0000000000000000     
                 -986   0.0000000000000000     
                 -985   0.0000000000000000     
                 -984   1.1111111111111111E-007
                 -983   0.0000000000000000     
                 -982   3.3333333333333335E-007
                 -981   0.0000000000000000     
                 -980   2.2222222222222222E-007
                 -979   0.0000000000000000     
                 -978   1.1111111111111111E-007
                 -977   0.0000000000000000     
                 -976   4.4444444444444444E-007
                 -975   0.0000000000000000     
                 -974   1.7777777777777777E-006
                 -973   0.0000000000000000     
                 -972   2.7777777777777779E-006
                 -971   0.0000000000000000     
                 -970   4.1111111111111109E-006
                 -969   0.0000000000000000     
                 -968   5.5555555555555558E-006
                 -967   0.0000000000000000     
                 -966   7.2222222222222221E-006
                 -965   0.0000000000000000     
                 -964   1.1000000000000000E-005
                 -963   0.0000000000000000     
                 -962   1.8444444444444445E-005
                 -961   0.0000000000000000     
                 -960   2.4888888888888889E-005
                 -959   0.0000000000000000     
                 -958   3.2111111111111114E-005
                 -957   0.0000000000000000     
                 -956   4.1222222222222224E-005
                 -955   0.0000000000000000     
                 -954   6.0666666666666666E-005
                 -953   0.0000000000000000     
                 -952   7.5666666666666672E-005
                 -951   0.0000000000000000     
                 -950   1.0355555555555556E-004
                 -949   0.0000000000000000     
                 -948   1.2711111111111110E-004
                 -947   0.0000000000000000     
                 -946   1.6577777777777777E-004
                 -945   0.0000000000000000     
                 -944   2.1100000000000001E-004
                 -943   0.0000000000000000     
                 -942   2.6033333333333334E-004
                 -941   0.0000000000000000     
                 -940   3.1488888888888891E-004
                 -939   0.0000000000000000     
                 -938   3.7488888888888891E-004
                 -937   0.0000000000000000     
                 -936   4.5566666666666667E-004
                 -935   0.0000000000000000     
                 -934   5.4766666666666668E-004
                 -933   0.0000000000000000     
                 -932   6.4633333333333329E-004
                 -931   0.0000000000000000     
                 -930   7.5033333333333332E-004
                 -929   0.0000000000000000     
                 -928   8.6066666666666670E-004
                 -927   0.0000000000000000     
                 -926   1.0146666666666668E-003
                 -925   0.0000000000000000     
                 -924   1.1323333333333333E-003
                 -923   0.0000000000000000     
                 -922   1.3047777777777777E-003
                 -921   0.0000000000000000     
                 -920   1.4685555555555556E-003
                 -919   0.0000000000000000     
                 -918   1.6182222222222223E-003
                 -917   0.0000000000000000     
                 -916   1.8085555555555557E-003
                 -915   0.0000000000000000     
                 -914   1.9903333333333335E-003
                 -913   0.0000000000000000     
                 -912   2.2243333333333334E-003
                 -911   0.0000000000000000     
                 -910   2.4178888888888887E-003
                 -909   0.0000000000000000     
                 -908   2.6434444444444444E-003
                 -907   0.0000000000000000     
                 -906   2.8306666666666667E-003
                 -905   0.0000000000000000     
                 -904   3.0698888888888889E-003
                 -903   0.0000000000000000     
                 -902   3.2597777777777777E-003
                 -901   0.0000000000000000     
                 -900   3.4601111111111113E-003
                 -899   0.0000000000000000     
                 -898   3.7076666666666668E-003
                 -897   0.0000000000000000     
                 -896   3.9283333333333332E-003
                 -895   0.0000000000000000     
                 -894   4.1466666666666666E-003
                 -893   0.0000000000000000     
                 -892   4.3233333333333335E-003
                 -891   0.0000000000000000     
                 -890   4.5364444444444445E-003
                 -889   0.0000000000000000     
                 -888   4.7313333333333331E-003
                 -887   0.0000000000000000     
                 -886   4.9090000000000002E-003
                 -885   0.0000000000000000     
                 -884   5.1202222222222222E-003
                 -883   0.0000000000000000     
                 -882   5.2834444444444448E-003
                 -881   0.0000000000000000     
                 -880   5.4284444444444441E-003
                 -879   0.0000000000000000     
                 -878   5.5986666666666667E-003
                 -877   0.0000000000000000     
                 -876   5.7282222222222222E-003
                 -875   0.0000000000000000     
                 -874   5.8286666666666669E-003
                 -873   0.0000000000000000     
                 -872   5.9498888888888891E-003
                 -871   0.0000000000000000     
                 -870   6.0102222222222224E-003
                 -869   0.0000000000000000     
                 -868   6.1654444444444447E-003
                 -867   0.0000000000000000     
                 -866   6.1683333333333330E-003
                 -865   0.0000000000000000     
                 -864   6.2661111111111112E-003
                 -863   0.0000000000000000     
                 -862   6.2855555555555555E-003
                 -861   0.0000000000000000     
                 -860   6.3518888888888887E-003
                 -859   0.0000000000000000     
                 -858   6.4185555555555558E-003
                 -857   0.0000000000000000     
                 -856   6.4246666666666671E-003
                 -855   0.0000000000000000     
                 -854   6.4812222222222224E-003
                 -853   0.0000000000000000     
                 -852   6.4451111111111115E-003
                 -851   0.0000000000000000     
                 -850   6.4217777777777780E-003
                 -849   0.0000000000000000     
                 -848   6.4583333333333333E-003
                 -847   0.0000000000000000     
                 -846   6.3619999999999996E-003
                 -845   0.0000000000000000     
                 -844   6.3983333333333331E-003
                 -843   0.0000000000000000     
                 -842   6.3286666666666665E-003
                 -841   0.0000000000000000     
                 -840   6.2351111111111114E-003
                 -839   0.0000000000000000     
                 -838   6.2053333333333335E-003
                 -837   0.0000000000000000     
                 -836   6.1346666666666667E-003
                 -835   0.0000000000000000     
                 -834   6.0622222222222223E-003
                 -833   0.0000000000000000     
                 -832   6.0264444444444445E-003
                 -831   0.0000000000000000     
                 -830   5.9100000000000003E-003
                 -829   0.0000000000000000     
                 -828   5.8004444444444449E-003
                 -827   0.0000000000000000     
                 -826   5.7226666666666667E-003
                 -825   0.0000000000000000     
                 -824   5.6530000000000000E-003
                 -823   0.0000000000000000     
                 -822   5.6391111111111112E-003
                 -821   0.0000000000000000     
                 -820   5.4973333333333332E-003
                 -819   0.0000000000000000     
                 -818   5.3944444444444448E-003
                 -817   0.0000000000000000     
                 -816   5.3194444444444444E-003
                 -815   0.0000000000000000     
                 -814   5.1892222222222218E-003
                 -813   0.0000000000000000     
                 -812   5.1311111111111115E-003
                 -811   0.0000000000000000     
                 -810   4.9428888888888890E-003
                 -809   0.0000000000000000     
                 -808   4.8865555555555554E-003
                 -807   0.0000000000000000     
                 -806   4.7609999999999996E-003
                 -805   0.0000000000000000     
                 -804   4.6808888888888889E-003
                 -803   0.0000000000000000     
                 -802   4.5365555555555558E-003
                 -801   0.0000000000000000     
                 -800   4.4408888888888892E-003
                 -799   0.0000000000000000     
                 -798   4.3577777777777781E-003
                 -797   0.0000000000000000     
                 -796   4.2441111111111108E-003
                 -795   0.0000000000000000     
                 -794   4.1748888888888886E-003
                 -793   0.0000000000000000     
                 -792   4.0844444444444444E-003
                 -791   0.0000000000000000     
                 -790   3.9555555555555559E-003
                 -789   0.0000000000000000     
                 -788   3.8287777777777777E-003
                 -787   0.0000000000000000     
                 -786   3.7520000000000001E-003
                 -785   0.0000000000000000     
                 -784   3.6579999999999998E-003
                 -783   0.0000000000000000     
                 -782   3.5959999999999998E-003
                 -781   0.0000000000000000     
                 -780   3.4571111111111113E-003
                 -779   0.0000000000000000     
                 -778   3.3824444444444444E-003
                 -777   0.0000000000000000     
                 -776   3.2671111111111113E-003
                 -775   0.0000000000000000     
                 -774   3.1985555555555556E-003
                 -773   0.0000000000000000     
                 -772   3.0995555555555555E-003
                 -771   0.0000000000000000     
                 -770   3.0070000000000001E-003
                 -769   0.0000000000000000     
                 -768   2.9473333333333335E-003
                 -767   0.0000000000000000     
                 -766   2.9027777777777776E-003
                 -765   0.0000000000000000     
                 -764   2.7922222222222224E-003
                 -763   0.0000000000000000     
                 -762   2.7183333333333335E-003
                 -761   0.0000000000000000     
                 -760   2.6108888888888887E-003
                 -759   0.0000000000000000     
                 -758   2.5765555555555555E-003
                 -757   0.0000000000000000     
                 -756   2.5287777777777778E-003
                 -755   0.0000000000000000     
                 -754   2.4391111111111111E-003
                 -753   0.0000000000000000     
                 -752   2.3756666666666666E-003
                 -751   0.0000000000000000     
                 -750   2.2963333333333334E-003
                 -749   0.0000000000000000     
                 -748   2.2341111111111112E-003
                 -747   0.0000000000000000     
                 -746   2.2073333333333333E-003
                 -745   0.0000000000000000     
                 -744   2.1444444444444445E-003
                 -743   0.0000000000000000     
                 -742   2.0687777777777779E-003
                 -741   0.0000000000000000     
                 -740   2.0162222222222222E-003
                 -739   0.0000000000000000     
                 -738   1.9524444444444444E-003
                 -737   0.0000000000000000     
                 -736   1.8820000000000000E-003
                 -735   0.0000000000000000     
                 -734   1.8421111111111112E-003
                 -733   0.0000000000000000     
                 -732   1.7787777777777778E-003
                 -731   0.0000000000000000     
                 -730   1.7362222222222221E-003
                 -729   0.0000000000000000     
                 -728   1.7092222222222222E-003
                 -727   0.0000000000000000     
                 -726   1.6284444444444445E-003
                 -725   0.0000000000000000     
                 -724   1.6068888888888888E-003
                 -723   0.0000000000000000     
                 -722   1.5684444444444444E-003
                 -721   0.0000000000000000     
                 -720   1.5022222222222223E-003
                 -719   0.0000000000000000     
                 -718   1.4708888888888890E-003
                 -717   0.0000000000000000     
                 -716   1.4127777777777778E-003
                 -715   0.0000000000000000     
                 -714   1.4062222222222221E-003
                 -713   0.0000000000000000     
                 -712   1.3530000000000000E-003
                 -711   0.0000000000000000     
                 -710   1.3095555555555556E-003
                 -709   0.0000000000000000     
                 -708   1.2706666666666667E-003
                 -707   0.0000000000000000     
                 -706   1.2444444444444445E-003
                 -705   0.0000000000000000     
                 -704   1.2042222222222222E-003
                 -703   0.0000000000000000     
                 -702   1.1475555555555555E-003
                 -701   0.0000000000000000     
                 -700   1.1293333333333333E-003
                 -699   0.0000000000000000     
                 -698   1.1052222222222223E-003
                 -697   0.0000000000000000     
                 -696   1.0824444444444445E-003
                 -695   0.0000000000000000     
                 -694   1.0414444444444444E-003
                 -693   0.0000000000000000     
                 -692   1.0216666666666666E-003
                 -691   0.0000000000000000     
                 -690   9.9488888888888891E-004
                 -689   0.0000000000000000     
                 -688   9.3722222222222221E-004
                 -687   0.0000000000000000     
                 -686   9.3099999999999997E-004
                 -685   0.0000000000000000     
                 -684   9.1966666666666661E-004
                 -683   0.0000000000000000     
                 -682   8.8655555555555558E-004
                 -681   0.0000000000000000     
                 -680   8.6322222222222226E-004
                 -679   0.0000000000000000     
                 -678   8.4566666666666666E-004
                 -677   0.0000000000000000     
                 -676   8.3288888888888887E-004
                 -675   0.0000000000000000     
                 -674   8.0199999999999998E-004
                 -673   0.0000000000000000     
                 -672   7.9133333333333334E-004
                 -671   0.0000000000000000     
                 -670   7.6877777777777773E-004
                 -669   0.0000000000000000     
                 -668   7.4811111111111107E-004
                 -667   0.0000000000000000     
                 -666   7.2211111111111109E-004
                 -665   0.0000000000000000     
                 -664   7.1000000000000002E-004
                 -663   0.0000000000000000     
                 -662   7.0444444444444450E-004
                 -661   0.0000000000000000     
                 -660   6.6100000000000002E-004
                 -659   0.0000000000000000     
                 -658   6.5288888888888894E-004
                 -657   0.0000000000000000     
                 -656   6.4544444444444447E-004
                 -655   0.0000000000000000     
                 -654   6.1944444444444449E-004
                 -653   0.0000000000000000     
                 -652   5.9444444444444443E-004
                 -651   0.0000000000000000     
                 -650   5.9066666666666664E-004
                 -649   0.0000000000000000     
                 -648   5.7899999999999998E-004
                 -647   0.0000000000000000     
                 -646   5.6022222222222226E-004
                 -645   0.0000000000000000     
                 -644   5.5188888888888887E-004
                 -643   0.0000000000000000     
                 -642   5.4466666666666671E-004
                 -641   0.0000000000000000     
                 -640   5.1155555555555557E-004
                 -639   0.0000000000000000     
                 -638   5.0500000000000002E-004
                 -637   0.0000000000000000     
                 -636   5.0722222222222228E-004
                 -635   0.0000000000000000     
                 -634   4.8455555555555556E-004
                 -633   0.0000000000000000     
                 -632   4.8211111111111111E-004
                 -631   0.0000000000000000     
                 -630   4.6122222222222224E-004
                 -629   0.0000000000000000     
                 -628   4.5277777777777780E-004
                 -627   0.0000000000000000     
                 -626   4.4600000000000000E-004
                 -625   0.0000000000000000     
                 -624   4.2433333333333331E-004
                 -623   0.0000000000000000     
                 -622   4.1977777777777776E-004
                 -621   0.0000000000000000     
                 -620   4.1300000000000001E-004
                 -619   0.0000000000000000     
                 -618   3.9388888888888888E-004
                 -617   0.0000000000000000     
                 -616   3.8533333333333334E-004
                 -615   0.0000000000000000     
                 -614   3.9377777777777778E-004
                 -613   0.0000000000000000     
                 -612   3.7288888888888891E-004
                 -611   0.0000000000000000     
                 -610   3.5933333333333336E-004
                 -609   0.0000000000000000     
                 -608   3.5333333333333332E-004
                 -607   0.0000000000000000     
                 -606   3.5055555555555556E-004
                 -605   0.0000000000000000     
                 -604   3.3566666666666668E-004
                 -603   0.0000000000000000     
                 -602   3.2844444444444447E-004
                 -601   0.0000000000000000     
                 -600   3.2433333333333332E-004
                 -599   0.0000000000000000     
                 -598   3.0922222222222223E-004
                 -597   0.0000000000000000     
                 -596   3.0755555555555554E-004
                 -595   0.0000000000000000     
                 -594   2.9788888888888888E-004
                 -593   0.0000000000000000     
                 -592   2.8777777777777780E-004
                 -591   0.0000000000000000     
                 -590   2.8355555555555556E-004
                 -589   0.0000000000000000     
                 -588   2.8600000000000001E-004
                 -587   0.0000000000000000     
                 -586   2.8277777777777779E-004
                 -585   0.0000000000000000     
                 -584   2.5900000000000001E-004
                 -583   0.0000000000000000     
                 -582   2.6444444444444443E-004
                 -581   0.0000000000000000     
                 -580   2.5688888888888891E-004
                 -579   0.0000000000000000     
                 -578   2.5466666666666666E-004
                 -577   0.0000000000000000     
                 -576   2.5311111111111113E-004
                 -575   0.0000000000000000     
                 -574   2.3922222222222221E-004
                 -573   0.0000000000000000     
                 -572   2.2688888888888889E-004
                 -571   0.0000000000000000     
                 -570   2.2788888888888888E-004
                 -569   0.0000000000000000     
                 -568   2.2233333333333333E-004
                 -567   0.0000000000000000     
                 -566   2.1444444444444443E-004
                 -565   0.0000000000000000     
                 -564   2.0888888888888888E-004
                 -563   0.0000000000000000     
                 -562   2.1100000000000001E-004
                 -561   0.0000000000000000     
                 -560   2.0866666666666668E-004
                 -559   0.0000000000000000     
                 -558   2.0166666666666667E-004
                 -557   0.0000000000000000     
                 -556   2.0000000000000001E-004
                 -555   0.0000000000000000     
                 -554   1.9477777777777777E-004
                 -553   0.0000000000000000     
                 -552   1.8466666666666666E-004
                 -551   0.0000000000000000     
                 -550   1.8588888888888889E-004
                 -549   0.0000000000000000     
                 -548   1.8577777777777779E-004
                 -547   0.0000000000000000     
                 -546   1.7222222222222221E-004
                 -545   0.0000000000000000     
                 -544   1.7333333333333334E-004
                 -543   0.0000000000000000     
                 -542   1.7055555555555555E-004
                 -541   0.0000000000000000     
                 -540   1.6222222222222221E-004
                 -539   0.0000000000000000     
                 -538   1.6766666666666666E-004
                 -537   0.0000000000000000     
                 -536   1.6511111111111110E-004
                 -535   0.0000000000000000     
                 -534   1.6544444444444443E-004
                 -533   0.0000000000000000     
                 -532   1.5388888888888890E-004
                 -531   0.0000000000000000     
                 -530   1.6077777777777778E-004
                 -529   0.0000000000000000     
                 -528   1.3944444444444445E-004
                 -527   0.0000000000000000     
                 -526   1.4422222222222223E-004
                 -525   0.0000000000000000     
                 -524   1.4233333333333334E-004
                 -523   0.0000000000000000     
                 -522   1.4444444444444444E-004
                 -521   0.0000000000000000     
                 -520   1.2933333333333332E-004
                 -519   0.0000000000000000     
                 -518   1.3833333333333333E-004
                 -517   0.0000000000000000     
                 -516   1.2233333333333334E-004
                 -515   0.0000000000000000     
                 -514   1.2877777777777779E-004
                 -513   0.0000000000000000     
                 -512   1.2633333333333333E-004
                 -511   0.0000000000000000     
                 -510   1.2500000000000000E-004
                 -509   0.0000000000000000     
                 -508   1.2666666666666666E-004
                 -507   0.0000000000000000     
                 -506   1.2311111111111111E-004
                 -505   0.0000000000000000     
                 -504   1.1744444444444445E-004
                 -503   0.0000000000000000     
                 -502   1.1511111111111111E-004
                 -501   0.0000000000000000     
                 -500   1.2088888888888888E-004
                 -499   0.0000000000000000     
                 -498   1.1544444444444445E-004
                 -497   0.0000000000000000     
                 -496   1.1755555555555556E-004
                 -495   0.0000000000000000     
                 -494   1.0588888888888889E-004
                 -493   0.0000000000000000     
                 -492   1.0755555555555556E-004
                 -491   0.0000000000000000     
                 -490   1.0688888888888888E-004
                 -489   0.0000000000000000     
                 -488   1.0655555555555555E-004
                 -487   0.0000000000000000     
                 -486   1.0733333333333333E-004
                 -485   0.0000000000000000     
                 -484   1.0555555555555555E-004
                 -483   0.0000000000000000     
                 -482   1.0300000000000000E-004
                 -481   0.0000000000000000     
                 -480   9.6333333333333335E-005
                 -479   0.0000000000000000     
                 -478   9.1888888888888885E-005
                 -477   0.0000000000000000     
                 -476   9.3444444444444445E-005
                 -475   0.0000000000000000     
                 -474   8.5666666666666671E-005
                 -473   0.0000000000000000     
                 -472   8.7333333333333333E-005
                 -471   0.0000000000000000     
                 -470   9.0333333333333338E-005
                 -469   0.0000000000000000     
                 -468   8.9555555555555558E-005
                 -467   0.0000000000000000     
                 -466   8.3111111111111113E-005
                 -465   0.0000000000000000     
                 -464   8.5777777777777773E-005
                 -463   0.0000000000000000     
                 -462   8.5222222222222223E-005
                 -461   0.0000000000000000     
                 -460   7.9777777777777776E-005
                 -459   0.0000000000000000     
                 -458   7.7222222222222218E-005
                 -457   0.0000000000000000     
                 -456   7.7333333333333334E-005
                 -455   0.0000000000000000     
                 -454   7.3222222222222216E-005
                 -453   0.0000000000000000     
                 -452   7.8333333333333331E-005
                 -451   0.0000000000000000     
                 -450   7.7999999999999999E-005
                 -449   0.0000000000000000     
                 -448   7.5222222222222224E-005
                 -447   0.0000000000000000     
                 -446   7.3777777777777779E-005
                 -445   0.0000000000000000     
                 -444   7.3333333333333331E-005
                 -443   0.0000000000000000     
                 -442   6.9111111111111112E-005
                 -441   0.0000000000000000     
                 -440   6.8333333333333332E-005
                 -439   0.0000000000000000     
                 -438   6.2666666666666668E-005
                 -437   0.0000000000000000     
                 -436   6.7111111111111118E-005
                 -435   0.0000000000000000     
                 -434   6.2888888888888885E-005
                 -433   0.0000000000000000     
                 -432   6.2111111111111104E-005
                 -431   0.0000000000000000     
                 -430   6.2444444444444450E-005
                 -429   0.0000000000000000     
                 -428   6.0777777777777775E-005
                 -427   0.0000000000000000     
                 -426   6.1444444444444440E-005
                 -425   0.0000000000000000     
                 -424   5.8555555555555557E-005
                 -423   0.0000000000000000     
                 -422   5.7444444444444444E-005
                 -421   0.0000000000000000     
                 -420   5.4666666666666670E-005
                 -419   0.0000000000000000     
                 -418   5.6555555555555555E-005
                 -417   0.0000000000000000     
                 -416   5.7000000000000003E-005
                 -415   0.0000000000000000     
                 -414   5.4222222222222222E-005
                 -413   0.0000000000000000     
                 -412   5.6333333333333332E-005
                 -411   0.0000000000000000     
                 -410   5.2111111111111112E-005
                 -409   0.0000000000000000     
                 -408   4.8666666666666666E-005
                 -407   0.0000000000000000     
                 -406   5.3111111111111109E-005
                 -405   0.0000000000000000     
                 -404   4.7888888888888886E-005
                 -403   0.0000000000000000     
                 -402   4.6444444444444448E-005
                 -401   0.0000000000000000     
                 -400   4.8333333333333334E-005
                 -399   0.0000000000000000     
                 -398   4.7666666666666669E-005
                 -397   0.0000000000000000     
                 -396   5.0555555555555559E-005
                 -395   0.0000000000000000     
                 -394   4.7666666666666669E-005
                 -393   0.0000000000000000     
                 -392   4.2222222222222222E-005
                 -391   0.0000000000000000     
                 -390   4.4666666666666664E-005
                 -389   0.0000000000000000     
                 -388   4.5666666666666668E-005
                 -387   0.0000000000000000     
                 -386   4.4333333333333331E-005
                 -385   0.0000000000000000     
                 -384   4.0888888888888892E-005
                 -383   0.0000000000000000     
                 -382   4.4111111111111114E-005
                 -381   0.0000000000000000     
                 -380   4.1444444444444441E-005
                 -379   0.0000000000000000     
                 -378   4.1333333333333333E-005
                 -377   0.0000000000000000     
                 -376   4.2555555555555554E-005
                 -375   0.0000000000000000     
                 -374   3.8222222222222219E-005
                 -373   0.0000000000000000     
                 -372   3.5666666666666669E-005
                 -371   0.0000000000000000     
                 -370   4.1666666666666665E-005
                 -369   0.0000000000000000     
                 -368   3.6222222222222225E-005
                 -367   0.0000000000000000     
                 -366   3.5666666666666669E-005
                 -365   0.0000000000000000     
                 -364   3.6999999999999998E-005
                 -363   0.0000000000000000     
                 -362   3.5888888888888886E-005
                 -361   0.0000000000000000     
                 -360   3.6222222222222225E-005
                 -359   0.0000000000000000     
                 -358   3.7444444444444446E-005
                 -357   0.0000000000000000     
                 -356   3.3888888888888891E-005
                 -355   0.0000000000000000     
                 -354   3.1444444444444442E-005
                 -353   0.0000000000000000     
                 -352   3.2222222222222222E-005
                 -351   0.0000000000000000     
                 -350   3.3111111111111111E-005
                 -349   0.0000000000000000     
                 -348   3.5888888888888886E-005
                 -347   0.0000000000000000     
                 -346   3.4777777777777780E-005
                 -345   0.0000000000000000     
                 -344   3.3666666666666667E-005
                 -343   0.0000000000000000     
                 -342   3.2777777777777779E-005
                 -341   0.0000000000000000     
                 -340   3.4666666666666665E-005
                 -339   0.0000000000000000     
                 -338   3.0888888888888886E-005
                 -337   0.0000000000000000     
                 -336   3.2333333333333331E-005
                 -335   0.0000000000000000     
                 -334   3.2777777777777779E-005
                 -333   0.0000000000000000     
                 -332   3.4000000000000000E-005
                 -331   0.0000000000000000     
                 -330   3.2333333333333331E-005
                 -329   0.0000000000000000     
                 -328   3.0777777777777777E-005
                 -327   0.0000000000000000     
                 -326   3.1444444444444442E-005
                 -325   0.0000000000000000     
                 -324   2.9888888888888889E-005
                 -323   0.0000000000000000     
                 -322   2.6333333333333334E-005
                 -321   0.0000000000000000     
                 -320   2.8444444444444444E-005
                 -319   0.0000000000000000     
                 -318   2.7777777777777779E-005
                 -317   0.0000000000000000     
                 -316   2.7444444444444443E-005
                 -315   0.0000000000000000     
                 -314   2.6444444444444446E-005
                 -313   0.0000000000000000     
                 -312   2.7444444444444443E-005
                 -311   0.0000000000000000     
                 -310   2.8222222222222223E-005
                 -309   0.0000000000000000     
                 -308   2.3666666666666668E-005
                 -307   0.0000000000000000     
                 -306   2.5444444444444446E-005
                 -305   0.0000000000000000     
                 -304   2.2888888888888888E-005
                 -303   0.0000000000000000     
                 -302   2.9444444444444445E-005
                 -301   0.0000000000000000     
                 -300   2.8222222222222223E-005
                 -299   0.0000000000000000     
                 -298   2.4888888888888889E-005
                 -297   0.0000000000000000     
                 -296   2.5111111111111110E-005
                 -295   0.0000000000000000     
                 -294   2.1222222222222223E-005
                 -293   0.0000000000000000     
                 -292   2.3000000000000000E-005
                 -291   0.0000000000000000     
                 -290   2.6333333333333334E-005
                 -289   0.0000000000000000     
                 -288   2.4333333333333333E-005
                 -287   0.0000000000000000     
                 -286   2.2888888888888888E-005
                 -285   0.0000000000000000     
                 -284   2.6777777777777779E-005
                 -283   0.0000000000000000     
                 -282   2.4444444444444445E-005
                 -281   0.0000000000000000     
                 -280   2.1111111111111111E-005
                 -279   0.0000000000000000     
                 -278   2.3888888888888889E-005
                 -277   0.0000000000000000     
                 -276   2.3444444444444444E-005
                 -275   0.0000000000000000     
                 -274   2.0999999999999999E-005
                 -273   0.0000000000000000     
                 -272   2.1777777777777779E-005
                 -271   0.0000000000000000     
                 -270   2.1222222222222223E-005
                 -269   0.0000000000000000     
                 -268   1.9888888888888890E-005
                 -267   0.0000000000000000     
                 -266   2.4222222222222221E-005
                 -265   0.0000000000000000     
                 -264   2.1222222222222223E-005
                 -263   0.0000000000000000     
                 -262   1.9777777777777778E-005
                 -261   0.0000000000000000     
                 -260   2.1888888888888887E-005
                 -259   0.0000000000000000     
                 -258   1.9777777777777778E-005
                 -257   0.0000000000000000     
                 -256   1.9222222222222222E-005
                 -255   0.0000000000000000     
                 -254   1.9555555555555554E-005
                 -253   0.0000000000000000     
                 -252   1.7888888888888889E-005
                 -251   0.0000000000000000     
                 -250   1.9222222222222222E-005
                 -249   0.0000000000000000     
                 -248   1.9444444444444445E-005
                 -247   0.0000000000000000     
                 -246   1.7555555555555556E-005
                 -245   0.0000000000000000     
                 -244   1.9444444444444445E-005
                 -243   0.0000000000000000     
                 -242   1.9222222222222222E-005
                 -241   0.0000000000000000     
                 -240   1.7000000000000000E-005
                 -239   0.0000000000000000     
                 -238   1.7777777777777777E-005
                 -237   0.0000000000000000     
                 -236   1.7222222222222224E-005
                 -235   0.0000000000000000     
                 -234   1.7111111111111112E-005
                 -233   0.0000000000000000     
                 -232   1.9000000000000001E-005
                 -231   0.0000000000000000     
                 -230   1.7333333333333332E-005
                 -229   0.0000000000000000     
                 -228   1.5555555555555555E-005
                 -227   0.0000000000000000     
                 -226   1.7222222222222224E-005
                 -225   0.0000000000000000     
                 -224   1.4444444444444444E-005
                 -223   0.0000000000000000     
                 -222   1.5333333333333334E-005
                 -221   0.0000000000000000     
                 -220   1.6333333333333332E-005
                 -219   0.0000000000000000     
                 -218   1.5666666666666667E-005
                 -217   0.0000000000000000     
                 -216   1.3777777777777778E-005
                 -215   0.0000000000000000     
                 -214   1.4444444444444444E-005
                 -213   0.0000000000000000     
                 -212   1.5000000000000000E-005
                 -211   0.0000000000000000     
                 -210   1.4111111111111112E-005
                 -209   0.0000000000000000     
                 -208   1.4222222222222222E-005
                 -207   0.0000000000000000     
                 -206   1.4555555555555556E-005
                 -205   0.0000000000000000     
                 -204   1.4777777777777778E-005
                 -203   0.0000000000000000     
                 -202   1.2555555555555555E-005
                 -201   0.0000000000000000     
                 -200   1.4555555555555556E-005
                 -199   0.0000000000000000     
                 -198   1.3111111111111111E-005
                 -197   0.0000000000000000     
                 -196   1.3444444444444445E-005
                 -195   0.0000000000000000     
                 -194   1.2999999999999999E-005
                 -193   0.0000000000000000     
                 -192   1.3333333333333333E-005
                 -191   0.0000000000000000     
                 -190   1.2000000000000000E-005
                 -189   0.0000000000000000     
                 -188   1.5222222222222223E-005
                 -187   0.0000000000000000     
                 -186   1.1888888888888888E-005
                 -185   0.0000000000000000     
                 -184   1.2111111111111111E-005
                 -183   0.0000000000000000     
                 -182   1.3666666666666667E-005
                 -181   0.0000000000000000     
                 -180   1.5222222222222223E-005
                 -179   0.0000000000000000     
                 -178   1.3555555555555555E-005
                 -177   0.0000000000000000     
                 -176   1.6666666666666667E-005
                 -175   0.0000000000000000     
                 -174   1.5000000000000000E-005
                 -173   0.0000000000000000     
                 -172   1.5111111111111111E-005
                 -171   0.0000000000000000     
                 -170   1.2111111111111111E-005
                 -169   0.0000000000000000     
                 -168   1.3111111111111111E-005
                 -167   0.0000000000000000     
                 -166   1.3888888888888890E-005
                 -165   0.0000000000000000     
                 -164   1.4888888888888888E-005
                 -163   0.0000000000000000     
                 -162   1.2333333333333333E-005
                 -161   0.0000000000000000     
                 -160   1.4555555555555556E-005
                 -159   0.0000000000000000     
                 -158   1.3222222222222223E-005
                 -157   0.0000000000000000     
                 -156   1.3222222222222223E-005
                 -155   0.0000000000000000     
                 -154   1.3666666666666667E-005
                 -153   0.0000000000000000     
                 -152   1.3111111111111111E-005
                 -151   0.0000000000000000     
                 -150   1.0666666666666667E-005
                 -149   0.0000000000000000     
                 -148   1.2777777777777777E-005
                 -147   0.0000000000000000     
                 -146   1.3333333333333333E-005
                 -145   0.0000000000000000     
                 -144   1.3777777777777778E-005
                 -143   0.0000000000000000     
                 -142   1.2999999999999999E-005
                 -141   0.0000000000000000     
                 -140   1.3333333333333333E-005
                 -139   0.0000000000000000     
                 -138   1.2999999999999999E-005
                 -137   0.0000000000000000     
                 -136   1.4000000000000000E-005
                 -135   0.0000000000000000     
                 -134   1.2444444444444445E-005
                 -133   0.0000000000000000     
                 -132   1.0777777777777778E-005
                 -131   0.0000000000000000     
                 -130   1.1333333333333334E-005
                 -129   0.0000000000000000     
                 -128   1.2777777777777777E-005
                 -127   0.0000000000000000     
                 -126   1.1666666666666666E-005
                 -125   0.0000000000000000     
                 -124   1.4222222222222222E-005
                 -123   0.0000000000000000     
                 -122   1.2777777777777777E-005
                 -121   0.0000000000000000     
                 -120   1.2888888888888889E-005
                 -119   0.0000000000000000     
                 -118   1.2555555555555555E-005
                 -117   0.0000000000000000     
                 -116   1.3444444444444445E-005
                 -115   0.0000000000000000     
                 -114   1.2999999999999999E-005
                 -113   0.0000000000000000     
                 -112   1.2111111111111111E-005
                 -111   0.0000000000000000     
                 -110   1.4000000000000000E-005
                 -109   0.0000000000000000     
                 -108   1.0777777777777778E-005
                 -107   0.0000000000000000     
                 -106   1.2777777777777777E-005
                 -105   0.0000000000000000     
                 -104   1.2777777777777777E-005
                 -103   0.0000000000000000     
                 -102   1.1222222222222222E-005
                 -101   0.0000000000000000     
                 -100   1.1666666666666666E-005
                  -99   0.0000000000000000     
                  -98   9.8888888888888889E-006
                  -97   0.0000000000000000     
                  -96   1.1666666666666666E-005
                  -95   0.0000000000000000     
                  -94   1.4111111111111112E-005
                  -93   0.0000000000000000     
                  -92   1.2777777777777777E-005
                  -91   0.0000000000000000     
                  -90   1.2222222222222222E-005
                  -89   0.0000000000000000     
                  -88   1.1666666666666666E-005
                  -87   0.0000000000000000     
                  -86   1.1555555555555556E-005
                  -85   0.0000000000000000     
                  -84   1.2000000000000000E-005
                  -83   0.0000000000000000     
                  -82   1.1444444444444444E-005
                  -81   0.0000000000000000     
                  -80   1.3555555555555555E-005
                  -79   0.0000000000000000     
                  -78   1.1666666666666666E-005
                  -77   0.0000000000000000     
                  -76   1.0666666666666667E-005
                  -75   0.0000000000000000     
                  -74   1.0777777777777778E-005
                  -73   0.0000000000000000     
                  -72   1.2111111111111111E-005
                  -71   0.0000000000000000     
                  -70   1.1444444444444444E-005
                  -69   0.0000000000000000     
                  -68   1.2000000000000000E-005
                  -67   0.0000000000000000     
                  -66   1.2333333333333333E-005
                  -65   0.0000000000000000     
                  -64   1.2000000000000000E-005
                  -63   0.0000000000000000     
                  -62   1.2888888888888889E-005
                  -61   0.0000000000000000     
                  -60   1.0888888888888889E-005
                  -59   0.0000000000000000     
                  -58   1.0000000000000001E-005
                  -57   0.0000000000000000     
                  -56   1.0666666666666667E-005
                  -55   0.0000000000000000     
                  -54   1.1888888888888888E-005
                  -53   0.0000000000000000     
                  -52   1.3444444444444445E-005
                  -51   0.0000000000000000     
                  -50   1.4888888888888888E-005
                  -49   0.0000000000000000     
                  -48   1.1666666666666666E-005
                  -47   0.0000000000000000     
                  -46   1.2222222222222222E-005
                  -45   0.0000000000000000     
                  -44   1.2888888888888889E-005
                  -43   0.0000000000000000     
                  -42   1.2777777777777777E-005
                  -41   0.0000000000000000     
                  -40   1.3555555555555555E-005
                  -39   0.0000000000000000     
                  -38   1.4333333333333334E-005
                  -37   0.0000000000000000     
                  -36   1.2777777777777777E-005
                  -35   0.0000000000000000     
                  -34   1.3888888888888890E-005
                  -33   0.0000000000000000     
                  -32   1.2444444444444445E-005
                  -31   0.0000000000000000     
                  -30   1.2666666666666667E-005
                  -29   0.0000000000000000     
                  -28   1.5000000000000000E-005
                  -27   0.0000000000000000     
                  -26   1.3666666666666667E-005
                  -25   0.0000000000000000     
                  -24   1.2666666666666667E-005
                  -23   0.0000000000000000     
                  -22   1.4000000000000000E-005
                  -21   0.0000000000000000     
                  -20   1.2999999999999999E-005
                  -19   0.0000000000000000     
                  -18   1.3444444444444445E-005
                  -17   0.0000000000000000     
                  -16   1.5666666666666667E-005
                  -15   0.0000000000000000     
                  -14   1.2777777777777777E-005
                  -13   0.0000000000000000     
                  -12   1.3888888888888890E-005
                  -11   0.0000000000000000     
                  -10   1.3111111111111111E-005
                   -9   0.0000000000000000     
                   -8   1.2999999999999999E-005
                   -7   0.0000000000000000     
                   -6   1.4444444444444444E-005
                   -5   0.0000000000000000     
                   -4   1.4888888888888888E-005
                   -3   0.0000000000000000     
                   -2   1.5333333333333334E-005
                   -1   0.0000000000000000     
                    0   1.3777777777777778E-005
                    1   0.0000000000000000     
                    2   1.4444444444444444E-005
                    3   0.0000000000000000     
                    4   1.3777777777777778E-005
                    5   0.0000000000000000     
                    6   1.6222222222222223E-005
                    7   0.0000000000000000     
                    8   1.5000000000000000E-005
                    9   0.0000000000000000     
                   10   1.3888888888888890E-005
                   11   0.0000000000000000     
                   12   1.4888888888888888E-005
                   13   0.0000000000000000     
                   14   1.3555555555555555E-005
                   15   0.0000000000000000     
                   16   1.4888888888888888E-005
                   17   0.0000000000000000     
                   18   1.5111111111111111E-005
                   19   0.0000000000000000     
                   20   1.2999999999999999E-005
                   21   0.0000000000000000     
                   22   1.5000000000000000E-005
                   23   0.0000000000000000     
                   24   1.3777777777777778E-005
                   25   0.0000000000000000     
                   26   1.7222222222222224E-005
                   27   0.0000000000000000     
                   28   1.3111111111111111E-005
                   29   0.0000000000000000     
                   30   1.3666666666666667E-005
                   31   0.0000000000000000     
                   32   1.5777777777777779E-005
                   33   0.0000000000000000     
                   34   1.5000000000000000E-005
                   35   0.0000000000000000     
                   36   1.5333333333333334E-005
                   37   0.0000000000000000     
                   38   1.2333333333333333E-005
                   39   0.0000000000000000     
                   40   1.4111111111111112E-005
                   41   0.0000000000000000     
                   42   1.3666666666666667E-005
                   43   0.0000000000000000     
                   44   1.4111111111111112E-005
                   45   0.0000000000000000     
                   46   1.4222222222222222E-005
                   47   0.0000000000000000     
                   48   1.4444444444444444E-005
                   49   0.0000000000000000     
                   50   1.4000000000000000E-005
                   51   0.0000000000000000     
                   52   1.3666666666666667E-005
                   53   0.0000000000000000     
                   54   1.4444444444444444E-005
                   55   0.0000000000000000     
                   56   1.5666666666666667E-005
                   57   0.0000000000000000     
                   58   1.4333333333333334E-005
                   59   0.0000000000000000     
                   60   1.1888888888888888E-005
                   61   0.0000000000000000     
                   62   1.4222222222222222E-005
                   63   0.0000000000000000     
                   64   1.5000000000000000E-005
                   65   0.0000000000000000     
                   66   1.3111111111111111E-005
                   67   0.0000000000000000     
                   68   1.1888888888888888E-005
                   69   0.0000000000000000     
                   70   1.4111111111111112E-005
                   71   0.0000000000000000     
                   72   1.3666666666666667E-005
                   73   0.0000000000000000     
                   74   1.3444444444444445E-005
                   75   0.0000000000000000     
                   76   1.4333333333333334E-005
                   77   0.0000000000000000     
                   78   1.3666666666666667E-005
                   79   0.0000000000000000     
                   80   1.3444444444444445E-005
                   81   0.0000000000000000     
                   82   1.3666666666666667E-005
                   83   0.0000000000000000     
                   84   1.4777777777777778E-005
                   85   0.0000000000000000     
                   86   1.6666666666666667E-005
                   87   0.0000000000000000     
                   88   1.3555555555555555E-005
                   89   0.0000000000000000     
                   90   1.4222222222222222E-005
                   91   0.0000000000000000     
                   92   1.4555555555555556E-005
                   93   0.0000000000000000     
                   94   1.3555555555555555E-005
                   95   0.0000000000000000     
                   96   1.3666666666666667E-005
                   97   0.0000000000000000     
                   98   1.5777777777777779E-005
                   99   0.0000000000000000     
                  100   1.3777777777777778E-005
                  101   0.0000000000000000     
                  102   1.4333333333333334E-005
                  103   0.0000000000000000     
                  104   1.2222222222222222E-005
                  105   0.0000000000000000     
                  106   1.3111111111111111E-005
                  107   0.0000000000000000     
                  108   1.2777777777777777E-005
                  109   0.0000000000000000     
                  110   1.3777777777777778E-005
                  111   0.0000000000000000     
                  112   1.4222222222222222E-005
                  113   0.0000000000000000     
                  114   1.6666666666666667E-005
                  115   0.0000000000000000     
                  116   1.3333333333333333E-005
                  117   0.0000000000000000     
                  118   1.4444444444444444E-005
                  119   0.0000000000000000     
                  120   1.8000000000000000E-005
                  121   0.0000000000000000     
                  122   1.3555555555555555E-005
                  123   0.0000000000000000     
                  124   1.3333333333333333E-005
                  125   0.0000000000000000     
                  126   1.4111111111111112E-005
                  127   0.0000000000000000     
                  128   1.1444444444444444E-005
                  129   0.0000000000000000     
                  130   1.3222222222222223E-005
                  131   0.0000000000000000     
                  132   1.4111111111111112E-005
                  133   0.0000000000000000     
                  134   1.6777777777777779E-005
                  135   0.0000000000000000     
                  136   1.2888888888888889E-005
                  137   0.0000000000000000     
                  138   1.5777777777777779E-005
                  139   0.0000000000000000     
                  140   1.3666666666666667E-005
                  141   0.0000000000000000     
                  142   1.4444444444444444E-005
                  143   0.0000000000000000     
                  144   1.5222222222222223E-005
                  145   0.0000000000000000     
                  146   1.3777777777777778E-005
                  147   0.0000000000000000     
                  148   1.4888888888888888E-005
                  149   0.0000000000000000     
                  150   1.3888888888888890E-005
                  151   0.0000000000000000     
                  152   1.5666666666666667E-005
                  153   0.0000000000000000     
                  154   1.6222222222222223E-005
                  155   0.0000000000000000     
                  156   1.3333333333333333E-005
                  157   0.0000000000000000     
                  158   1.4888888888888888E-005
                  159   0.0000000000000000     
                  160   1.3111111111111111E-005
                  161   0.0000000000000000     
                  162   1.4333333333333334E-005
                  163   0.0000000000000000     
                  164   1.4777777777777778E-005
                  165   0.0000000000000000     
                  166   1.3777777777777778E-005
                  167   0.0000000000000000     
                  168   1.4111111111111112E-005
                  169   0.0000000000000000     
                  170   1.4444444444444444E-005
                  171   0.0000000000000000     
                  172   1.5333333333333334E-005
                  173   0.0000000000000000     
                  174   1.6111111111111111E-005
                  175   0.0000000000000000     
                  176   1.5333333333333334E-005
                  177   0.0000000000000000     
                  178   1.5000000000000000E-005
                  179   0.0000000000000000     
                  180   1.6555555555555556E-005
                  181   0.0000000000000000     
                  182   1.6444444444444444E-005
                  183   0.0000000000000000     
                  184   1.6333333333333332E-005
                  185   0.0000000000000000     
                  186   1.4888888888888888E-005
                  187   0.0000000000000000     
                  188   1.4000000000000000E-005
                  189   0.0000000000000000     
                  190   1.5888888888888887E-005
                  191   0.0000000000000000     
                  192   1.5111111111111111E-005
                  193   0.0000000000000000     
                  194   1.4000000000000000E-005
                  195   0.0000000000000000     
                  196   1.5000000000000000E-005
                  197   0.0000000000000000     
                  198   1.5666666666666667E-005
                  199   0.0000000000000000     
                  200   1.7888888888888889E-005
                  201   0.0000000000000000     
                  202   1.5222222222222223E-005
                  203   0.0000000000000000     
                  204   1.6222222222222223E-005
                  205   0.0000000000000000     
                  206   1.7111111111111112E-005
                  207   0.0000000000000000     
                  208   1.6888888888888888E-005
                  209   0.0000000000000000     
                  210   1.8333333333333333E-005
                  211   0.0000000000000000     
                  212   1.7666666666666668E-005
                  213   0.0000000000000000     
                  214   1.3888888888888890E-005
                  215   0.0000000000000000     
                  216   1.7333333333333332E-005
                  217   0.0000000000000000     
                  218   1.7888888888888889E-005
                  219   0.0000000000000000     
                  220   2.0999999999999999E-005
                  221   0.0000000000000000     
                  222   1.9666666666666666E-005
                  223   0.0000000000000000     
                  224   1.9000000000000001E-005
                  225   0.0000000000000000     
                  226   1.8333333333333333E-005
                  227   0.0000000000000000     
                  228   1.9666666666666666E-005
                  229   0.0000000000000000     
                  230   1.8777777777777777E-005
                  231   0.0000000000000000     
                  232   1.9888888888888890E-005
                  233   0.0000000000000000     
                  234   1.9333333333333333E-005
                  235   0.0000000000000000     
                  236   1.7777777777777777E-005
                  237   0.0000000000000000     
                  238   1.6444444444444444E-005
                  239   0.0000000000000000     
                  240   2.1888888888888887E-005
                  241   0.0000000000000000     
                  242   1.9555555555555554E-005
                  243   0.0000000000000000     
                  244   1.9555555555555554E-005
                  245   0.0000000000000000     
                  246   1.9555555555555554E-005
                  247   0.0000000000000000     
                  248   2.0777777777777778E-005
                  249   0.0000000000000000     
                  250   2.2111111111111111E-005
                  251   0.0000000000000000     
                  252   2.2222222222222223E-005
                  253   0.0000000000000000     
                  254   2.2777777777777776E-005
                  255   0.0000000000000000     
                  256   1.8333333333333333E-005
                  257   0.0000000000000000     
                  258   2.1444444444444443E-005
                  259   0.0000000000000000     
                  260   2.1333333333333335E-005
                  261   0.0000000000000000     
                  262   2.2333333333333332E-005
                  263   0.0000000000000000     
                  264   2.1111111111111111E-005
                  265   0.0000000000000000     
                  266   2.1222222222222223E-005
                  267   0.0000000000000000     
                  268   2.4777777777777777E-005
                  269   0.0000000000000000     
                  270   2.1555555555555555E-005
                  271   0.0000000000000000     
                  272   1.9222222222222222E-005
                  273   0.0000000000000000     
                  274   2.2888888888888888E-005
                  275   0.0000000000000000     
                  276   2.6888888888888890E-005
                  277   0.0000000000000000     
                  278   2.4888888888888889E-005
                  279   0.0000000000000000     
                  280   2.3666666666666668E-005
                  281   0.0000000000000000     
                  282   2.3666666666666668E-005
                  283   0.0000000000000000     
                  284   2.5111111111111110E-005
                  285   0.0000000000000000     
                  286   2.8111111111111112E-005
                  287   0.0000000000000000     
                  288   2.5333333333333334E-005
                  289   0.0000000000000000     
                  290   2.5666666666666666E-005
                  291   0.0000000000000000     
                  292   2.4777777777777777E-005
                  293   0.0000000000000000     
                  294   2.6999999999999999E-005
                  295   0.0000000000000000     
                  296   2.1777777777777779E-005
                  297   0.0000000000000000     
                  298   2.8444444444444444E-005
                  299   0.0000000000000000     
                  300   2.7555555555555555E-005
                  301   0.0000000000000000     
                  302   2.7666666666666667E-005
                  303   0.0000000000000000     
                  304   2.6222222222222222E-005
                  305   0.0000000000000000     
                  306   2.7666666666666667E-005
                  307   0.0000000000000000     
                  308   2.7222222222222223E-005
                  309   0.0000000000000000     
                  310   2.5888888888888890E-005
                  311   0.0000000000000000     
                  312   2.5000000000000001E-005
                  313   0.0000000000000000     
                  314   2.8333333333333332E-005
                  315   0.0000000000000000     
                  316   2.9333333333333333E-005
                  317   0.0000000000000000     
                  318   2.9000000000000000E-005
                  319   0.0000000000000000     
                  320   3.4111111111111108E-005
                  321   0.0000000000000000     
                  322   3.2444444444444446E-005
                  323   0.0000000000000000     
                  324   3.0444444444444445E-005
                  325   0.0000000000000000     
                  326   3.6333333333333333E-005
                  327   0.0000000000000000     
                  328   3.0666666666666669E-005
                  329   0.0000000000000000     
                  330   3.3777777777777776E-005
                  331   0.0000000000000000     
                  332   3.3111111111111111E-005
                  333   0.0000000000000000     
                  334   3.1000000000000001E-005
                  335   0.0000000000000000     
                  336   3.3111111111111111E-005
                  337   0.0000000000000000     
                  338   3.2444444444444446E-005
                  339   0.0000000000000000     
                  340   3.4888888888888888E-005
                  341   0.0000000000000000     
                  342   3.7666666666666670E-005
                  343   0.0000000000000000     
                  344   4.1444444444444441E-005
                  345   0.0000000000000000     
                  346   3.5888888888888886E-005
                  347   0.0000000000000000     
                  348   3.6444444444444442E-005
                  349   0.0000000000000000     
                  350   3.8777777777777775E-005
                  351   0.0000000000000000     
                  352   3.8555555555555558E-005
                  353   0.0000000000000000     
                  354   3.8000000000000002E-005
                  355   0.0000000000000000     
                  356   4.0444444444444444E-005
                  357   0.0000000000000000     
                  358   3.7666666666666670E-005
                  359   0.0000000000000000     
                  360   4.1111111111111109E-005
                  361   0.0000000000000000     
                  362   4.3444444444444443E-005
                  363   0.0000000000000000     
                  364   4.1999999999999998E-005
                  365   0.0000000000000000     
                  366   4.6000000000000000E-005
                  367   0.0000000000000000     
                  368   4.0333333333333336E-005
                  369   0.0000000000000000     
                  370   4.4777777777777779E-005
                  371   0.0000000000000000     
                  372   4.2111111111111113E-005
                  373   0.0000000000000000     
                  374   4.7444444444444445E-005
                  375   0.0000000000000000     
                  376   5.0444444444444443E-005
                  377   0.0000000000000000     
                  378   4.1777777777777781E-005
                  379   0.0000000000000000     
                  380   4.8333333333333334E-005
                  381   0.0000000000000000     
                  382   4.6444444444444448E-005
                  383   0.0000000000000000     
                  384   4.9333333333333331E-005
                  385   0.0000000000000000     
                  386   4.9222222222222222E-005
                  387   0.0000000000000000     
                  388   5.3555555555555557E-005
                  389   0.0000000000000000     
                  390   5.3111111111111109E-005
                  391   0.0000000000000000     
                  392   4.5888888888888891E-005
                  393   0.0000000000000000     
                  394   5.4555555555555554E-005
                  395   0.0000000000000000     
                  396   5.5333333333333334E-005
                  397   0.0000000000000000     
                  398   5.9444444444444445E-005
                  399   0.0000000000000000     
                  400   5.6111111111111114E-005
                  401   0.0000000000000000     
                  402   5.7444444444444444E-005
                  403   0.0000000000000000     
                  404   5.4666666666666670E-005
                  405   0.0000000000000000     
                  406   5.7666666666666668E-005
                  407   0.0000000000000000     
                  408   6.0888888888888890E-005
                  409   0.0000000000000000     
                  410   6.3333333333333332E-005
                  411   0.0000000000000000     
                  412   6.1333333333333338E-005
                  413   0.0000000000000000     
                  414   6.7222222222222219E-005
                  415   0.0000000000000000     
                  416   6.2111111111111104E-005
                  417   0.0000000000000000     
                  418   6.2777777777777783E-005
                  419   0.0000000000000000     
                  420   6.6111111111111107E-005
                  421   0.0000000000000000     
                  422   7.0444444444444442E-005
                  423   0.0000000000000000     
                  424   6.3999999999999997E-005
                  425   0.0000000000000000     
                  426   6.7888888888888884E-005
                  427   0.0000000000000000     
                  428   6.8222222222222217E-005
                  429   0.0000000000000000     
                  430   7.5222222222222224E-005
                  431   0.0000000000000000     
                  432   7.7000000000000001E-005
                  433   0.0000000000000000     
                  434   7.8555555555555562E-005
                  435   0.0000000000000000     
                  436   7.7888888888888883E-005
                  437   0.0000000000000000     
                  438   7.2777777777777782E-005
                  439   0.0000000000000000     
                  440   7.9111111111111111E-005
                  441   0.0000000000000000     
                  442   8.2222222222222218E-005
                  443   0.0000000000000000     
                  444   7.9777777777777776E-005
                  445   0.0000000000000000     
                  446   8.4888888888888891E-005
                  447   0.0000000000000000     
                  448   8.5444444444444440E-005
                  449   0.0000000000000000     
                  450   8.5555555555555556E-005
                  451   0.0000000000000000     
                  452   9.0888888888888888E-005
                  453   0.0000000000000000     
                  454   8.7555555555555550E-005
                  455   0.0000000000000000     
                  456   8.9555555555555558E-005
                  457   0.0000000000000000     
                  458   9.1000000000000003E-005
                  459   0.0000000000000000     
                  460   9.7333333333333332E-005
                  461   0.0000000000000000     
                  462   9.4111111111111110E-005
                  463   0.0000000000000000     
                  464   9.4111111111111110E-005
                  465   0.0000000000000000     
                  466   9.6444444444444450E-005
                  467   0.0000000000000000     
                  468   1.0277777777777778E-004
                  469   0.0000000000000000     
                  470   1.0433333333333334E-004
                  471   0.0000000000000000     
                  472   1.0522222222222222E-004
                  473   0.0000000000000000     
                  474   1.0022222222222222E-004
                  475   0.0000000000000000     
                  476   1.0788888888888889E-004
                  477   0.0000000000000000     
                  478   1.0900000000000001E-004
                  479   0.0000000000000000     
                  480   1.0966666666666667E-004
                  481   0.0000000000000000     
                  482   1.1022222222222222E-004
                  483   0.0000000000000000     
                  484   1.0933333333333334E-004
                  485   0.0000000000000000     
                  486   1.1444444444444444E-004
                  487   0.0000000000000000     
                  488   1.1488888888888889E-004
                  489   0.0000000000000000     
                  490   1.2111111111111112E-004
                  491   0.0000000000000000     
                  492   1.1755555555555556E-004
                  493   0.0000000000000000     
                  494   1.3111111111111111E-004
                  495   0.0000000000000000     
                  496   1.2211111111111111E-004
                  497   0.0000000000000000     
                  498   1.2566666666666667E-004
                  499   0.0000000000000000     
                  500   1.3611111111111110E-004
                  501   0.0000000000000000     
                  502   1.4111111111111111E-004
                  503   0.0000000000000000     
                  504   1.3511111111111110E-004
                  505   0.0000000000000000     
                  506   1.3855555555555556E-004
                  507   0.0000000000000000     
                  508   1.4300000000000001E-004
                  509   0.0000000000000000     
                  510   1.4044444444444445E-004
                  511   0.0000000000000000     
                  512   1.5677777777777779E-004
                  513   0.0000000000000000     
                  514   1.5588888888888890E-004
                  515   0.0000000000000000     
                  516   1.5144444444444445E-004
                  517   0.0000000000000000     
                  518   1.4999999999999999E-004
                  519   0.0000000000000000     
                  520   1.5544444444444443E-004
                  521   0.0000000000000000     
                  522   1.6300000000000000E-004
                  523   0.0000000000000000     
                  524   1.6155555555555555E-004
                  525   0.0000000000000000     
                  526   1.6077777777777778E-004
                  527   0.0000000000000000     
                  528   1.6566666666666666E-004
                  529   0.0000000000000000     
                  530   1.7455555555555556E-004
                  531   0.0000000000000000     
                  532   1.7855555555555555E-004
                  533   0.0000000000000000     
                  534   1.7577777777777776E-004
                  535   0.0000000000000000     
                  536   1.8444444444444443E-004
                  537   0.0000000000000000     
                  538   1.9711111111111112E-004
                  539   0.0000000000000000     
                  540   1.9100000000000001E-004
                  541   0.0000000000000000     
                  542   2.0177777777777777E-004
                  543   0.0000000000000000     
                  544   2.0033333333333334E-004
                  545   0.0000000000000000     
                  546   1.9611111111111112E-004
                  547   0.0000000000000000     
                  548   2.1255555555555557E-004
                  549   0.0000000000000000     
                  550   2.0855555555555555E-004
                  551   0.0000000000000000     
                  552   2.1011111111111111E-004
                  553   0.0000000000000000     
                  554   2.2777777777777778E-004
                  555   0.0000000000000000     
                  556   2.2200000000000000E-004
                  557   0.0000000000000000     
                  558   2.3699999999999999E-004
                  559   0.0000000000000000     
                  560   2.2066666666666667E-004
                  561   0.0000000000000000     
                  562   2.3622222222222222E-004
                  563   0.0000000000000000     
                  564   2.5000000000000001E-004
                  565   0.0000000000000000     
                  566   2.4488888888888889E-004
                  567   0.0000000000000000     
                  568   2.4833333333333332E-004
                  569   0.0000000000000000     
                  570   2.5877777777777780E-004
                  571   0.0000000000000000     
                  572   2.5677777777777775E-004
                  573   0.0000000000000000     
                  574   2.7011111111111111E-004
                  575   0.0000000000000000     
                  576   2.7777777777777778E-004
                  577   0.0000000000000000     
                  578   2.7988888888888887E-004
                  579   0.0000000000000000     
                  580   2.7666666666666665E-004
                  581   0.0000000000000000     
                  582   2.9422222222222225E-004
                  583   0.0000000000000000     
                  584   2.9255555555555556E-004
                  585   0.0000000000000000     
                  586   3.0533333333333335E-004
                  587   0.0000000000000000     
                  588   3.0388888888888891E-004
                  589   0.0000000000000000     
                  590   3.2077777777777779E-004
                  591   0.0000000000000000     
                  592   3.3533333333333332E-004
                  593   0.0000000000000000     
                  594   3.3933333333333336E-004
                  595   0.0000000000000000     
                  596   3.4188888888888886E-004
                  597   0.0000000000000000     
                  598   3.3799999999999998E-004
                  599   0.0000000000000000     
                  600   3.5077777777777776E-004
                  601   0.0000000000000000     
                  602   3.6733333333333334E-004
                  603   0.0000000000000000     
                  604   3.6311111111111109E-004
                  605   0.0000000000000000     
                  606   3.7011111111111110E-004
                  607   0.0000000000000000     
                  608   3.8244444444444442E-004
                  609   0.0000000000000000     
                  610   4.0822222222222220E-004
                  611   0.0000000000000000     
                  612   3.9988888888888886E-004
                  613   0.0000000000000000     
                  614   4.1922222222222220E-004
                  615   0.0000000000000000     
                  616   4.2055555555555558E-004
                  617   0.0000000000000000     
                  618   4.4377777777777780E-004
                  619   0.0000000000000000     
                  620   4.4344444444444444E-004
                  621   0.0000000000000000     
                  622   4.3733333333333336E-004
                  623   0.0000000000000000     
                  624   4.5344444444444447E-004
                  625   0.0000000000000000     
                  626   4.8744444444444443E-004
                  627   0.0000000000000000     
                  628   4.7566666666666666E-004
                  629   0.0000000000000000     
                  630   4.9966666666666671E-004
                  631   0.0000000000000000     
                  632   5.2211111111111110E-004
                  633   0.0000000000000000     
                  634   5.3022222222222218E-004
                  635   0.0000000000000000     
                  636   5.3777777777777775E-004
                  637   0.0000000000000000     
                  638   5.4799999999999998E-004
                  639   0.0000000000000000     
                  640   5.5199999999999997E-004
                  641   0.0000000000000000     
                  642   5.5555555555555556E-004
                  643   0.0000000000000000     
                  644   5.8777777777777778E-004
                  645   0.0000000000000000     
                  646   6.1111111111111110E-004
                  647   0.0000000000000000     
                  648   6.1388888888888886E-004
                  649   0.0000000000000000     
                  650   6.2844444444444449E-004
                  651   0.0000000000000000     
                  652   6.3122222222222225E-004
                  653   0.0000000000000000     
                  654   6.6288888888888886E-004
                  655   0.0000000000000000     
                  656   6.6644444444444444E-004
                  657   0.0000000000000000     
                  658   6.9077777777777779E-004
                  659   0.0000000000000000     
                  660   7.1188888888888886E-004
                  661   0.0000000000000000     
                  662   7.3866666666666666E-004
                  663   0.0000000000000000     
                  664   7.4277777777777775E-004
                  665   0.0000000000000000     
                  666   7.6400000000000003E-004
                  667   0.0000000000000000     
                  668   7.9733333333333338E-004
                  669   0.0000000000000000     
                  670   8.2911111111111109E-004
                  671   0.0000000000000000     
                  672   8.4033333333333334E-004
                  673   0.0000000000000000     
                  674   8.4777777777777781E-004
                  675   0.0000000000000000     
                  676   9.0455555555555558E-004
                  677   0.0000000000000000     
                  678   8.9255555555555551E-004
                  679   0.0000000000000000     
                  680   9.2988888888888884E-004
                  681   0.0000000000000000     
                  682   9.5566666666666662E-004
                  683   0.0000000000000000     
                  684   9.5722222222222226E-004
                  685   0.0000000000000000     
                  686   1.0115555555555555E-003
                  687   0.0000000000000000     
                  688   1.0116666666666666E-003
                  689   0.0000000000000000     
                  690   1.0590000000000000E-003
                  691   0.0000000000000000     
                  692   1.0924444444444445E-003
                  693   0.0000000000000000     
                  694   1.0977777777777778E-003
                  695   0.0000000000000000     
                  696   1.1645555555555556E-003
                  697   0.0000000000000000     
                  698   1.1911111111111111E-003
                  699   0.0000000000000000     
                  700   1.2040000000000000E-003
                  701   0.0000000000000000     
                  702   1.2185555555555556E-003
                  703   0.0000000000000000     
                  704   1.2777777777777779E-003
                  705   0.0000000000000000     
                  706   1.3393333333333334E-003
                  707   0.0000000000000000     
                  708   1.3472222222222223E-003
                  709   0.0000000000000000     
                  710   1.3741111111111111E-003
                  711   0.0000000000000000     
                  712   1.4184444444444444E-003
                  713   0.0000000000000000     
                  714   1.4912222222222221E-003
                  715   0.0000000000000000     
                  716   1.5193333333333333E-003
                  717   0.0000000000000000     
                  718   1.5381111111111112E-003
                  719   0.0000000000000000     
                  720   1.5835555555555555E-003
                  721   0.0000000000000000     
                  722   1.6113333333333333E-003
                  723   0.0000000000000000     
                  724   1.6933333333333334E-003
                  725   0.0000000000000000     
                  726   1.7436666666666666E-003
                  727   0.0000000000000000     
                  728   1.7527777777777778E-003
                  729   0.0000000000000000     
                  730   1.8437777777777777E-003
                  731   0.0000000000000000     
                  732   1.8797777777777777E-003
                  733   0.0000000000000000     
                  734   1.9176666666666667E-003
                  735   0.0000000000000000     
                  736   1.9892222222222221E-003
                  737   0.0000000000000000     
                  738   2.0148888888888890E-003
                  739   0.0000000000000000     
                  740   2.0896666666666668E-003
                  741   0.0000000000000000     
                  742   2.1792222222222222E-003
                  743   0.0000000000000000     
                  744   2.2196666666666667E-003
                  745   0.0000000000000000     
                  746   2.2872222222222222E-003
                  747   0.0000000000000000     
                  748   2.3828888888888888E-003
                  749   0.0000000000000000     
                  750   2.4552222222222224E-003
                  751   0.0000000000000000     
                  752   2.4961111111111113E-003
                  753   0.0000000000000000     
                  754   2.5677777777777778E-003
                  755   0.0000000000000000     
                  756   2.6387777777777776E-003
                  757   0.0000000000000000     
                  758   2.7333333333333333E-003
                  759   0.0000000000000000     
                  760   2.8077777777777780E-003
                  761   0.0000000000000000     
                  762   2.8596666666666666E-003
                  763   0.0000000000000000     
                  764   2.9417777777777780E-003
                  765   0.0000000000000000     
                  766   3.0508888888888890E-003
                  767   0.0000000000000000     
                  768   3.1072222222222222E-003
                  769   0.0000000000000000     
                  770   3.1948888888888890E-003
                  771   0.0000000000000000     
                  772   3.2953333333333333E-003
                  773   0.0000000000000000     
                  774   3.4003333333333333E-003
                  775   0.0000000000000000     
                  776   3.4696666666666665E-003
                  777   0.0000000000000000     
                  778   3.5883333333333331E-003
                  779   0.0000000000000000     
                  780   3.7045555555555556E-003
                  781   0.0000000000000000     
                  782   3.7651111111111110E-003
                  783   0.0000000000000000     
                  784   3.8545555555555555E-003
                  785   0.0000000000000000     
                  786   3.9116666666666666E-003
                  787   0.0000000000000000     
                  788   4.0563333333333337E-003
                  789   0.0000000000000000     
                  790   4.1773333333333332E-003
                  791   0.0000000000000000     
                  792   4.2522222222222223E-003
                  793   0.0000000000000000     
                  794   4.3622222222222222E-003
                  795   0.0000000000000000     
                  796   4.4885555555555555E-003
                  797   0.0000000000000000     
                  798   4.6447777777777781E-003
                  799   0.0000000000000000     
                  800   4.7092222222222223E-003
                  801   0.0000000000000000     
                  802   4.8233333333333331E-003
                  803   0.0000000000000000     
                  804   4.9685555555555559E-003
                  805   0.0000000000000000     
                  806   5.0861111111111107E-003
                  807   0.0000000000000000     
                  808   5.1916666666666665E-003
                  809   0.0000000000000000     
                  810   5.2608888888888887E-003
                  811   0.0000000000000000     
                  812   5.4012222222222222E-003
                  813   0.0000000000000000     
                  814   5.4604444444444449E-003
                  815   0.0000000000000000     
                  816   5.6135555555555557E-003
                  817   0.0000000000000000     
                  818   5.6941111111111107E-003
                  819   0.0000000000000000     
                  820   5.8277777777777781E-003
                  821   0.0000000000000000     
                  822   5.8690000000000001E-003
                  823   0.0000000000000000     
                  824   6.0128888888888888E-003
                  825   0.0000000000000000     
                  826   6.1152222222222224E-003
                  827   0.0000000000000000     
                  828   6.2487777777777776E-003
                  829   0.0000000000000000     
                  830   6.3093333333333335E-003
                  831   0.0000000000000000     
                  832   6.3838888888888886E-003
                  833   0.0000000000000000     
                  834   6.4916666666666664E-003
                  835   0.0000000000000000     
                  836   6.5286666666666670E-003
                  837   0.0000000000000000     
                  838   6.6441111111111111E-003
                  839   0.0000000000000000     
                  840   6.6546666666666664E-003
                  841   0.0000000000000000     
                  842   6.7702222222222226E-003
                  843   0.0000000000000000     
                  844   6.7607777777777779E-003
                  845   0.0000000000000000     
                  846   6.8076666666666667E-003
                  847   0.0000000000000000     
                  848   6.8519999999999996E-003
                  849   0.0000000000000000     
                  850   6.8614444444444443E-003
                  851   0.0000000000000000     
                  852   6.8463333333333336E-003
                  853   0.0000000000000000     
                  854   6.9304444444444448E-003
                  855   0.0000000000000000     
                  856   6.9111111111111109E-003
                  857   0.0000000000000000     
                  858   6.8013333333333337E-003
                  859   0.0000000000000000     
                  860   6.8351111111111112E-003
                  861   0.0000000000000000     
                  862   6.7587777777777776E-003
                  863   0.0000000000000000     
                  864   6.6831111111111110E-003
                  865   0.0000000000000000     
                  866   6.6398888888888888E-003
                  867   0.0000000000000000     
                  868   6.5560000000000002E-003
                  869   0.0000000000000000     
                  870   6.4400000000000004E-003
                  871   0.0000000000000000     
                  872   6.3824444444444441E-003
                  873   0.0000000000000000     
                  874   6.1522222222222221E-003
                  875   0.0000000000000000     
                  876   6.0405555555555560E-003
                  877   0.0000000000000000     
                  878   5.8874444444444443E-003
                  879   0.0000000000000000     
                  880   5.7424444444444441E-003
                  881   0.0000000000000000     
                  882   5.5515555555555552E-003
                  883   0.0000000000000000     
                  884   5.3683333333333335E-003
                  885   0.0000000000000000     
                  886   5.2234444444444446E-003
                  887   0.0000000000000000     
                  888   5.0017777777777777E-003
                  889   0.0000000000000000     
                  890   4.8104444444444444E-003
                  891   0.0000000000000000     
                  892   4.6111111111111110E-003
                  893   0.0000000000000000     
                  894   4.3713333333333330E-003
                  895   0.0000000000000000     
                  896   4.1345555555555554E-003
                  897   0.0000000000000000     
                  898   3.9021111111111110E-003
                  899   0.0000000000000000     
                  900   3.6676666666666667E-003
                  901   0.0000000000000000     
                  902   3.4523333333333333E-003
                  903   0.0000000000000000     
                  904   3.2044444444444447E-003
                  905   0.0000000000000000     
                  906   3.0006666666666667E-003
                  907   0.0000000000000000     
                  908   2.7640000000000000E-003
                  909   0.0000000000000000     
                  910   2.5354444444444443E-003
                  911   0.0000000000000000     
                  912   2.3311111111111111E-003
                  913   0.0000000000000000     
                  914   2.1133333333333334E-003
                  915   0.0000000000000000     
                  916   1.9303333333333334E-003
                  917   0.0000000000000000     
                  918   1.7378888888888889E-003
                  919   0.0000000000000000     
                  920   1.5148888888888890E-003
                  921   0.0000000000000000     
                  922   1.3591111111111111E-003
                  923   0.0000000000000000     
                  924   1.1948888888888890E-003
                  925   0.0000000000000000     
                  926   1.0617777777777778E-003
                  927   0.0000000000000000     
                  928   9.1311111111111107E-004
                  929   0.0000000000000000     
                  930   8.1255555555555551E-004
                  931   0.0000000000000000     
                  932   6.7322222222222219E-004
                  933   0.0000000000000000     
                  934   5.7566666666666671E-004
                  935   0.0000000000000000     
                  936   4.8688888888888886E-004
                  937   0.0000000000000000     
                  938   3.8833333333333336E-004
                  939   0.0000000000000000     
                  940   3.3066666666666666E-004
                  941   0.0000000000000000     
                  942   2.8877777777777777E-004
                  943   0.0000000000000000     
                  944   2.2233333333333333E-004
                  945   0.0000000000000000     
                  946   1.7166666666666667E-004
                  947   0.0000000000000000     
                  948   1.3822222222222222E-004
                  949   0.0000000000000000     
                  950   1.0433333333333334E-004
                  951   0.0000000000000000     
                  952   8.2111111111111116E-005
                  953   0.0000000000000000     
                  954   6.2333333333333335E-005
                  955   0.0000000000000000     
                  956   4.5333333333333335E-005
                  957   0.0000000000000000     
                  958   3.2222222222222222E-005
                  959   0.0000000000000000     
                  960   2.4777777777777777E-005
                  961   0.0000000000000000     
                  962   1.7222222222222224E-005
                  963   0.0000000000000000     
                  964   1.1333333333333334E-005
                  965   0.0000000000000000     
                  966   7.8888888888888894E-006
                  967   0.0000000000000000     
                  968   6.5555555555555556E-006
                  969   0.0000000000000000     
                  970   3.4444444444444444E-006
                  971   0.0000000000000000     
                  972   3.0000000000000001E-006
                  973   0.0000000000000000     
                  974   1.6666666666666667E-006
                  975   0.0000000000000000     
                  976   6.6666666666666671E-007
                  977   0.0000000000000000     
                  978   2.2222222222222222E-007
                  979   0.0000000000000000     
                  980   1.1111111111111111E-007
                  981   0.0000000000000000     
                  982   2.2222222222222222E-007
                  983   0.0000000000000000     
                  984   0.0000000000000000     
                  985   0.0000000000000000     
                  986   0.0000000000000000     
                  987   0.0000000000000000     
                  988   1.1111111111111111E-007
                  989   0.0000000000000000     
                  990   0.0000000000000000     
                  991   0.0000000000000000     
                  992   0.0000000000000000     
                  993   0.0000000000000000     
                  994   0.0000000000000000     
                  995   0.0000000000000000     
                  996   0.0000000000000000     
                  997   0.0000000000000000     
                  998   0.0000000000000000     
                  999   0.0000000000000000     
                 1000   0.0000000000000000     
                 1001   0.0000000000000000     
                 1002   0.0000000000000000     
                 1003   0.0000000000000000     
                 1004   0.0000000000000000     
                 1005   0.0000000000000000     
                 1006   0.0000000000000000     
                 1007   0.0000000000000000     
                 1008   0.0000000000000000     
                 1009   0.0000000000000000     
                 1010   0.0000000000000000     
                 1011   0.0000000000000000     
                 1012   0.0000000000000000     
                 1013   0.0000000000000000     
                 1014   0.0000000000000000     
                 1015   0.0000000000000000     
                 1016   0.0000000000000000     
                 1017   0.0000000000000000     
                 1018   0.0000000000000000     
                 1019   0.0000000000000000     
                 1020   0.0000000000000000     
                 1021   0.0000000000000000     
                 1022   0.0000000000000000     
                 1023   0.0000000000000000     
                 1024   0.0000000000000000     
