                -1024   0.0000000000000000     
                -1023   0.0000000000000000     
                -1022   0.0000000000000000     
                -1021   0.0000000000000000     
                -1020   0.0000000000000000     
                -1019   0.0000000000000000     
                -1018   0.0000000000000000     
                -1017   0.0000000000000000     
                -1016   0.0000000000000000     
                -1015   0.0000000000000000     
                -1014   0.0000000000000000     
                -1013   0.0000000000000000     
                -1012   0.0000000000000000     
                -1011   0.0000000000000000     
                -1010   0.0000000000000000     
                -1009   0.0000000000000000     
                -1008   0.0000000000000000     
                -1007   0.0000000000000000     
                -1006   0.0000000000000000     
                -1005   0.0000000000000000     
                -1004   0.0000000000000000     
                -1003   0.0000000000000000     
                -1002   0.0000000000000000     
                -1001   0.0000000000000000     
                -1000   0.0000000000000000     
                 -999   0.0000000000000000     
                 -998   0.0000000000000000     
                 -997   0.0000000000000000     
                 -996   0.0000000000000000     
                 -995   0.0000000000000000     
                 -994   0.0000000000000000     
                 -993   0.0000000000000000     
                 -992   0.0000000000000000     
                 -991   0.0000000000000000     
                 -990   0.0000000000000000     
                 -989   0.0000000000000000     
                 -988   0.0000000000000000     
                 -987   0.0000000000000000     
                 -986   0.0000000000000000     
                 -985   0.0000000000000000     
                 -984   0.0000000000000000     
                 -983   0.0000000000000000     
                 -982   0.0000000000000000     
                 -981   0.0000000000000000     
                 -980   0.0000000000000000     
                 -979   0.0000000000000000     
                 -978   0.0000000000000000     
                 -977   0.0000000000000000     
                 -976   0.0000000000000000     
                 -975   0.0000000000000000     
                 -974   0.0000000000000000     
                 -973   0.0000000000000000     
                 -972   0.0000000000000000     
                 -971   0.0000000000000000     
                 -970   0.0000000000000000     
                 -969   0.0000000000000000     
                 -968   0.0000000000000000     
                 -967   0.0000000000000000     
                 -966   0.0000000000000000     
                 -965   0.0000000000000000     
                 -964   0.0000000000000000     
                 -963   0.0000000000000000     
                 -962   0.0000000000000000     
                 -961   0.0000000000000000     
                 -960   0.0000000000000000     
                 -959   0.0000000000000000     
                 -958   0.0000000000000000     
                 -957   0.0000000000000000     
                 -956   0.0000000000000000     
                 -955   0.0000000000000000     
                 -954   0.0000000000000000     
                 -953   0.0000000000000000     
                 -952   0.0000000000000000     
                 -951   0.0000000000000000     
                 -950   0.0000000000000000     
                 -949   0.0000000000000000     
                 -948   0.0000000000000000     
                 -947   0.0000000000000000     
                 -946   0.0000000000000000     
                 -945   0.0000000000000000     
                 -944   0.0000000000000000     
                 -943   0.0000000000000000     
                 -942   0.0000000000000000     
                 -941   0.0000000000000000     
                 -940   0.0000000000000000     
                 -939   0.0000000000000000     
                 -938   0.0000000000000000     
                 -937   0.0000000000000000     
                 -936   0.0000000000000000     
                 -935   0.0000000000000000     
                 -934   0.0000000000000000     
                 -933   0.0000000000000000     
                 -932   0.0000000000000000     
                 -931   0.0000000000000000     
                 -930   0.0000000000000000     
                 -929   0.0000000000000000     
                 -928   0.0000000000000000     
                 -927   0.0000000000000000     
                 -926   0.0000000000000000     
                 -925   0.0000000000000000     
                 -924   0.0000000000000000     
                 -923   0.0000000000000000     
                 -922   0.0000000000000000     
                 -921   0.0000000000000000     
                 -920   0.0000000000000000     
                 -919   0.0000000000000000     
                 -918   0.0000000000000000     
                 -917   0.0000000000000000     
                 -916   0.0000000000000000     
                 -915   0.0000000000000000     
                 -914   0.0000000000000000     
                 -913   0.0000000000000000     
                 -912   0.0000000000000000     
                 -911   0.0000000000000000     
                 -910   1.1111111111111111E-007
                 -909   0.0000000000000000     
                 -908   0.0000000000000000     
                 -907   0.0000000000000000     
                 -906   0.0000000000000000     
                 -905   0.0000000000000000     
                 -904   1.1111111111111111E-007
                 -903   0.0000000000000000     
                 -902   0.0000000000000000     
                 -901   0.0000000000000000     
                 -900   1.1111111111111111E-007
                 -899   0.0000000000000000     
                 -898   1.1111111111111111E-007
                 -897   0.0000000000000000     
                 -896   2.2222222222222222E-007
                 -895   0.0000000000000000     
                 -894   1.1111111111111111E-007
                 -893   0.0000000000000000     
                 -892   3.3333333333333335E-007
                 -891   0.0000000000000000     
                 -890   7.7777777777777779E-007
                 -889   0.0000000000000000     
                 -888   1.2222222222222221E-006
                 -887   0.0000000000000000     
                 -886   5.5555555555555552E-007
                 -885   0.0000000000000000     
                 -884   1.1111111111111110E-006
                 -883   0.0000000000000000     
                 -882   6.6666666666666671E-007
                 -881   0.0000000000000000     
                 -880   1.1111111111111110E-006
                 -879   0.0000000000000000     
                 -878   7.7777777777777779E-007
                 -877   0.0000000000000000     
                 -876   9.9999999999999995E-007
                 -875   0.0000000000000000     
                 -874   2.1111111111111110E-006
                 -873   0.0000000000000000     
                 -872   2.6666666666666668E-006
                 -871   0.0000000000000000     
                 -870   2.7777777777777779E-006
                 -869   0.0000000000000000     
                 -868   3.7777777777777777E-006
                 -867   0.0000000000000000     
                 -866   3.5555555555555555E-006
                 -865   0.0000000000000000     
                 -864   3.1111111111111112E-006
                 -863   0.0000000000000000     
                 -862   4.4444444444444441E-006
                 -861   0.0000000000000000     
                 -860   6.1111111111111112E-006
                 -859   0.0000000000000000     
                 -858   6.6666666666666666E-006
                 -857   0.0000000000000000     
                 -856   6.2222222222222223E-006
                 -855   0.0000000000000000     
                 -854   8.4444444444444440E-006
                 -853   0.0000000000000000     
                 -852   9.7777777777777770E-006
                 -851   0.0000000000000000     
                 -850   8.1111111111111116E-006
                 -849   0.0000000000000000     
                 -848   1.1333333333333334E-005
                 -847   0.0000000000000000     
                 -846   1.0000000000000001E-005
                 -845   0.0000000000000000     
                 -844   1.0777777777777778E-005
                 -843   0.0000000000000000     
                 -842   9.8888888888888889E-006
                 -841   0.0000000000000000     
                 -840   1.4111111111111112E-005
                 -839   0.0000000000000000     
                 -838   1.5999999999999999E-005
                 -837   0.0000000000000000     
                 -836   1.9666666666666666E-005
                 -835   0.0000000000000000     
                 -834   2.0888888888888890E-005
                 -833   0.0000000000000000     
                 -832   2.1666666666666667E-005
                 -831   0.0000000000000000     
                 -830   2.5000000000000001E-005
                 -829   0.0000000000000000     
                 -828   2.5000000000000001E-005
                 -827   0.0000000000000000     
                 -826   2.8444444444444444E-005
                 -825   0.0000000000000000     
                 -824   3.0888888888888886E-005
                 -823   0.0000000000000000     
                 -822   3.3444444444444443E-005
                 -821   0.0000000000000000     
                 -820   3.3444444444444443E-005
                 -819   0.0000000000000000     
                 -818   4.1666666666666665E-005
                 -817   0.0000000000000000     
                 -816   4.0888888888888892E-005
                 -815   0.0000000000000000     
                 -814   4.9777777777777779E-005
                 -813   0.0000000000000000     
                 -812   4.8666666666666666E-005
                 -811   0.0000000000000000     
                 -810   5.1000000000000000E-005
                 -809   0.0000000000000000     
                 -808   6.0888888888888890E-005
                 -807   0.0000000000000000     
                 -806   6.2888888888888885E-005
                 -805   0.0000000000000000     
                 -804   6.8333333333333332E-005
                 -803   0.0000000000000000     
                 -802   6.9999999999999994E-005
                 -801   0.0000000000000000     
                 -800   7.3222222222222216E-005
                 -799   0.0000000000000000     
                 -798   7.8111111111111114E-005
                 -797   0.0000000000000000     
                 -796   8.3999999999999995E-005
                 -795   0.0000000000000000     
                 -794   8.7222222222222218E-005
                 -793   0.0000000000000000     
                 -792   1.0211111111111111E-004
                 -791   0.0000000000000000     
                 -790   1.0122222222222222E-004
                 -789   0.0000000000000000     
                 -788   9.9555555555555557E-005
                 -787   0.0000000000000000     
                 -786   1.0922222222222222E-004
                 -785   0.0000000000000000     
                 -784   1.1033333333333334E-004
                 -783   0.0000000000000000     
                 -782   1.2388888888888888E-004
                 -781   0.0000000000000000     
                 -780   1.2144444444444445E-004
                 -779   0.0000000000000000     
                 -778   1.3066666666666665E-004
                 -777   0.0000000000000000     
                 -776   1.4711111111111112E-004
                 -775   0.0000000000000000     
                 -774   1.4844444444444445E-004
                 -773   0.0000000000000000     
                 -772   1.5577777777777777E-004
                 -771   0.0000000000000000     
                 -770   1.6977777777777778E-004
                 -769   0.0000000000000000     
                 -768   1.6877777777777778E-004
                 -767   0.0000000000000000     
                 -766   1.7677777777777779E-004
                 -765   0.0000000000000000     
                 -764   1.8588888888888889E-004
                 -763   0.0000000000000000     
                 -762   1.9911111111111111E-004
                 -761   0.0000000000000000     
                 -760   1.9744444444444445E-004
                 -759   0.0000000000000000     
                 -758   2.1488888888888889E-004
                 -757   0.0000000000000000     
                 -756   2.1622222222222222E-004
                 -755   0.0000000000000000     
                 -754   2.2977777777777778E-004
                 -753   0.0000000000000000     
                 -752   2.3788888888888888E-004
                 -751   0.0000000000000000     
                 -750   2.5466666666666666E-004
                 -749   0.0000000000000000     
                 -748   2.5788888888888888E-004
                 -747   0.0000000000000000     
                 -746   2.6200000000000003E-004
                 -745   0.0000000000000000     
                 -744   2.7777777777777778E-004
                 -743   0.0000000000000000     
                 -742   2.8833333333333331E-004
                 -741   0.0000000000000000     
                 -740   2.8577777777777776E-004
                 -739   0.0000000000000000     
                 -738   2.9955555555555557E-004
                 -737   0.0000000000000000     
                 -736   3.1599999999999998E-004
                 -735   0.0000000000000000     
                 -734   3.2277777777777779E-004
                 -733   0.0000000000000000     
                 -732   3.4111111111111110E-004
                 -731   0.0000000000000000     
                 -730   3.2944444444444444E-004
                 -729   0.0000000000000000     
                 -728   3.4966666666666669E-004
                 -727   0.0000000000000000     
                 -726   3.6088888888888889E-004
                 -725   0.0000000000000000     
                 -724   3.7055555555555556E-004
                 -723   0.0000000000000000     
                 -722   3.8455555555555557E-004
                 -721   0.0000000000000000     
                 -720   3.9700000000000000E-004
                 -719   0.0000000000000000     
                 -718   4.1188888888888888E-004
                 -717   0.0000000000000000     
                 -716   4.1766666666666666E-004
                 -715   0.0000000000000000     
                 -714   4.3233333333333334E-004
                 -713   0.0000000000000000     
                 -712   4.3244444444444445E-004
                 -711   0.0000000000000000     
                 -710   4.6188888888888891E-004
                 -709   0.0000000000000000     
                 -708   4.5877777777777779E-004
                 -707   0.0000000000000000     
                 -706   4.7133333333333332E-004
                 -705   0.0000000000000000     
                 -704   4.9177777777777783E-004
                 -703   0.0000000000000000     
                 -702   4.9511111111111110E-004
                 -701   0.0000000000000000     
                 -700   5.0411111111111110E-004
                 -699   0.0000000000000000     
                 -698   5.1500000000000005E-004
                 -697   0.0000000000000000     
                 -696   5.1977777777777775E-004
                 -695   0.0000000000000000     
                 -694   5.4233333333333336E-004
                 -693   0.0000000000000000     
                 -692   5.4322222222222217E-004
                 -691   0.0000000000000000     
                 -690   5.4888888888888891E-004
                 -689   0.0000000000000000     
                 -688   5.7922222222222218E-004
                 -687   0.0000000000000000     
                 -686   5.7511111111111109E-004
                 -685   0.0000000000000000     
                 -684   5.9555555555555555E-004
                 -683   0.0000000000000000     
                 -682   6.1233333333333333E-004
                 -681   0.0000000000000000     
                 -680   6.0733333333333331E-004
                 -679   0.0000000000000000     
                 -678   6.1477777777777778E-004
                 -677   0.0000000000000000     
                 -676   6.2455555555555561E-004
                 -675   0.0000000000000000     
                 -674   6.5466666666666668E-004
                 -673   0.0000000000000000     
                 -672   6.6122222222222222E-004
                 -671   0.0000000000000000     
                 -670   6.7322222222222219E-004
                 -669   0.0000000000000000     
                 -668   6.6577777777777783E-004
                 -667   0.0000000000000000     
                 -666   6.7444444444444442E-004
                 -665   0.0000000000000000     
                 -664   6.9622222222222221E-004
                 -663   0.0000000000000000     
                 -662   7.1333333333333329E-004
                 -661   0.0000000000000000     
                 -660   7.1266666666666668E-004
                 -659   0.0000000000000000     
                 -658   7.2466666666666664E-004
                 -657   0.0000000000000000     
                 -656   7.3444444444444447E-004
                 -655   0.0000000000000000     
                 -654   7.5600000000000005E-004
                 -653   0.0000000000000000     
                 -652   7.7066666666666668E-004
                 -651   0.0000000000000000     
                 -650   7.7222222222222221E-004
                 -649   0.0000000000000000     
                 -648   7.7822222222222225E-004
                 -647   0.0000000000000000     
                 -646   7.9166666666666665E-004
                 -645   0.0000000000000000     
                 -644   8.0611111111111107E-004
                 -643   0.0000000000000000     
                 -642   7.9611111111111115E-004
                 -641   0.0000000000000000     
                 -640   8.2211111111111113E-004
                 -639   0.0000000000000000     
                 -638   8.2977777777777781E-004
                 -637   0.0000000000000000     
                 -636   8.5188888888888890E-004
                 -635   0.0000000000000000     
                 -634   8.6255555555555554E-004
                 -633   0.0000000000000000     
                 -632   8.6177777777777782E-004
                 -631   0.0000000000000000     
                 -630   8.4988888888888885E-004
                 -629   0.0000000000000000     
                 -628   8.8311111111111110E-004
                 -627   0.0000000000000000     
                 -626   8.8866666666666662E-004
                 -625   0.0000000000000000     
                 -624   8.7877777777777780E-004
                 -623   0.0000000000000000     
                 -622   9.1022222222222221E-004
                 -621   0.0000000000000000     
                 -620   9.1644444444444445E-004
                 -619   0.0000000000000000     
                 -618   9.2288888888888889E-004
                 -617   0.0000000000000000     
                 -616   9.3344444444444443E-004
                 -615   0.0000000000000000     
                 -614   9.5388888888888889E-004
                 -613   0.0000000000000000     
                 -612   9.3700000000000001E-004
                 -611   0.0000000000000000     
                 -610   9.5655555555555554E-004
                 -609   0.0000000000000000     
                 -608   9.4200000000000002E-004
                 -607   0.0000000000000000     
                 -606   9.7166666666666669E-004
                 -605   0.0000000000000000     
                 -604   9.8244444444444442E-004
                 -603   0.0000000000000000     
                 -602   1.0035555555555555E-003
                 -601   0.0000000000000000     
                 -600   9.9722222222222226E-004
                 -599   0.0000000000000000     
                 -598   1.0191111111111110E-003
                 -597   0.0000000000000000     
                 -596   1.0404444444444445E-003
                 -595   0.0000000000000000     
                 -594   1.0314444444444444E-003
                 -593   0.0000000000000000     
                 -592   1.0398888888888888E-003
                 -591   0.0000000000000000     
                 -590   1.0449999999999999E-003
                 -589   0.0000000000000000     
                 -588   1.0534444444444445E-003
                 -587   0.0000000000000000     
                 -586   1.0785555555555555E-003
                 -585   0.0000000000000000     
                 -584   1.0716666666666667E-003
                 -583   0.0000000000000000     
                 -582   1.0677777777777777E-003
                 -581   0.0000000000000000     
                 -580   1.0986666666666666E-003
                 -579   0.0000000000000000     
                 -578   1.0774444444444445E-003
                 -577   0.0000000000000000     
                 -576   1.0925555555555556E-003
                 -575   0.0000000000000000     
                 -574   1.1370000000000000E-003
                 -573   0.0000000000000000     
                 -572   1.1203333333333334E-003
                 -571   0.0000000000000000     
                 -570   1.1311111111111112E-003
                 -569   0.0000000000000000     
                 -568   1.1429999999999999E-003
                 -567   0.0000000000000000     
                 -566   1.1424444444444444E-003
                 -565   0.0000000000000000     
                 -564   1.1367777777777778E-003
                 -563   0.0000000000000000     
                 -562   1.1484444444444443E-003
                 -561   0.0000000000000000     
                 -560   1.1501111111111111E-003
                 -559   0.0000000000000000     
                 -558   1.1592222222222223E-003
                 -557   0.0000000000000000     
                 -556   1.1745555555555556E-003
                 -555   0.0000000000000000     
                 -554   1.1981111111111112E-003
                 -553   0.0000000000000000     
                 -552   1.1997777777777777E-003
                 -551   0.0000000000000000     
                 -550   1.1944444444444444E-003
                 -549   0.0000000000000000     
                 -548   1.2036666666666667E-003
                 -547   0.0000000000000000     
                 -546   1.1891111111111111E-003
                 -545   0.0000000000000000     
                 -544   1.2073333333333333E-003
                 -543   0.0000000000000000     
                 -542   1.2073333333333333E-003
                 -541   0.0000000000000000     
                 -540   1.2417777777777778E-003
                 -539   0.0000000000000000     
                 -538   1.2570000000000001E-003
                 -537   0.0000000000000000     
                 -536   1.2409999999999999E-003
                 -535   0.0000000000000000     
                 -534   1.2542222222222223E-003
                 -533   0.0000000000000000     
                 -532   1.2544444444444445E-003
                 -531   0.0000000000000000     
                 -530   1.2728888888888889E-003
                 -529   0.0000000000000000     
                 -528   1.2648888888888890E-003
                 -527   0.0000000000000000     
                 -526   1.2610000000000000E-003
                 -525   0.0000000000000000     
                 -524   1.2953333333333332E-003
                 -523   0.0000000000000000     
                 -522   1.2860000000000000E-003
                 -521   0.0000000000000000     
                 -520   1.2996666666666666E-003
                 -519   0.0000000000000000     
                 -518   1.2905555555555556E-003
                 -517   0.0000000000000000     
                 -516   1.2951111111111110E-003
                 -515   0.0000000000000000     
                 -514   1.3250000000000000E-003
                 -513   0.0000000000000000     
                 -512   1.3102222222222222E-003
                 -511   0.0000000000000000     
                 -510   1.3353333333333333E-003
                 -509   0.0000000000000000     
                 -508   1.3439999999999999E-003
                 -507   0.0000000000000000     
                 -506   1.3406666666666667E-003
                 -505   0.0000000000000000     
                 -504   1.3371111111111112E-003
                 -503   0.0000000000000000     
                 -502   1.3565555555555555E-003
                 -501   0.0000000000000000     
                 -500   1.3640000000000000E-003
                 -499   0.0000000000000000     
                 -498   1.3601111111111112E-003
                 -497   0.0000000000000000     
                 -496   1.3542222222222222E-003
                 -495   0.0000000000000000     
                 -494   1.3995555555555556E-003
                 -493   0.0000000000000000     
                 -492   1.3712222222222222E-003
                 -491   0.0000000000000000     
                 -490   1.3683333333333334E-003
                 -489   0.0000000000000000     
                 -488   1.3807777777777779E-003
                 -487   0.0000000000000000     
                 -486   1.3878888888888888E-003
                 -485   0.0000000000000000     
                 -484   1.4210000000000000E-003
                 -483   0.0000000000000000     
                 -482   1.3858888888888890E-003
                 -481   0.0000000000000000     
                 -480   1.4208888888888889E-003
                 -479   0.0000000000000000     
                 -478   1.4268888888888888E-003
                 -477   0.0000000000000000     
                 -476   1.3924444444444444E-003
                 -475   0.0000000000000000     
                 -474   1.3926666666666666E-003
                 -473   0.0000000000000000     
                 -472   1.4303333333333334E-003
                 -471   0.0000000000000000     
                 -470   1.4438888888888889E-003
                 -469   0.0000000000000000     
                 -468   1.4196666666666667E-003
                 -467   0.0000000000000000     
                 -466   1.4200000000000000E-003
                 -465   0.0000000000000000     
                 -464   1.4392222222222222E-003
                 -463   0.0000000000000000     
                 -462   1.4412222222222222E-003
                 -461   0.0000000000000000     
                 -460   1.4597777777777777E-003
                 -459   0.0000000000000000     
                 -458   1.4644444444444444E-003
                 -457   0.0000000000000000     
                 -456   1.4817777777777778E-003
                 -455   0.0000000000000000     
                 -454   1.4718888888888889E-003
                 -453   0.0000000000000000     
                 -452   1.4577777777777777E-003
                 -451   0.0000000000000000     
                 -450   1.4723333333333333E-003
                 -449   0.0000000000000000     
                 -448   1.4700000000000000E-003
                 -447   0.0000000000000000     
                 -446   1.4768888888888889E-003
                 -445   0.0000000000000000     
                 -444   1.4736666666666667E-003
                 -443   0.0000000000000000     
                 -442   1.4950000000000000E-003
                 -441   0.0000000000000000     
                 -440   1.4847777777777778E-003
                 -439   0.0000000000000000     
                 -438   1.4787777777777779E-003
                 -437   0.0000000000000000     
                 -436   1.4859999999999999E-003
                 -435   0.0000000000000000     
                 -434   1.5025555555555556E-003
                 -433   0.0000000000000000     
                 -432   1.4918888888888890E-003
                 -431   0.0000000000000000     
                 -430   1.5102222222222223E-003
                 -429   0.0000000000000000     
                 -428   1.5095555555555557E-003
                 -427   0.0000000000000000     
                 -426   1.5048888888888889E-003
                 -425   0.0000000000000000     
                 -424   1.4758888888888890E-003
                 -423   0.0000000000000000     
                 -422   1.5052222222222222E-003
                 -421   0.0000000000000000     
                 -420   1.5297777777777777E-003
                 -419   0.0000000000000000     
                 -418   1.5067777777777777E-003
                 -417   0.0000000000000000     
                 -416   1.5319999999999999E-003
                 -415   0.0000000000000000     
                 -414   1.5110000000000000E-003
                 -413   0.0000000000000000     
                 -412   1.5223333333333334E-003
                 -411   0.0000000000000000     
                 -410   1.5257777777777778E-003
                 -409   0.0000000000000000     
                 -408   1.5314444444444444E-003
                 -407   0.0000000000000000     
                 -406   1.5385555555555556E-003
                 -405   0.0000000000000000     
                 -404   1.5218888888888888E-003
                 -403   0.0000000000000000     
                 -402   1.5447777777777777E-003
                 -401   0.0000000000000000     
                 -400   1.5003333333333333E-003
                 -399   0.0000000000000000     
                 -398   1.5494444444444444E-003
                 -397   0.0000000000000000     
                 -396   1.5561111111111112E-003
                 -395   0.0000000000000000     
                 -394   1.5653333333333333E-003
                 -393   0.0000000000000000     
                 -392   1.5444444444444444E-003
                 -391   0.0000000000000000     
                 -390   1.5501111111111110E-003
                 -389   0.0000000000000000     
                 -388   1.5556666666666666E-003
                 -387   0.0000000000000000     
                 -386   1.5330000000000001E-003
                 -385   0.0000000000000000     
                 -384   1.5568888888888889E-003
                 -383   0.0000000000000000     
                 -382   1.5402222222222221E-003
                 -381   0.0000000000000000     
                 -380   1.5663333333333334E-003
                 -379   0.0000000000000000     
                 -378   1.5353333333333334E-003
                 -377   0.0000000000000000     
                 -376   1.5507777777777779E-003
                 -375   0.0000000000000000     
                 -374   1.5737777777777777E-003
                 -373   0.0000000000000000     
                 -372   1.5511111111111112E-003
                 -371   0.0000000000000000     
                 -370   1.5681111111111111E-003
                 -369   0.0000000000000000     
                 -368   1.5712222222222221E-003
                 -367   0.0000000000000000     
                 -366   1.5478888888888888E-003
                 -365   0.0000000000000000     
                 -364   1.5652222222222222E-003
                 -363   0.0000000000000000     
                 -362   1.5674444444444444E-003
                 -361   0.0000000000000000     
                 -360   1.5678888888888888E-003
                 -359   0.0000000000000000     
                 -358   1.5574444444444444E-003
                 -357   0.0000000000000000     
                 -356   1.5842222222222223E-003
                 -355   0.0000000000000000     
                 -354   1.5805555555555555E-003
                 -353   0.0000000000000000     
                 -352   1.5895555555555556E-003
                 -351   0.0000000000000000     
                 -350   1.5745555555555556E-003
                 -349   0.0000000000000000     
                 -348   1.5852222222222222E-003
                 -347   0.0000000000000000     
                 -346   1.5558888888888890E-003
                 -345   0.0000000000000000     
                 -344   1.5824444444444445E-003
                 -343   0.0000000000000000     
                 -342   1.5923333333333334E-003
                 -341   0.0000000000000000     
                 -340   1.5889999999999999E-003
                 -339   0.0000000000000000     
                 -338   1.5943333333333332E-003
                 -337   0.0000000000000000     
                 -336   1.5898888888888889E-003
                 -335   0.0000000000000000     
                 -334   1.5742222222222223E-003
                 -333   0.0000000000000000     
                 -332   1.5947777777777779E-003
                 -331   0.0000000000000000     
                 -330   1.5465555555555556E-003
                 -329   0.0000000000000000     
                 -328   1.5608888888888888E-003
                 -327   0.0000000000000000     
                 -326   1.5752222222222222E-003
                 -325   0.0000000000000000     
                 -324   1.5737777777777777E-003
                 -323   0.0000000000000000     
                 -322   1.5788888888888888E-003
                 -321   0.0000000000000000     
                 -320   1.5796666666666667E-003
                 -319   0.0000000000000000     
                 -318   1.5891111111111110E-003
                 -317   0.0000000000000000     
                 -316   1.5874444444444445E-003
                 -315   0.0000000000000000     
                 -314   1.5788888888888888E-003
                 -313   0.0000000000000000     
                 -312   1.5882222222222222E-003
                 -311   0.0000000000000000     
                 -310   1.5685555555555555E-003
                 -309   0.0000000000000000     
                 -308   1.6065555555555555E-003
                 -307   0.0000000000000000     
                 -306   1.5870000000000001E-003
                 -305   0.0000000000000000     
                 -304   1.6065555555555555E-003
                 -303   0.0000000000000000     
                 -302   1.6130000000000001E-003
                 -301   0.0000000000000000     
                 -300   1.5952222222222223E-003
                 -299   0.0000000000000000     
                 -298   1.5861111111111111E-003
                 -297   0.0000000000000000     
                 -296   1.5955555555555556E-003
                 -295   0.0000000000000000     
                 -294   1.6007777777777778E-003
                 -293   0.0000000000000000     
                 -292   1.6081111111111112E-003
                 -291   0.0000000000000000     
                 -290   1.6354444444444444E-003
                 -289   0.0000000000000000     
                 -288   1.6066666666666666E-003
                 -287   0.0000000000000000     
                 -286   1.6094444444444444E-003
                 -285   0.0000000000000000     
                 -284   1.5848888888888889E-003
                 -283   0.0000000000000000     
                 -282   1.6046666666666666E-003
                 -281   0.0000000000000000     
                 -280   1.6173333333333333E-003
                 -279   0.0000000000000000     
                 -278   1.6238888888888889E-003
                 -277   0.0000000000000000     
                 -276   1.6190000000000000E-003
                 -275   0.0000000000000000     
                 -274   1.6104444444444445E-003
                 -273   0.0000000000000000     
                 -272   1.5943333333333332E-003
                 -271   0.0000000000000000     
                 -270   1.6067777777777777E-003
                 -269   0.0000000000000000     
                 -268   1.6068888888888888E-003
                 -267   0.0000000000000000     
                 -266   1.5995555555555555E-003
                 -265   0.0000000000000000     
                 -264   1.6085555555555556E-003
                 -263   0.0000000000000000     
                 -262   1.6164444444444444E-003
                 -261   0.0000000000000000     
                 -260   1.6025555555555556E-003
                 -259   0.0000000000000000     
                 -258   1.6393333333333334E-003
                 -257   0.0000000000000000     
                 -256   1.6236666666666667E-003
                 -255   0.0000000000000000     
                 -254   1.6112222222222222E-003
                 -253   0.0000000000000000     
                 -252   1.6240000000000000E-003
                 -251   0.0000000000000000     
                 -250   1.6315555555555556E-003
                 -249   0.0000000000000000     
                 -248   1.6182222222222223E-003
                 -247   0.0000000000000000     
                 -246   1.6313333333333334E-003
                 -245   0.0000000000000000     
                 -244   1.6270000000000000E-003
                 -243   0.0000000000000000     
                 -242   1.6222222222222222E-003
                 -241   0.0000000000000000     
                 -240   1.6228888888888890E-003
                 -239   0.0000000000000000     
                 -238   1.6296666666666666E-003
                 -237   0.0000000000000000     
                 -236   1.6122222222222221E-003
                 -235   0.0000000000000000     
                 -234   1.6268888888888889E-003
                 -233   0.0000000000000000     
                 -232   1.6350000000000000E-003
                 -231   0.0000000000000000     
                 -230   1.6247777777777777E-003
                 -229   0.0000000000000000     
                 -228   1.6185555555555556E-003
                 -227   0.0000000000000000     
                 -226   1.6345555555555555E-003
                 -225   0.0000000000000000     
                 -224   1.6043333333333333E-003
                 -223   0.0000000000000000     
                 -222   1.6203333333333334E-003
                 -221   0.0000000000000000     
                 -220   1.6691111111111110E-003
                 -219   0.0000000000000000     
                 -218   1.6205555555555556E-003
                 -217   0.0000000000000000     
                 -216   1.6521111111111111E-003
                 -215   0.0000000000000000     
                 -214   1.6366666666666667E-003
                 -213   0.0000000000000000     
                 -212   1.6376666666666666E-003
                 -211   0.0000000000000000     
                 -210   1.6333333333333334E-003
                 -209   0.0000000000000000     
                 -208   1.6254444444444445E-003
                 -207   0.0000000000000000     
                 -206   1.6176666666666666E-003
                 -205   0.0000000000000000     
                 -204   1.6336666666666667E-003
                 -203   0.0000000000000000     
                 -202   1.6524444444444444E-003
                 -201   0.0000000000000000     
                 -200   1.6424444444444444E-003
                 -199   0.0000000000000000     
                 -198   1.6076666666666667E-003
                 -197   0.0000000000000000     
                 -196   1.6299999999999999E-003
                 -195   0.0000000000000000     
                 -194   1.6277777777777777E-003
                 -193   0.0000000000000000     
                 -192   1.6525555555555555E-003
                 -191   0.0000000000000000     
                 -190   1.6048888888888890E-003
                 -189   0.0000000000000000     
                 -188   1.6575555555555556E-003
                 -187   0.0000000000000000     
                 -186   1.6424444444444444E-003
                 -185   0.0000000000000000     
                 -184   1.6043333333333333E-003
                 -183   0.0000000000000000     
                 -182   1.6313333333333334E-003
                 -181   0.0000000000000000     
                 -180   1.6246666666666666E-003
                 -179   0.0000000000000000     
                 -178   1.6382222222222221E-003
                 -177   0.0000000000000000     
                 -176   1.6416666666666667E-003
                 -175   0.0000000000000000     
                 -174   1.6142222222222222E-003
                 -173   0.0000000000000000     
                 -172   1.6445555555555556E-003
                 -171   0.0000000000000000     
                 -170   1.6157777777777778E-003
                 -169   0.0000000000000000     
                 -168   1.6296666666666666E-003
                 -167   0.0000000000000000     
                 -166   1.6423333333333333E-003
                 -165   0.0000000000000000     
                 -164   1.6304444444444443E-003
                 -163   0.0000000000000000     
                 -162   1.6294444444444444E-003
                 -161   0.0000000000000000     
                 -160   1.6314444444444445E-003
                 -159   0.0000000000000000     
                 -158   1.6287777777777778E-003
                 -157   0.0000000000000000     
                 -156   1.6084444444444445E-003
                 -155   0.0000000000000000     
                 -154   1.6287777777777778E-003
                 -153   0.0000000000000000     
                 -152   1.6169999999999999E-003
                 -151   0.0000000000000000     
                 -150   1.6078888888888890E-003
                 -149   0.0000000000000000     
                 -148   1.6494444444444445E-003
                 -147   0.0000000000000000     
                 -146   1.6294444444444444E-003
                 -145   0.0000000000000000     
                 -144   1.6661111111111110E-003
                 -143   0.0000000000000000     
                 -142   1.6377777777777777E-003
                 -141   0.0000000000000000     
                 -140   1.6231111111111112E-003
                 -139   0.0000000000000000     
                 -138   1.6222222222222222E-003
                 -137   0.0000000000000000     
                 -136   1.6302222222222221E-003
                 -135   0.0000000000000000     
                 -134   1.6344444444444444E-003
                 -133   0.0000000000000000     
                 -132   1.6287777777777778E-003
                 -131   0.0000000000000000     
                 -130   1.6081111111111112E-003
                 -129   0.0000000000000000     
                 -128   1.6031111111111111E-003
                 -127   0.0000000000000000     
                 -126   1.6153333333333334E-003
                 -125   0.0000000000000000     
                 -124   1.6374444444444444E-003
                 -123   0.0000000000000000     
                 -122   1.6135555555555556E-003
                 -121   0.0000000000000000     
                 -120   1.5984444444444444E-003
                 -119   0.0000000000000000     
                 -118   1.6398888888888889E-003
                 -117   0.0000000000000000     
                 -116   1.6202222222222221E-003
                 -115   0.0000000000000000     
                 -114   1.6165555555555555E-003
                 -113   0.0000000000000000     
                 -112   1.6090000000000000E-003
                 -111   0.0000000000000000     
                 -110   1.6263333333333334E-003
                 -109   0.0000000000000000     
                 -108   1.6446666666666667E-003
                 -107   0.0000000000000000     
                 -106   1.6503333333333333E-003
                 -105   0.0000000000000000     
                 -104   1.6183333333333334E-003
                 -103   0.0000000000000000     
                 -102   1.6211111111111111E-003
                 -101   0.0000000000000000     
                 -100   1.6262222222222223E-003
                  -99   0.0000000000000000     
                  -98   1.6249999999999999E-003
                  -97   0.0000000000000000     
                  -96   1.6176666666666666E-003
                  -95   0.0000000000000000     
                  -94   1.6306666666666668E-003
                  -93   0.0000000000000000     
                  -92   1.6401111111111111E-003
                  -91   0.0000000000000000     
                  -90   1.6258888888888890E-003
                  -89   0.0000000000000000     
                  -88   1.6255555555555557E-003
                  -87   0.0000000000000000     
                  -86   1.6304444444444443E-003
                  -85   0.0000000000000000     
                  -84   1.6343333333333333E-003
                  -83   0.0000000000000000     
                  -82   1.6265555555555556E-003
                  -81   0.0000000000000000     
                  -80   1.6111111111111111E-003
                  -79   0.0000000000000000     
                  -78   1.6257777777777779E-003
                  -77   0.0000000000000000     
                  -76   1.6102222222222223E-003
                  -75   0.0000000000000000     
                  -74   1.5992222222222221E-003
                  -73   0.0000000000000000     
                  -72   1.6096666666666666E-003
                  -71   0.0000000000000000     
                  -70   1.6119999999999999E-003
                  -69   0.0000000000000000     
                  -68   1.6396666666666667E-003
                  -67   0.0000000000000000     
                  -66   1.6202222222222221E-003
                  -65   0.0000000000000000     
                  -64   1.6355555555555555E-003
                  -63   0.0000000000000000     
                  -62   1.6058888888888889E-003
                  -61   0.0000000000000000     
                  -60   1.6182222222222223E-003
                  -59   0.0000000000000000     
                  -58   1.6478888888888888E-003
                  -57   0.0000000000000000     
                  -56   1.6069999999999999E-003
                  -55   0.0000000000000000     
                  -54   1.6284444444444445E-003
                  -53   0.0000000000000000     
                  -52   1.6331111111111110E-003
                  -51   0.0000000000000000     
                  -50   1.6145555555555555E-003
                  -49   0.0000000000000000     
                  -48   1.6142222222222222E-003
                  -47   0.0000000000000000     
                  -46   1.6160000000000000E-003
                  -45   0.0000000000000000     
                  -44   1.6076666666666667E-003
                  -43   0.0000000000000000     
                  -42   1.6091111111111111E-003
                  -41   0.0000000000000000     
                  -40   1.6090000000000000E-003
                  -39   0.0000000000000000     
                  -38   1.6450000000000000E-003
                  -37   0.0000000000000000     
                  -36   1.6053333333333334E-003
                  -35   0.0000000000000000     
                  -34   1.6275555555555555E-003
                  -33   0.0000000000000000     
                  -32   1.6264444444444445E-003
                  -31   0.0000000000000000     
                  -30   1.6097777777777777E-003
                  -29   0.0000000000000000     
                  -28   1.6348888888888888E-003
                  -27   0.0000000000000000     
                  -26   1.6428888888888888E-003
                  -25   0.0000000000000000     
                  -24   1.5965555555555555E-003
                  -23   0.0000000000000000     
                  -22   1.6000000000000001E-003
                  -21   0.0000000000000000     
                  -20   1.6323333333333333E-003
                  -19   0.0000000000000000     
                  -18   1.6204444444444445E-003
                  -17   0.0000000000000000     
                  -16   1.6283333333333334E-003
                  -15   0.0000000000000000     
                  -14   1.6037777777777778E-003
                  -13   0.0000000000000000     
                  -12   1.6281111111111112E-003
                  -11   0.0000000000000000     
                  -10   1.6217777777777778E-003
                   -9   0.0000000000000000     
                   -8   1.6067777777777777E-003
                   -7   0.0000000000000000     
                   -6   1.6135555555555556E-003
                   -5   0.0000000000000000     
                   -4   1.6282222222222223E-003
                   -3   0.0000000000000000     
                   -2   1.6328888888888888E-003
                   -1   0.0000000000000000     
                    0   1.6115555555555555E-003
                    1   0.0000000000000000     
                    2   1.6208888888888889E-003
                    3   0.0000000000000000     
                    4   1.6268888888888889E-003
                    5   0.0000000000000000     
                    6   1.6173333333333333E-003
                    7   0.0000000000000000     
                    8   1.6227777777777777E-003
                    9   0.0000000000000000     
                   10   1.6204444444444445E-003
                   11   0.0000000000000000     
                   12   1.6403333333333333E-003
                   13   0.0000000000000000     
                   14   1.6175555555555555E-003
                   15   0.0000000000000000     
                   16   1.6357777777777779E-003
                   17   0.0000000000000000     
                   18   1.6152222222222223E-003
                   19   0.0000000000000000     
                   20   1.6204444444444445E-003
                   21   0.0000000000000000     
                   22   1.6491111111111112E-003
                   23   0.0000000000000000     
                   24   1.6124444444444443E-003
                   25   0.0000000000000000     
                   26   1.6068888888888888E-003
                   27   0.0000000000000000     
                   28   1.6286666666666667E-003
                   29   0.0000000000000000     
                   30   1.6396666666666667E-003
                   31   0.0000000000000000     
                   32   1.6205555555555556E-003
                   33   0.0000000000000000     
                   34   1.6256666666666668E-003
                   35   0.0000000000000000     
                   36   1.6205555555555556E-003
                   37   0.0000000000000000     
                   38   1.6003333333333334E-003
                   39   0.0000000000000000     
                   40   1.6263333333333334E-003
                   41   0.0000000000000000     
                   42   1.5989999999999999E-003
                   43   0.0000000000000000     
                   44   1.6345555555555555E-003
                   45   0.0000000000000000     
                   46   1.6058888888888889E-003
                   47   0.0000000000000000     
                   48   1.6197777777777777E-003
                   49   0.0000000000000000     
                   50   1.6341111111111111E-003
                   51   0.0000000000000000     
                   52   1.6286666666666667E-003
                   53   0.0000000000000000     
                   54   1.6027777777777778E-003
                   55   0.0000000000000000     
                   56   1.6312222222222223E-003
                   57   0.0000000000000000     
                   58   1.6093333333333333E-003
                   59   0.0000000000000000     
                   60   1.6362222222222223E-003
                   61   0.0000000000000000     
                   62   1.6033333333333333E-003
                   63   0.0000000000000000     
                   64   1.6248888888888888E-003
                   65   0.0000000000000000     
                   66   1.6056666666666667E-003
                   67   0.0000000000000000     
                   68   1.6078888888888890E-003
                   69   0.0000000000000000     
                   70   1.5921111111111112E-003
                   71   0.0000000000000000     
                   72   1.6121111111111110E-003
                   73   0.0000000000000000     
                   74   1.6053333333333334E-003
                   75   0.0000000000000000     
                   76   1.6124444444444443E-003
                   77   0.0000000000000000     
                   78   1.5896666666666667E-003
                   79   0.0000000000000000     
                   80   1.6051111111111112E-003
                   81   0.0000000000000000     
                   82   1.6149999999999999E-003
                   83   0.0000000000000000     
                   84   1.6153333333333334E-003
                   85   0.0000000000000000     
                   86   1.6323333333333333E-003
                   87   0.0000000000000000     
                   88   1.6071111111111110E-003
                   89   0.0000000000000000     
                   90   1.6123333333333332E-003
                   91   0.0000000000000000     
                   92   1.6199999999999999E-003
                   93   0.0000000000000000     
                   94   1.6114444444444444E-003
                   95   0.0000000000000000     
                   96   1.6195555555555555E-003
                   97   0.0000000000000000     
                   98   1.6019999999999999E-003
                   99   0.0000000000000000     
                  100   1.6329999999999999E-003
                  101   0.0000000000000000     
                  102   1.6224444444444444E-003
                  103   0.0000000000000000     
                  104   1.6033333333333333E-003
                  105   0.0000000000000000     
                  106   1.6118888888888888E-003
                  107   0.0000000000000000     
                  108   1.5878888888888889E-003
                  109   0.0000000000000000     
                  110   1.5981111111111111E-003
                  111   0.0000000000000000     
                  112   1.6034444444444444E-003
                  113   0.0000000000000000     
                  114   1.6201111111111110E-003
                  115   0.0000000000000000     
                  116   1.5771111111111112E-003
                  117   0.0000000000000000     
                  118   1.6092222222222222E-003
                  119   0.0000000000000000     
                  120   1.6046666666666666E-003
                  121   0.0000000000000000     
                  122   1.6071111111111110E-003
                  123   0.0000000000000000     
                  124   1.5846666666666667E-003
                  125   0.0000000000000000     
                  126   1.5856666666666666E-003
                  127   0.0000000000000000     
                  128   1.6140000000000000E-003
                  129   0.0000000000000000     
                  130   1.6145555555555555E-003
                  131   0.0000000000000000     
                  132   1.5976666666666667E-003
                  133   0.0000000000000000     
                  134   1.6288888888888889E-003
                  135   0.0000000000000000     
                  136   1.6093333333333333E-003
                  137   0.0000000000000000     
                  138   1.6069999999999999E-003
                  139   0.0000000000000000     
                  140   1.5820000000000001E-003
                  141   0.0000000000000000     
                  142   1.6073333333333332E-003
                  143   0.0000000000000000     
                  144   1.5980000000000000E-003
                  145   0.0000000000000000     
                  146   1.6030000000000000E-003
                  147   0.0000000000000000     
                  148   1.5839999999999999E-003
                  149   0.0000000000000000     
                  150   1.5640000000000001E-003
                  151   0.0000000000000000     
                  152   1.6151111111111112E-003
                  153   0.0000000000000000     
                  154   1.6044444444444444E-003
                  155   0.0000000000000000     
                  156   1.6067777777777777E-003
                  157   0.0000000000000000     
                  158   1.5780000000000000E-003
                  159   0.0000000000000000     
                  160   1.6017777777777777E-003
                  161   0.0000000000000000     
                  162   1.5956666666666667E-003
                  163   0.0000000000000000     
                  164   1.5946666666666668E-003
                  165   0.0000000000000000     
                  166   1.5994444444444444E-003
                  167   0.0000000000000000     
                  168   1.6026666666666667E-003
                  169   0.0000000000000000     
                  170   1.5943333333333332E-003
                  171   0.0000000000000000     
                  172   1.6112222222222222E-003
                  173   0.0000000000000000     
                  174   1.6056666666666667E-003
                  175   0.0000000000000000     
                  176   1.5939999999999999E-003
                  177   0.0000000000000000     
                  178   1.5791111111111112E-003
                  179   0.0000000000000000     
                  180   1.5946666666666668E-003
                  181   0.0000000000000000     
                  182   1.6225555555555555E-003
                  183   0.0000000000000000     
                  184   1.6142222222222222E-003
                  185   0.0000000000000000     
                  186   1.5646666666666667E-003
                  187   0.0000000000000000     
                  188   1.5806666666666666E-003
                  189   0.0000000000000000     
                  190   1.6122222222222221E-003
                  191   0.0000000000000000     
                  192   1.5977777777777778E-003
                  193   0.0000000000000000     
                  194   1.6050000000000001E-003
                  195   0.0000000000000000     
                  196   1.5876666666666667E-003
                  197   0.0000000000000000     
                  198   1.5776666666666667E-003
                  199   0.0000000000000000     
                  200   1.5767777777777779E-003
                  201   0.0000000000000000     
                  202   1.5586666666666668E-003
                  203   0.0000000000000000     
                  204   1.5815555555555554E-003
                  205   0.0000000000000000     
                  206   1.5964444444444444E-003
                  207   0.0000000000000000     
                  208   1.6030000000000000E-003
                  209   0.0000000000000000     
                  210   1.6071111111111110E-003
                  211   0.0000000000000000     
                  212   1.6064444444444444E-003
                  213   0.0000000000000000     
                  214   1.5763333333333332E-003
                  215   0.0000000000000000     
                  216   1.6064444444444444E-003
                  217   0.0000000000000000     
                  218   1.5844444444444445E-003
                  219   0.0000000000000000     
                  220   1.6162222222222222E-003
                  221   0.0000000000000000     
                  222   1.5972222222222223E-003
                  223   0.0000000000000000     
                  224   1.5960000000000000E-003
                  225   0.0000000000000000     
                  226   1.6023333333333334E-003
                  227   0.0000000000000000     
                  228   1.5805555555555555E-003
                  229   0.0000000000000000     
                  230   1.5960000000000000E-003
                  231   0.0000000000000000     
                  232   1.5903333333333334E-003
                  233   0.0000000000000000     
                  234   1.5823333333333334E-003
                  235   0.0000000000000000     
                  236   1.6084444444444445E-003
                  237   0.0000000000000000     
                  238   1.5756666666666666E-003
                  239   0.0000000000000000     
                  240   1.5691111111111112E-003
                  241   0.0000000000000000     
                  242   1.6097777777777777E-003
                  243   0.0000000000000000     
                  244   1.5961111111111111E-003
                  245   0.0000000000000000     
                  246   1.5874444444444445E-003
                  247   0.0000000000000000     
                  248   1.6004444444444445E-003
                  249   0.0000000000000000     
                  250   1.5771111111111112E-003
                  251   0.0000000000000000     
                  252   1.5961111111111111E-003
                  253   0.0000000000000000     
                  254   1.5983333333333333E-003
                  255   0.0000000000000000     
                  256   1.5953333333333334E-003
                  257   0.0000000000000000     
                  258   1.5933333333333333E-003
                  259   0.0000000000000000     
                  260   1.5801111111111111E-003
                  261   0.0000000000000000     
                  262   1.6013333333333333E-003
                  263   0.0000000000000000     
                  264   1.5941111111111110E-003
                  265   0.0000000000000000     
                  266   1.5889999999999999E-003
                  267   0.0000000000000000     
                  268   1.5930000000000000E-003
                  269   0.0000000000000000     
                  270   1.5763333333333332E-003
                  271   0.0000000000000000     
                  272   1.5747777777777778E-003
                  273   0.0000000000000000     
                  274   1.5741111111111112E-003
                  275   0.0000000000000000     
                  276   1.5641111111111112E-003
                  277   0.0000000000000000     
                  278   1.5610000000000001E-003
                  279   0.0000000000000000     
                  280   1.5655555555555555E-003
                  281   0.0000000000000000     
                  282   1.5717777777777778E-003
                  283   0.0000000000000000     
                  284   1.5510000000000001E-003
                  285   0.0000000000000000     
                  286   1.5707777777777777E-003
                  287   0.0000000000000000     
                  288   1.5757777777777777E-003
                  289   0.0000000000000000     
                  290   1.5670000000000000E-003
                  291   0.0000000000000000     
                  292   1.5766666666666668E-003
                  293   0.0000000000000000     
                  294   1.5852222222222222E-003
                  295   0.0000000000000000     
                  296   1.5659999999999999E-003
                  297   0.0000000000000000     
                  298   1.5621111111111111E-003
                  299   0.0000000000000000     
                  300   1.5642222222222223E-003
                  301   0.0000000000000000     
                  302   1.5593333333333334E-003
                  303   0.0000000000000000     
                  304   1.5706666666666666E-003
                  305   0.0000000000000000     
                  306   1.5529999999999999E-003
                  307   0.0000000000000000     
                  308   1.5581111111111110E-003
                  309   0.0000000000000000     
                  310   1.5494444444444444E-003
                  311   0.0000000000000000     
                  312   1.5556666666666666E-003
                  313   0.0000000000000000     
                  314   1.5280000000000001E-003
                  315   0.0000000000000000     
                  316   1.5348888888888888E-003
                  317   0.0000000000000000     
                  318   1.5283333333333334E-003
                  319   0.0000000000000000     
                  320   1.5295555555555555E-003
                  321   0.0000000000000000     
                  322   1.5515555555555556E-003
                  323   0.0000000000000000     
                  324   1.5393333333333333E-003
                  325   0.0000000000000000     
                  326   1.5412222222222223E-003
                  327   0.0000000000000000     
                  328   1.5520000000000000E-003
                  329   0.0000000000000000     
                  330   1.5299999999999999E-003
                  331   0.0000000000000000     
                  332   1.5186666666666666E-003
                  333   0.0000000000000000     
                  334   1.5336666666666667E-003
                  335   0.0000000000000000     
                  336   1.5191111111111111E-003
                  337   0.0000000000000000     
                  338   1.5364444444444444E-003
                  339   0.0000000000000000     
                  340   1.5456666666666668E-003
                  341   0.0000000000000000     
                  342   1.5383333333333334E-003
                  343   0.0000000000000000     
                  344   1.5020000000000001E-003
                  345   0.0000000000000000     
                  346   1.5136666666666666E-003
                  347   0.0000000000000000     
                  348   1.5312222222222222E-003
                  349   0.0000000000000000     
                  350   1.5363333333333333E-003
                  351   0.0000000000000000     
                  352   1.5084444444444444E-003
                  353   0.0000000000000000     
                  354   1.4943333333333334E-003
                  355   0.0000000000000000     
                  356   1.5006666666666666E-003
                  357   0.0000000000000000     
                  358   1.5071111111111112E-003
                  359   0.0000000000000000     
                  360   1.5091111111111110E-003
                  361   0.0000000000000000     
                  362   1.4713333333333334E-003
                  363   0.0000000000000000     
                  364   1.5077777777777778E-003
                  365   0.0000000000000000     
                  366   1.4988888888888888E-003
                  367   0.0000000000000000     
                  368   1.4900000000000000E-003
                  369   0.0000000000000000     
                  370   1.4868888888888889E-003
                  371   0.0000000000000000     
                  372   1.5092222222222221E-003
                  373   0.0000000000000000     
                  374   1.4742222222222223E-003
                  375   0.0000000000000000     
                  376   1.5064444444444444E-003
                  377   0.0000000000000000     
                  378   1.5003333333333333E-003
                  379   0.0000000000000000     
                  380   1.4641111111111111E-003
                  381   0.0000000000000000     
                  382   1.5031111111111111E-003
                  383   0.0000000000000000     
                  384   1.4857777777777777E-003
                  385   0.0000000000000000     
                  386   1.4631111111111112E-003
                  387   0.0000000000000000     
                  388   1.4685555555555556E-003
                  389   0.0000000000000000     
                  390   1.4511111111111111E-003
                  391   0.0000000000000000     
                  392   1.4717777777777778E-003
                  393   0.0000000000000000     
                  394   1.4638888888888889E-003
                  395   0.0000000000000000     
                  396   1.4632222222222223E-003
                  397   0.0000000000000000     
                  398   1.4614444444444445E-003
                  399   0.0000000000000000     
                  400   1.4526666666666666E-003
                  401   0.0000000000000000     
                  402   1.4599999999999999E-003
                  403   0.0000000000000000     
                  404   1.4591111111111111E-003
                  405   0.0000000000000000     
                  406   1.4469999999999999E-003
                  407   0.0000000000000000     
                  408   1.4658888888888890E-003
                  409   0.0000000000000000     
                  410   1.4671111111111111E-003
                  411   0.0000000000000000     
                  412   1.4285555555555555E-003
                  413   0.0000000000000000     
                  414   1.4453333333333334E-003
                  415   0.0000000000000000     
                  416   1.4694444444444444E-003
                  417   0.0000000000000000     
                  418   1.4465555555555555E-003
                  419   0.0000000000000000     
                  420   1.4476666666666668E-003
                  421   0.0000000000000000     
                  422   1.4317777777777777E-003
                  423   0.0000000000000000     
                  424   1.4187777777777777E-003
                  425   0.0000000000000000     
                  426   1.4270000000000001E-003
                  427   0.0000000000000000     
                  428   1.4193333333333334E-003
                  429   0.0000000000000000     
                  430   1.4244444444444445E-003
                  431   0.0000000000000000     
                  432   1.4222222222222223E-003
                  433   0.0000000000000000     
                  434   1.4415555555555555E-003
                  435   0.0000000000000000     
                  436   1.4012222222222223E-003
                  437   0.0000000000000000     
                  438   1.4085555555555555E-003
                  439   0.0000000000000000     
                  440   1.3948888888888889E-003
                  441   0.0000000000000000     
                  442   1.3979999999999999E-003
                  443   0.0000000000000000     
                  444   1.4138888888888888E-003
                  445   0.0000000000000000     
                  446   1.3983333333333332E-003
                  447   0.0000000000000000     
                  448   1.3810000000000001E-003
                  449   0.0000000000000000     
                  450   1.3877777777777777E-003
                  451   0.0000000000000000     
                  452   1.4028888888888888E-003
                  453   0.0000000000000000     
                  454   1.3825555555555555E-003
                  455   0.0000000000000000     
                  456   1.3902222222222222E-003
                  457   0.0000000000000000     
                  458   1.3641111111111111E-003
                  459   0.0000000000000000     
                  460   1.3906666666666666E-003
                  461   0.0000000000000000     
                  462   1.3902222222222222E-003
                  463   0.0000000000000000     
                  464   1.3687777777777778E-003
                  465   0.0000000000000000     
                  466   1.3696666666666666E-003
                  467   0.0000000000000000     
                  468   1.3792222222222222E-003
                  469   0.0000000000000000     
                  470   1.3514444444444444E-003
                  471   0.0000000000000000     
                  472   1.3376666666666667E-003
                  473   0.0000000000000000     
                  474   1.3542222222222222E-003
                  475   0.0000000000000000     
                  476   1.3540000000000000E-003
                  477   0.0000000000000000     
                  478   1.3271111111111112E-003
                  479   0.0000000000000000     
                  480   1.3506666666666667E-003
                  481   0.0000000000000000     
                  482   1.3309999999999999E-003
                  483   0.0000000000000000     
                  484   1.3401111111111111E-003
                  485   0.0000000000000000     
                  486   1.3106666666666666E-003
                  487   0.0000000000000000     
                  488   1.3523333333333334E-003
                  489   0.0000000000000000     
                  490   1.3045555555555555E-003
                  491   0.0000000000000000     
                  492   1.3298888888888889E-003
                  493   0.0000000000000000     
                  494   1.3098888888888889E-003
                  495   0.0000000000000000     
                  496   1.2997777777777777E-003
                  497   0.0000000000000000     
                  498   1.2803333333333334E-003
                  499   0.0000000000000000     
                  500   1.3014444444444445E-003
                  501   0.0000000000000000     
                  502   1.2795555555555555E-003
                  503   0.0000000000000000     
                  504   1.2880000000000001E-003
                  505   0.0000000000000000     
                  506   1.2754444444444445E-003
                  507   0.0000000000000000     
                  508   1.2804444444444445E-003
                  509   0.0000000000000000     
                  510   1.2625555555555556E-003
                  511   0.0000000000000000     
                  512   1.2725555555555556E-003
                  513   0.0000000000000000     
                  514   1.2513333333333332E-003
                  515   0.0000000000000000     
                  516   1.2440000000000001E-003
                  517   0.0000000000000000     
                  518   1.2769999999999999E-003
                  519   0.0000000000000000     
                  520   1.2414444444444445E-003
                  521   0.0000000000000000     
                  522   1.2402222222222222E-003
                  523   0.0000000000000000     
                  524   1.2448888888888889E-003
                  525   0.0000000000000000     
                  526   1.1985555555555556E-003
                  527   0.0000000000000000     
                  528   1.2375555555555555E-003
                  529   0.0000000000000000     
                  530   1.2238888888888889E-003
                  531   0.0000000000000000     
                  532   1.2166666666666667E-003
                  533   0.0000000000000000     
                  534   1.2247777777777778E-003
                  535   0.0000000000000000     
                  536   1.2016666666666666E-003
                  537   0.0000000000000000     
                  538   1.2072222222222222E-003
                  539   0.0000000000000000     
                  540   1.1868888888888888E-003
                  541   0.0000000000000000     
                  542   1.1906666666666667E-003
                  543   0.0000000000000000     
                  544   1.1738888888888888E-003
                  545   0.0000000000000000     
                  546   1.1687777777777777E-003
                  547   0.0000000000000000     
                  548   1.1706666666666666E-003
                  549   0.0000000000000000     
                  550   1.1616666666666668E-003
                  551   0.0000000000000000     
                  552   1.1618888888888890E-003
                  553   0.0000000000000000     
                  554   1.1547777777777778E-003
                  555   0.0000000000000000     
                  556   1.1393333333333333E-003
                  557   0.0000000000000000     
                  558   1.1354444444444443E-003
                  559   0.0000000000000000     
                  560   1.1032222222222222E-003
                  561   0.0000000000000000     
                  562   1.1210000000000000E-003
                  563   0.0000000000000000     
                  564   1.1266666666666667E-003
                  565   0.0000000000000000     
                  566   1.1021111111111112E-003
                  567   0.0000000000000000     
                  568   1.0883333333333333E-003
                  569   0.0000000000000000     
                  570   1.0873333333333334E-003
                  571   0.0000000000000000     
                  572   1.0614444444444445E-003
                  573   0.0000000000000000     
                  574   1.0734444444444444E-003
                  575   0.0000000000000000     
                  576   1.0808888888888888E-003
                  577   0.0000000000000000     
                  578   1.0725555555555555E-003
                  579   0.0000000000000000     
                  580   1.0472222222222222E-003
                  581   0.0000000000000000     
                  582   1.0538888888888889E-003
                  583   0.0000000000000000     
                  584   1.0219999999999999E-003
                  585   0.0000000000000000     
                  586   1.0221111111111110E-003
                  587   0.0000000000000000     
                  588   1.0250000000000001E-003
                  589   0.0000000000000000     
                  590   1.0336666666666667E-003
                  591   0.0000000000000000     
                  592   1.0011111111111110E-003
                  593   0.0000000000000000     
                  594   1.0128888888888889E-003
                  595   0.0000000000000000     
                  596   1.0023333333333334E-003
                  597   0.0000000000000000     
                  598   9.7511111111111106E-004
                  599   0.0000000000000000     
                  600   9.7211111111111109E-004
                  601   0.0000000000000000     
                  602   9.6055555555555553E-004
                  603   0.0000000000000000     
                  604   9.8333333333333324E-004
                  605   0.0000000000000000     
                  606   9.6133333333333335E-004
                  607   0.0000000000000000     
                  608   9.3599999999999998E-004
                  609   0.0000000000000000     
                  610   9.1944444444444441E-004
                  611   0.0000000000000000     
                  612   9.3166666666666669E-004
                  613   0.0000000000000000     
                  614   8.9744444444444442E-004
                  615   0.0000000000000000     
                  616   9.1422222222222219E-004
                  617   0.0000000000000000     
                  618   9.0011111111111108E-004
                  619   0.0000000000000000     
                  620   8.8122222222222226E-004
                  621   0.0000000000000000     
                  622   8.9022222222222226E-004
                  623   0.0000000000000000     
                  624   8.8788888888888891E-004
                  625   0.0000000000000000     
                  626   8.6366666666666666E-004
                  627   0.0000000000000000     
                  628   8.5777777777777773E-004
                  629   0.0000000000000000     
                  630   8.3322222222222218E-004
                  631   0.0000000000000000     
                  632   8.3122222222222224E-004
                  633   0.0000000000000000     
                  634   8.2333333333333336E-004
                  635   0.0000000000000000     
                  636   8.2266666666666664E-004
                  637   0.0000000000000000     
                  638   8.0377777777777782E-004
                  639   0.0000000000000000     
                  640   7.9133333333333334E-004
                  641   0.0000000000000000     
                  642   7.9422222222222220E-004
                  643   0.0000000000000000     
                  644   7.7300000000000003E-004
                  645   0.0000000000000000     
                  646   7.6322222222222221E-004
                  647   0.0000000000000000     
                  648   7.6233333333333329E-004
                  649   0.0000000000000000     
                  650   7.4799999999999997E-004
                  651   0.0000000000000000     
                  652   7.3388888888888885E-004
                  653   0.0000000000000000     
                  654   7.2611111111111108E-004
                  655   0.0000000000000000     
                  656   7.1877777777777782E-004
                  657   0.0000000000000000     
                  658   7.1655555555555557E-004
                  659   0.0000000000000000     
                  660   7.0144444444444442E-004
                  661   0.0000000000000000     
                  662   6.9066666666666669E-004
                  663   0.0000000000000000     
                  664   6.6344444444444448E-004
                  665   0.0000000000000000     
                  666   6.6377777777777778E-004
                  667   0.0000000000000000     
                  668   6.6122222222222222E-004
                  669   0.0000000000000000     
                  670   6.4544444444444447E-004
                  671   0.0000000000000000     
                  672   6.3088888888888884E-004
                  673   0.0000000000000000     
                  674   6.2811111111111108E-004
                  675   0.0000000000000000     
                  676   6.1544444444444439E-004
                  677   0.0000000000000000     
                  678   6.0111111111111107E-004
                  679   0.0000000000000000     
                  680   5.8955555555555551E-004
                  681   0.0000000000000000     
                  682   5.8655555555555555E-004
                  683   0.0000000000000000     
                  684   5.6622222222222219E-004
                  685   0.0000000000000000     
                  686   5.5611111111111106E-004
                  687   0.0000000000000000     
                  688   5.6144444444444449E-004
                  689   0.0000000000000000     
                  690   5.3788888888888886E-004
                  691   0.0000000000000000     
                  692   5.3899999999999998E-004
                  693   0.0000000000000000     
                  694   5.1766666666666671E-004
                  695   0.0000000000000000     
                  696   5.0222222222222226E-004
                  697   0.0000000000000000     
                  698   4.9422222222222218E-004
                  699   0.0000000000000000     
                  700   4.8299999999999998E-004
                  701   0.0000000000000000     
                  702   4.6400000000000000E-004
                  703   0.0000000000000000     
                  704   4.6288888888888888E-004
                  705   0.0000000000000000     
                  706   4.4000000000000002E-004
                  707   0.0000000000000000     
                  708   4.3744444444444446E-004
                  709   0.0000000000000000     
                  710   4.3266666666666665E-004
                  711   0.0000000000000000     
                  712   4.1955555555555556E-004
                  713   0.0000000000000000     
                  714   4.0611111111111110E-004
                  715   0.0000000000000000     
                  716   4.0544444444444444E-004
                  717   0.0000000000000000     
                  718   3.8966666666666669E-004
                  719   0.0000000000000000     
                  720   3.8377777777777775E-004
                  721   0.0000000000000000     
                  722   3.7588888888888888E-004
                  723   0.0000000000000000     
                  724   3.6800000000000000E-004
                  725   0.0000000000000000     
                  726   3.5000000000000000E-004
                  727   0.0000000000000000     
                  728   3.4844444444444446E-004
                  729   0.0000000000000000     
                  730   3.3033333333333336E-004
                  731   0.0000000000000000     
                  732   3.1366666666666668E-004
                  733   0.0000000000000000     
                  734   3.1166666666666669E-004
                  735   0.0000000000000000     
                  736   3.0477777777777778E-004
                  737   0.0000000000000000     
                  738   2.9311111111111112E-004
                  739   0.0000000000000000     
                  740   2.8855555555555557E-004
                  741   0.0000000000000000     
                  742   2.6055555555555554E-004
                  743   0.0000000000000000     
                  744   2.6988888888888890E-004
                  745   0.0000000000000000     
                  746   2.5177777777777780E-004
                  747   0.0000000000000000     
                  748   2.4744444444444445E-004
                  749   0.0000000000000000     
                  750   2.3777777777777778E-004
                  751   0.0000000000000000     
                  752   2.3122222222222223E-004
                  753   0.0000000000000000     
                  754   2.2411111111111110E-004
                  755   0.0000000000000000     
                  756   2.0944444444444445E-004
                  757   0.0000000000000000     
                  758   2.0955555555555555E-004
                  759   0.0000000000000000     
                  760   1.9633333333333333E-004
                  761   0.0000000000000000     
                  762   1.8911111111111112E-004
                  763   0.0000000000000000     
                  764   1.7300000000000000E-004
                  765   0.0000000000000000     
                  766   1.7600000000000000E-004
                  767   0.0000000000000000     
                  768   1.6744444444444445E-004
                  769   0.0000000000000000     
                  770   1.5766666666666666E-004
                  771   0.0000000000000000     
                  772   1.4577777777777777E-004
                  773   0.0000000000000000     
                  774   1.4955555555555555E-004
                  775   0.0000000000000000     
                  776   1.3066666666666665E-004
                  777   0.0000000000000000     
                  778   1.2444444444444444E-004
                  779   0.0000000000000000     
                  780   1.2344444444444444E-004
                  781   0.0000000000000000     
                  782   1.1811111111111111E-004
                  783   0.0000000000000000     
                  784   1.1100000000000000E-004
                  785   0.0000000000000000     
                  786   1.0866666666666666E-004
                  787   0.0000000000000000     
                  788   9.7000000000000000E-005
                  789   0.0000000000000000     
                  790   9.5666666666666670E-005
                  791   0.0000000000000000     
                  792   9.0222222222222223E-005
                  793   0.0000000000000000     
                  794   8.6333333333333336E-005
                  795   0.0000000000000000     
                  796   8.1666666666666669E-005
                  797   0.0000000000000000     
                  798   7.4888888888888892E-005
                  799   0.0000000000000000     
                  800   6.8999999999999997E-005
                  801   0.0000000000000000     
                  802   6.3111111111111115E-005
                  803   0.0000000000000000     
                  804   6.3222222222222217E-005
                  805   0.0000000000000000     
                  806   5.8888888888888889E-005
                  807   0.0000000000000000     
                  808   5.2444444444444445E-005
                  809   0.0000000000000000     
                  810   5.2666666666666668E-005
                  811   0.0000000000000000     
                  812   4.8999999999999998E-005
                  813   0.0000000000000000     
                  814   4.5888888888888891E-005
                  815   0.0000000000000000     
                  816   4.0777777777777777E-005
                  817   0.0000000000000000     
                  818   3.7111111111111113E-005
                  819   0.0000000000000000     
                  820   3.1555555555555558E-005
                  821   0.0000000000000000     
                  822   2.8333333333333332E-005
                  823   0.0000000000000000     
                  824   3.1111111111111110E-005
                  825   0.0000000000000000     
                  826   2.3666666666666668E-005
                  827   0.0000000000000000     
                  828   2.4777777777777777E-005
                  829   0.0000000000000000     
                  830   2.5333333333333334E-005
                  831   0.0000000000000000     
                  832   2.0777777777777778E-005
                  833   0.0000000000000000     
                  834   1.7333333333333332E-005
                  835   0.0000000000000000     
                  836   1.7444444444444444E-005
                  837   0.0000000000000000     
                  838   1.7111111111111112E-005
                  839   0.0000000000000000     
                  840   1.3777777777777778E-005
                  841   0.0000000000000000     
                  842   1.2777777777777777E-005
                  843   0.0000000000000000     
                  844   1.1444444444444444E-005
                  845   0.0000000000000000     
                  846   9.0000000000000002E-006
                  847   0.0000000000000000     
                  848   9.5555555555555548E-006
                  849   0.0000000000000000     
                  850   8.1111111111111116E-006
                  851   0.0000000000000000     
                  852   6.9999999999999999E-006
                  853   0.0000000000000000     
                  854   6.5555555555555556E-006
                  855   0.0000000000000000     
                  856   6.4444444444444445E-006
                  857   0.0000000000000000     
                  858   6.8888888888888888E-006
                  859   0.0000000000000000     
                  860   5.2222222222222226E-006
                  861   0.0000000000000000     
                  862   3.9999999999999998E-006
                  863   0.0000000000000000     
                  864   2.5555555555555557E-006
                  865   0.0000000000000000     
                  866   2.4444444444444442E-006
                  867   0.0000000000000000     
                  868   3.5555555555555555E-006
                  869   0.0000000000000000     
                  870   3.3333333333333333E-006
                  871   0.0000000000000000     
                  872   1.4444444444444445E-006
                  873   0.0000000000000000     
                  874   1.5555555555555556E-006
                  875   0.0000000000000000     
                  876   1.6666666666666667E-006
                  877   0.0000000000000000     
                  878   8.8888888888888887E-007
                  879   0.0000000000000000     
                  880   1.4444444444444445E-006
                  881   0.0000000000000000     
                  882   6.6666666666666671E-007
                  883   0.0000000000000000     
                  884   5.5555555555555552E-007
                  885   0.0000000000000000     
                  886   5.5555555555555552E-007
                  887   0.0000000000000000     
                  888   5.5555555555555552E-007
                  889   0.0000000000000000     
                  890   6.6666666666666671E-007
                  891   0.0000000000000000     
                  892   6.6666666666666671E-007
                  893   0.0000000000000000     
                  894   2.2222222222222222E-007
                  895   0.0000000000000000     
                  896   4.4444444444444444E-007
                  897   0.0000000000000000     
                  898   2.2222222222222222E-007
                  899   0.0000000000000000     
                  900   3.3333333333333335E-007
                  901   0.0000000000000000     
                  902   2.2222222222222222E-007
                  903   0.0000000000000000     
                  904   0.0000000000000000     
                  905   0.0000000000000000     
                  906   2.2222222222222222E-007
                  907   0.0000000000000000     
                  908   0.0000000000000000     
                  909   0.0000000000000000     
                  910   1.1111111111111111E-007
                  911   0.0000000000000000     
                  912   0.0000000000000000     
                  913   0.0000000000000000     
                  914   1.1111111111111111E-007
                  915   0.0000000000000000     
                  916   1.1111111111111111E-007
                  917   0.0000000000000000     
                  918   1.1111111111111111E-007
                  919   0.0000000000000000     
                  920   0.0000000000000000     
                  921   0.0000000000000000     
                  922   0.0000000000000000     
                  923   0.0000000000000000     
                  924   0.0000000000000000     
                  925   0.0000000000000000     
                  926   0.0000000000000000     
                  927   0.0000000000000000     
                  928   0.0000000000000000     
                  929   0.0000000000000000     
                  930   0.0000000000000000     
                  931   0.0000000000000000     
                  932   0.0000000000000000     
                  933   0.0000000000000000     
                  934   0.0000000000000000     
                  935   0.0000000000000000     
                  936   1.1111111111111111E-007
                  937   0.0000000000000000     
                  938   0.0000000000000000     
                  939   0.0000000000000000     
                  940   0.0000000000000000     
                  941   0.0000000000000000     
                  942   0.0000000000000000     
                  943   0.0000000000000000     
                  944   0.0000000000000000     
                  945   0.0000000000000000     
                  946   0.0000000000000000     
                  947   0.0000000000000000     
                  948   0.0000000000000000     
                  949   0.0000000000000000     
                  950   0.0000000000000000     
                  951   0.0000000000000000     
                  952   0.0000000000000000     
                  953   0.0000000000000000     
                  954   0.0000000000000000     
                  955   0.0000000000000000     
                  956   0.0000000000000000     
                  957   0.0000000000000000     
                  958   0.0000000000000000     
                  959   0.0000000000000000     
                  960   0.0000000000000000     
                  961   0.0000000000000000     
                  962   0.0000000000000000     
                  963   0.0000000000000000     
                  964   0.0000000000000000     
                  965   0.0000000000000000     
                  966   0.0000000000000000     
                  967   0.0000000000000000     
                  968   0.0000000000000000     
                  969   0.0000000000000000     
                  970   0.0000000000000000     
                  971   0.0000000000000000     
                  972   0.0000000000000000     
                  973   0.0000000000000000     
                  974   0.0000000000000000     
                  975   0.0000000000000000     
                  976   0.0000000000000000     
                  977   0.0000000000000000     
                  978   0.0000000000000000     
                  979   0.0000000000000000     
                  980   0.0000000000000000     
                  981   0.0000000000000000     
                  982   0.0000000000000000     
                  983   0.0000000000000000     
                  984   0.0000000000000000     
                  985   0.0000000000000000     
                  986   0.0000000000000000     
                  987   0.0000000000000000     
                  988   0.0000000000000000     
                  989   0.0000000000000000     
                  990   0.0000000000000000     
                  991   0.0000000000000000     
                  992   0.0000000000000000     
                  993   0.0000000000000000     
                  994   0.0000000000000000     
                  995   0.0000000000000000     
                  996   0.0000000000000000     
                  997   0.0000000000000000     
                  998   0.0000000000000000     
                  999   0.0000000000000000     
                 1000   0.0000000000000000     
                 1001   0.0000000000000000     
                 1002   0.0000000000000000     
                 1003   0.0000000000000000     
                 1004   0.0000000000000000     
                 1005   0.0000000000000000     
                 1006   0.0000000000000000     
                 1007   0.0000000000000000     
                 1008   0.0000000000000000     
                 1009   0.0000000000000000     
                 1010   0.0000000000000000     
                 1011   0.0000000000000000     
                 1012   0.0000000000000000     
                 1013   0.0000000000000000     
                 1014   0.0000000000000000     
                 1015   0.0000000000000000     
                 1016   0.0000000000000000     
                 1017   0.0000000000000000     
                 1018   0.0000000000000000     
                 1019   0.0000000000000000     
                 1020   0.0000000000000000     
                 1021   0.0000000000000000     
                 1022   0.0000000000000000     
                 1023   0.0000000000000000     
                 1024   0.0000000000000000     
