                -1024   0.0000000000000000     
                -1023   0.0000000000000000     
                -1022   0.0000000000000000     
                -1021   0.0000000000000000     
                -1020   0.0000000000000000     
                -1019   0.0000000000000000     
                -1018   0.0000000000000000     
                -1017   0.0000000000000000     
                -1016   0.0000000000000000     
                -1015   0.0000000000000000     
                -1014   0.0000000000000000     
                -1013   0.0000000000000000     
                -1012   0.0000000000000000     
                -1011   0.0000000000000000     
                -1010   0.0000000000000000     
                -1009   0.0000000000000000     
                -1008   0.0000000000000000     
                -1007   0.0000000000000000     
                -1006   0.0000000000000000     
                -1005   0.0000000000000000     
                -1004   0.0000000000000000     
                -1003   0.0000000000000000     
                -1002   0.0000000000000000     
                -1001   0.0000000000000000     
                -1000   0.0000000000000000     
                 -999   0.0000000000000000     
                 -998   0.0000000000000000     
                 -997   0.0000000000000000     
                 -996   0.0000000000000000     
                 -995   0.0000000000000000     
                 -994   0.0000000000000000     
                 -993   0.0000000000000000     
                 -992   0.0000000000000000     
                 -991   0.0000000000000000     
                 -990   0.0000000000000000     
                 -989   0.0000000000000000     
                 -988   0.0000000000000000     
                 -987   0.0000000000000000     
                 -986   0.0000000000000000     
                 -985   0.0000000000000000     
                 -984   0.0000000000000000     
                 -983   0.0000000000000000     
                 -982   0.0000000000000000     
                 -981   0.0000000000000000     
                 -980   0.0000000000000000     
                 -979   0.0000000000000000     
                 -978   0.0000000000000000     
                 -977   0.0000000000000000     
                 -976   0.0000000000000000     
                 -975   0.0000000000000000     
                 -974   0.0000000000000000     
                 -973   0.0000000000000000     
                 -972   0.0000000000000000     
                 -971   0.0000000000000000     
                 -970   0.0000000000000000     
                 -969   0.0000000000000000     
                 -968   0.0000000000000000     
                 -967   0.0000000000000000     
                 -966   0.0000000000000000     
                 -965   0.0000000000000000     
                 -964   0.0000000000000000     
                 -963   0.0000000000000000     
                 -962   0.0000000000000000     
                 -961   0.0000000000000000     
                 -960   0.0000000000000000     
                 -959   0.0000000000000000     
                 -958   0.0000000000000000     
                 -957   0.0000000000000000     
                 -956   0.0000000000000000     
                 -955   0.0000000000000000     
                 -954   0.0000000000000000     
                 -953   0.0000000000000000     
                 -952   0.0000000000000000     
                 -951   0.0000000000000000     
                 -950   0.0000000000000000     
                 -949   0.0000000000000000     
                 -948   0.0000000000000000     
                 -947   0.0000000000000000     
                 -946   0.0000000000000000     
                 -945   0.0000000000000000     
                 -944   0.0000000000000000     
                 -943   0.0000000000000000     
                 -942   0.0000000000000000     
                 -941   0.0000000000000000     
                 -940   0.0000000000000000     
                 -939   0.0000000000000000     
                 -938   0.0000000000000000     
                 -937   0.0000000000000000     
                 -936   0.0000000000000000     
                 -935   0.0000000000000000     
                 -934   0.0000000000000000     
                 -933   0.0000000000000000     
                 -932   0.0000000000000000     
                 -931   0.0000000000000000     
                 -930   0.0000000000000000     
                 -929   0.0000000000000000     
                 -928   0.0000000000000000     
                 -927   0.0000000000000000     
                 -926   0.0000000000000000     
                 -925   0.0000000000000000     
                 -924   0.0000000000000000     
                 -923   0.0000000000000000     
                 -922   0.0000000000000000     
                 -921   0.0000000000000000     
                 -920   0.0000000000000000     
                 -919   0.0000000000000000     
                 -918   0.0000000000000000     
                 -917   0.0000000000000000     
                 -916   0.0000000000000000     
                 -915   0.0000000000000000     
                 -914   0.0000000000000000     
                 -913   0.0000000000000000     
                 -912   0.0000000000000000     
                 -911   0.0000000000000000     
                 -910   0.0000000000000000     
                 -909   0.0000000000000000     
                 -908   0.0000000000000000     
                 -907   0.0000000000000000     
                 -906   0.0000000000000000     
                 -905   0.0000000000000000     
                 -904   0.0000000000000000     
                 -903   0.0000000000000000     
                 -902   0.0000000000000000     
                 -901   0.0000000000000000     
                 -900   0.0000000000000000     
                 -899   0.0000000000000000     
                 -898   0.0000000000000000     
                 -897   0.0000000000000000     
                 -896   0.0000000000000000     
                 -895   0.0000000000000000     
                 -894   0.0000000000000000     
                 -893   0.0000000000000000     
                 -892   0.0000000000000000     
                 -891   0.0000000000000000     
                 -890   0.0000000000000000     
                 -889   0.0000000000000000     
                 -888   0.0000000000000000     
                 -887   0.0000000000000000     
                 -886   0.0000000000000000     
                 -885   0.0000000000000000     
                 -884   0.0000000000000000     
                 -883   0.0000000000000000     
                 -882   0.0000000000000000     
                 -881   0.0000000000000000     
                 -880   0.0000000000000000     
                 -879   0.0000000000000000     
                 -878   0.0000000000000000     
                 -877   0.0000000000000000     
                 -876   0.0000000000000000     
                 -875   0.0000000000000000     
                 -874   0.0000000000000000     
                 -873   0.0000000000000000     
                 -872   0.0000000000000000     
                 -871   0.0000000000000000     
                 -870   0.0000000000000000     
                 -869   0.0000000000000000     
                 -868   0.0000000000000000     
                 -867   0.0000000000000000     
                 -866   0.0000000000000000     
                 -865   0.0000000000000000     
                 -864   0.0000000000000000     
                 -863   0.0000000000000000     
                 -862   0.0000000000000000     
                 -861   0.0000000000000000     
                 -860   0.0000000000000000     
                 -859   0.0000000000000000     
                 -858   0.0000000000000000     
                 -857   0.0000000000000000     
                 -856   0.0000000000000000     
                 -855   0.0000000000000000     
                 -854   0.0000000000000000     
                 -853   0.0000000000000000     
                 -852   0.0000000000000000     
                 -851   0.0000000000000000     
                 -850   0.0000000000000000     
                 -849   0.0000000000000000     
                 -848   0.0000000000000000     
                 -847   0.0000000000000000     
                 -846   0.0000000000000000     
                 -845   0.0000000000000000     
                 -844   0.0000000000000000     
                 -843   0.0000000000000000     
                 -842   0.0000000000000000     
                 -841   0.0000000000000000     
                 -840   0.0000000000000000     
                 -839   0.0000000000000000     
                 -838   0.0000000000000000     
                 -837   0.0000000000000000     
                 -836   0.0000000000000000     
                 -835   0.0000000000000000     
                 -834   0.0000000000000000     
                 -833   0.0000000000000000     
                 -832   0.0000000000000000     
                 -831   0.0000000000000000     
                 -830   0.0000000000000000     
                 -829   0.0000000000000000     
                 -828   0.0000000000000000     
                 -827   0.0000000000000000     
                 -826   0.0000000000000000     
                 -825   0.0000000000000000     
                 -824   0.0000000000000000     
                 -823   0.0000000000000000     
                 -822   0.0000000000000000     
                 -821   0.0000000000000000     
                 -820   0.0000000000000000     
                 -819   0.0000000000000000     
                 -818   0.0000000000000000     
                 -817   0.0000000000000000     
                 -816   0.0000000000000000     
                 -815   0.0000000000000000     
                 -814   0.0000000000000000     
                 -813   0.0000000000000000     
                 -812   0.0000000000000000     
                 -811   0.0000000000000000     
                 -810   0.0000000000000000     
                 -809   0.0000000000000000     
                 -808   0.0000000000000000     
                 -807   0.0000000000000000     
                 -806   0.0000000000000000     
                 -805   0.0000000000000000     
                 -804   0.0000000000000000     
                 -803   0.0000000000000000     
                 -802   0.0000000000000000     
                 -801   0.0000000000000000     
                 -800   0.0000000000000000     
                 -799   0.0000000000000000     
                 -798   0.0000000000000000     
                 -797   0.0000000000000000     
                 -796   0.0000000000000000     
                 -795   0.0000000000000000     
                 -794   0.0000000000000000     
                 -793   0.0000000000000000     
                 -792   0.0000000000000000     
                 -791   0.0000000000000000     
                 -790   0.0000000000000000     
                 -789   0.0000000000000000     
                 -788   0.0000000000000000     
                 -787   0.0000000000000000     
                 -786   0.0000000000000000     
                 -785   0.0000000000000000     
                 -784   0.0000000000000000     
                 -783   0.0000000000000000     
                 -782   0.0000000000000000     
                 -781   0.0000000000000000     
                 -780   0.0000000000000000     
                 -779   0.0000000000000000     
                 -778   0.0000000000000000     
                 -777   0.0000000000000000     
                 -776   0.0000000000000000     
                 -775   0.0000000000000000     
                 -774   0.0000000000000000     
                 -773   0.0000000000000000     
                 -772   0.0000000000000000     
                 -771   0.0000000000000000     
                 -770   0.0000000000000000     
                 -769   0.0000000000000000     
                 -768   0.0000000000000000     
                 -767   0.0000000000000000     
                 -766   0.0000000000000000     
                 -765   0.0000000000000000     
                 -764   0.0000000000000000     
                 -763   0.0000000000000000     
                 -762   0.0000000000000000     
                 -761   0.0000000000000000     
                 -760   0.0000000000000000     
                 -759   0.0000000000000000     
                 -758   0.0000000000000000     
                 -757   0.0000000000000000     
                 -756   0.0000000000000000     
                 -755   0.0000000000000000     
                 -754   0.0000000000000000     
                 -753   0.0000000000000000     
                 -752   0.0000000000000000     
                 -751   0.0000000000000000     
                 -750   0.0000000000000000     
                 -749   0.0000000000000000     
                 -748   0.0000000000000000     
                 -747   0.0000000000000000     
                 -746   0.0000000000000000     
                 -745   0.0000000000000000     
                 -744   0.0000000000000000     
                 -743   0.0000000000000000     
                 -742   0.0000000000000000     
                 -741   0.0000000000000000     
                 -740   0.0000000000000000     
                 -739   0.0000000000000000     
                 -738   0.0000000000000000     
                 -737   0.0000000000000000     
                 -736   0.0000000000000000     
                 -735   0.0000000000000000     
                 -734   0.0000000000000000     
                 -733   0.0000000000000000     
                 -732   0.0000000000000000     
                 -731   0.0000000000000000     
                 -730   0.0000000000000000     
                 -729   0.0000000000000000     
                 -728   0.0000000000000000     
                 -727   0.0000000000000000     
                 -726   0.0000000000000000     
                 -725   0.0000000000000000     
                 -724   0.0000000000000000     
                 -723   0.0000000000000000     
                 -722   0.0000000000000000     
                 -721   0.0000000000000000     
                 -720   0.0000000000000000     
                 -719   0.0000000000000000     
                 -718   0.0000000000000000     
                 -717   0.0000000000000000     
                 -716   0.0000000000000000     
                 -715   0.0000000000000000     
                 -714   0.0000000000000000     
                 -713   0.0000000000000000     
                 -712   0.0000000000000000     
                 -711   0.0000000000000000     
                 -710   0.0000000000000000     
                 -709   0.0000000000000000     
                 -708   0.0000000000000000     
                 -707   0.0000000000000000     
                 -706   0.0000000000000000     
                 -705   0.0000000000000000     
                 -704   0.0000000000000000     
                 -703   0.0000000000000000     
                 -702   0.0000000000000000     
                 -701   0.0000000000000000     
                 -700   0.0000000000000000     
                 -699   0.0000000000000000     
                 -698   0.0000000000000000     
                 -697   0.0000000000000000     
                 -696   0.0000000000000000     
                 -695   0.0000000000000000     
                 -694   0.0000000000000000     
                 -693   0.0000000000000000     
                 -692   0.0000000000000000     
                 -691   0.0000000000000000     
                 -690   0.0000000000000000     
                 -689   0.0000000000000000     
                 -688   0.0000000000000000     
                 -687   0.0000000000000000     
                 -686   0.0000000000000000     
                 -685   0.0000000000000000     
                 -684   0.0000000000000000     
                 -683   0.0000000000000000     
                 -682   0.0000000000000000     
                 -681   0.0000000000000000     
                 -680   0.0000000000000000     
                 -679   0.0000000000000000     
                 -678   0.0000000000000000     
                 -677   0.0000000000000000     
                 -676   0.0000000000000000     
                 -675   0.0000000000000000     
                 -674   0.0000000000000000     
                 -673   0.0000000000000000     
                 -672   0.0000000000000000     
                 -671   0.0000000000000000     
                 -670   0.0000000000000000     
                 -669   0.0000000000000000     
                 -668   0.0000000000000000     
                 -667   0.0000000000000000     
                 -666   0.0000000000000000     
                 -665   0.0000000000000000     
                 -664   0.0000000000000000     
                 -663   0.0000000000000000     
                 -662   0.0000000000000000     
                 -661   0.0000000000000000     
                 -660   0.0000000000000000     
                 -659   0.0000000000000000     
                 -658   0.0000000000000000     
                 -657   0.0000000000000000     
                 -656   0.0000000000000000     
                 -655   0.0000000000000000     
                 -654   0.0000000000000000     
                 -653   0.0000000000000000     
                 -652   0.0000000000000000     
                 -651   0.0000000000000000     
                 -650   0.0000000000000000     
                 -649   0.0000000000000000     
                 -648   0.0000000000000000     
                 -647   0.0000000000000000     
                 -646   0.0000000000000000     
                 -645   0.0000000000000000     
                 -644   0.0000000000000000     
                 -643   0.0000000000000000     
                 -642   0.0000000000000000     
                 -641   0.0000000000000000     
                 -640   0.0000000000000000     
                 -639   0.0000000000000000     
                 -638   0.0000000000000000     
                 -637   0.0000000000000000     
                 -636   1.1111111111111111E-007
                 -635   0.0000000000000000     
                 -634   0.0000000000000000     
                 -633   0.0000000000000000     
                 -632   0.0000000000000000     
                 -631   0.0000000000000000     
                 -630   0.0000000000000000     
                 -629   0.0000000000000000     
                 -628   0.0000000000000000     
                 -627   0.0000000000000000     
                 -626   0.0000000000000000     
                 -625   0.0000000000000000     
                 -624   0.0000000000000000     
                 -623   0.0000000000000000     
                 -622   0.0000000000000000     
                 -621   0.0000000000000000     
                 -620   1.1111111111111111E-007
                 -619   0.0000000000000000     
                 -618   0.0000000000000000     
                 -617   0.0000000000000000     
                 -616   0.0000000000000000     
                 -615   0.0000000000000000     
                 -614   0.0000000000000000     
                 -613   0.0000000000000000     
                 -612   1.1111111111111111E-007
                 -611   0.0000000000000000     
                 -610   0.0000000000000000     
                 -609   0.0000000000000000     
                 -608   1.1111111111111111E-007
                 -607   0.0000000000000000     
                 -606   0.0000000000000000     
                 -605   0.0000000000000000     
                 -604   0.0000000000000000     
                 -603   0.0000000000000000     
                 -602   0.0000000000000000     
                 -601   0.0000000000000000     
                 -600   0.0000000000000000     
                 -599   0.0000000000000000     
                 -598   0.0000000000000000     
                 -597   0.0000000000000000     
                 -596   0.0000000000000000     
                 -595   0.0000000000000000     
                 -594   1.1111111111111111E-007
                 -593   0.0000000000000000     
                 -592   0.0000000000000000     
                 -591   0.0000000000000000     
                 -590   0.0000000000000000     
                 -589   0.0000000000000000     
                 -588   0.0000000000000000     
                 -587   0.0000000000000000     
                 -586   0.0000000000000000     
                 -585   0.0000000000000000     
                 -584   2.2222222222222222E-007
                 -583   0.0000000000000000     
                 -582   2.2222222222222222E-007
                 -581   0.0000000000000000     
                 -580   0.0000000000000000     
                 -579   0.0000000000000000     
                 -578   2.2222222222222222E-007
                 -577   0.0000000000000000     
                 -576   1.1111111111111111E-007
                 -575   0.0000000000000000     
                 -574   1.1111111111111111E-007
                 -573   0.0000000000000000     
                 -572   2.2222222222222222E-007
                 -571   0.0000000000000000     
                 -570   5.5555555555555552E-007
                 -569   0.0000000000000000     
                 -568   1.1111111111111111E-007
                 -567   0.0000000000000000     
                 -566   2.2222222222222222E-007
                 -565   0.0000000000000000     
                 -564   1.1111111111111111E-007
                 -563   0.0000000000000000     
                 -562   1.1111111111111111E-007
                 -561   0.0000000000000000     
                 -560   3.3333333333333335E-007
                 -559   0.0000000000000000     
                 -558   7.7777777777777779E-007
                 -557   0.0000000000000000     
                 -556   2.2222222222222222E-007
                 -555   0.0000000000000000     
                 -554   4.4444444444444444E-007
                 -553   0.0000000000000000     
                 -552   1.2222222222222221E-006
                 -551   0.0000000000000000     
                 -550   3.3333333333333335E-007
                 -549   0.0000000000000000     
                 -548   7.7777777777777779E-007
                 -547   0.0000000000000000     
                 -546   2.2222222222222222E-007
                 -545   0.0000000000000000     
                 -544   3.3333333333333335E-007
                 -543   0.0000000000000000     
                 -542   2.2222222222222222E-007
                 -541   0.0000000000000000     
                 -540   5.5555555555555552E-007
                 -539   0.0000000000000000     
                 -538   5.5555555555555552E-007
                 -537   0.0000000000000000     
                 -536   2.2222222222222222E-007
                 -535   0.0000000000000000     
                 -534   7.7777777777777779E-007
                 -533   0.0000000000000000     
                 -532   8.8888888888888887E-007
                 -531   0.0000000000000000     
                 -530   1.4444444444444445E-006
                 -529   0.0000000000000000     
                 -528   1.4444444444444445E-006
                 -527   0.0000000000000000     
                 -526   1.2222222222222221E-006
                 -525   0.0000000000000000     
                 -524   1.1111111111111110E-006
                 -523   0.0000000000000000     
                 -522   1.7777777777777777E-006
                 -521   0.0000000000000000     
                 -520   1.5555555555555556E-006
                 -519   0.0000000000000000     
                 -518   1.7777777777777777E-006
                 -517   0.0000000000000000     
                 -516   1.4444444444444445E-006
                 -515   0.0000000000000000     
                 -514   1.8888888888888888E-006
                 -513   0.0000000000000000     
                 -512   1.9999999999999999E-006
                 -511   0.0000000000000000     
                 -510   2.3333333333333332E-006
                 -509   0.0000000000000000     
                 -508   3.5555555555555555E-006
                 -507   0.0000000000000000     
                 -506   2.6666666666666668E-006
                 -505   0.0000000000000000     
                 -504   3.1111111111111112E-006
                 -503   0.0000000000000000     
                 -502   2.6666666666666668E-006
                 -501   0.0000000000000000     
                 -500   3.8888888888888887E-006
                 -499   0.0000000000000000     
                 -498   3.4444444444444444E-006
                 -497   0.0000000000000000     
                 -496   4.1111111111111109E-006
                 -495   0.0000000000000000     
                 -494   3.7777777777777777E-006
                 -493   0.0000000000000000     
                 -492   4.2222222222222220E-006
                 -491   0.0000000000000000     
                 -490   4.8888888888888885E-006
                 -489   0.0000000000000000     
                 -488   6.6666666666666666E-006
                 -487   0.0000000000000000     
                 -486   5.1111111111111115E-006
                 -485   0.0000000000000000     
                 -484   5.8888888888888891E-006
                 -483   0.0000000000000000     
                 -482   7.8888888888888894E-006
                 -481   0.0000000000000000     
                 -480   6.5555555555555556E-006
                 -479   0.0000000000000000     
                 -478   6.4444444444444445E-006
                 -477   0.0000000000000000     
                 -476   7.7777777777777775E-006
                 -475   0.0000000000000000     
                 -474   8.2222222222222218E-006
                 -473   0.0000000000000000     
                 -472   9.8888888888888889E-006
                 -471   0.0000000000000000     
                 -470   8.1111111111111116E-006
                 -469   0.0000000000000000     
                 -468   1.0777777777777778E-005
                 -467   0.0000000000000000     
                 -466   1.0666666666666667E-005
                 -465   0.0000000000000000     
                 -464   1.1777777777777778E-005
                 -463   0.0000000000000000     
                 -462   1.2111111111111111E-005
                 -461   0.0000000000000000     
                 -460   1.2777777777777777E-005
                 -459   0.0000000000000000     
                 -458   1.2999999999999999E-005
                 -457   0.0000000000000000     
                 -456   1.5888888888888887E-005
                 -455   0.0000000000000000     
                 -454   1.5444444444444443E-005
                 -453   0.0000000000000000     
                 -452   1.5666666666666667E-005
                 -451   0.0000000000000000     
                 -450   1.8000000000000000E-005
                 -449   0.0000000000000000     
                 -448   1.5666666666666667E-005
                 -447   0.0000000000000000     
                 -446   1.7000000000000000E-005
                 -445   0.0000000000000000     
                 -444   2.1222222222222223E-005
                 -443   0.0000000000000000     
                 -442   2.0222222222222222E-005
                 -441   0.0000000000000000     
                 -440   2.2555555555555556E-005
                 -439   0.0000000000000000     
                 -438   2.5777777777777778E-005
                 -437   0.0000000000000000     
                 -436   2.2444444444444444E-005
                 -435   0.0000000000000000     
                 -434   2.5444444444444446E-005
                 -433   0.0000000000000000     
                 -432   2.7333333333333335E-005
                 -431   0.0000000000000000     
                 -430   3.1333333333333334E-005
                 -429   0.0000000000000000     
                 -428   3.4000000000000000E-005
                 -427   0.0000000000000000     
                 -426   3.2777777777777779E-005
                 -425   0.0000000000000000     
                 -424   3.1888888888888890E-005
                 -423   0.0000000000000000     
                 -422   3.7333333333333331E-005
                 -421   0.0000000000000000     
                 -420   4.0222222222222220E-005
                 -419   0.0000000000000000     
                 -418   3.7888888888888887E-005
                 -417   0.0000000000000000     
                 -416   4.0444444444444444E-005
                 -415   0.0000000000000000     
                 -414   4.5000000000000003E-005
                 -413   0.0000000000000000     
                 -412   4.4555555555555555E-005
                 -411   0.0000000000000000     
                 -410   4.6000000000000000E-005
                 -409   0.0000000000000000     
                 -408   5.2555555555555553E-005
                 -407   0.0000000000000000     
                 -406   4.9222222222222222E-005
                 -405   0.0000000000000000     
                 -404   5.5444444444444443E-005
                 -403   0.0000000000000000     
                 -402   6.0444444444444442E-005
                 -401   0.0000000000000000     
                 -400   6.2444444444444450E-005
                 -399   0.0000000000000000     
                 -398   6.4333333333333330E-005
                 -397   0.0000000000000000     
                 -396   6.8777777777777780E-005
                 -395   0.0000000000000000     
                 -394   7.1555555555555554E-005
                 -393   0.0000000000000000     
                 -392   7.3666666666666664E-005
                 -391   0.0000000000000000     
                 -390   7.8333333333333331E-005
                 -389   0.0000000000000000     
                 -388   8.1333333333333336E-005
                 -387   0.0000000000000000     
                 -386   8.7999999999999998E-005
                 -385   0.0000000000000000     
                 -384   9.2111111111111115E-005
                 -383   0.0000000000000000     
                 -382   9.5444444444444439E-005
                 -381   0.0000000000000000     
                 -380   9.5555555555555555E-005
                 -379   0.0000000000000000     
                 -378   1.0722222222222222E-004
                 -377   0.0000000000000000     
                 -376   1.1133333333333333E-004
                 -375   0.0000000000000000     
                 -374   1.1411111111111111E-004
                 -373   0.0000000000000000     
                 -372   1.2211111111111111E-004
                 -371   0.0000000000000000     
                 -370   1.2088888888888888E-004
                 -369   0.0000000000000000     
                 -368   1.3955555555555555E-004
                 -367   0.0000000000000000     
                 -366   1.3766666666666666E-004
                 -365   0.0000000000000000     
                 -364   1.4522222222222223E-004
                 -363   0.0000000000000000     
                 -362   1.5255555555555554E-004
                 -361   0.0000000000000000     
                 -360   1.5777777777777779E-004
                 -359   0.0000000000000000     
                 -358   1.6077777777777778E-004
                 -357   0.0000000000000000     
                 -356   1.6644444444444446E-004
                 -355   0.0000000000000000     
                 -354   1.7655555555555556E-004
                 -353   0.0000000000000000     
                 -352   1.8977777777777778E-004
                 -351   0.0000000000000000     
                 -350   1.9388888888888890E-004
                 -349   0.0000000000000000     
                 -348   2.0311111111111110E-004
                 -347   0.0000000000000000     
                 -346   2.1677777777777779E-004
                 -345   0.0000000000000000     
                 -344   2.2411111111111110E-004
                 -343   0.0000000000000000     
                 -342   2.3022222222222221E-004
                 -341   0.0000000000000000     
                 -340   2.3900000000000001E-004
                 -339   0.0000000000000000     
                 -338   2.5033333333333331E-004
                 -337   0.0000000000000000     
                 -336   2.5855555555555555E-004
                 -335   0.0000000000000000     
                 -334   2.6777777777777775E-004
                 -333   0.0000000000000000     
                 -332   2.8255555555555553E-004
                 -331   0.0000000000000000     
                 -330   2.8288888888888889E-004
                 -329   0.0000000000000000     
                 -328   2.9622222222222224E-004
                 -327   0.0000000000000000     
                 -326   3.0311111111111109E-004
                 -325   0.0000000000000000     
                 -324   3.3100000000000002E-004
                 -323   0.0000000000000000     
                 -322   3.4488888888888888E-004
                 -321   0.0000000000000000     
                 -320   3.5766666666666667E-004
                 -319   0.0000000000000000     
                 -318   3.7422222222222224E-004
                 -317   0.0000000000000000     
                 -316   3.7533333333333331E-004
                 -315   0.0000000000000000     
                 -314   4.1266666666666665E-004
                 -313   0.0000000000000000     
                 -312   4.1344444444444447E-004
                 -311   0.0000000000000000     
                 -310   4.3066666666666665E-004
                 -309   0.0000000000000000     
                 -308   4.3444444444444444E-004
                 -307   0.0000000000000000     
                 -306   4.5388888888888887E-004
                 -305   0.0000000000000000     
                 -304   4.7899999999999999E-004
                 -303   0.0000000000000000     
                 -302   4.8133333333333334E-004
                 -301   0.0000000000000000     
                 -300   5.0722222222222228E-004
                 -299   0.0000000000000000     
                 -298   5.1266666666666670E-004
                 -297   0.0000000000000000     
                 -296   5.3377777777777777E-004
                 -295   0.0000000000000000     
                 -294   5.5722222222222219E-004
                 -293   0.0000000000000000     
                 -292   5.8100000000000003E-004
                 -291   0.0000000000000000     
                 -290   5.9177777777777777E-004
                 -289   0.0000000000000000     
                 -288   6.2211111111111115E-004
                 -287   0.0000000000000000     
                 -286   6.4199999999999999E-004
                 -285   0.0000000000000000     
                 -284   6.7166666666666666E-004
                 -283   0.0000000000000000     
                 -282   6.7422222222222221E-004
                 -281   0.0000000000000000     
                 -280   7.0377777777777778E-004
                 -279   0.0000000000000000     
                 -278   7.2022222222222225E-004
                 -277   0.0000000000000000     
                 -276   7.4555555555555551E-004
                 -275   0.0000000000000000     
                 -274   7.7888888888888886E-004
                 -273   0.0000000000000000     
                 -272   8.0944444444444445E-004
                 -271   0.0000000000000000     
                 -270   8.1977777777777778E-004
                 -269   0.0000000000000000     
                 -268   8.4422222222222223E-004
                 -267   0.0000000000000000     
                 -266   8.7744444444444447E-004
                 -265   0.0000000000000000     
                 -264   9.0233333333333333E-004
                 -263   0.0000000000000000     
                 -262   9.2044444444444443E-004
                 -261   0.0000000000000000     
                 -260   9.4799999999999995E-004
                 -259   0.0000000000000000     
                 -258   9.7944444444444446E-004
                 -257   0.0000000000000000     
                 -256   1.0107777777777778E-003
                 -255   0.0000000000000000     
                 -254   1.0177777777777778E-003
                 -253   0.0000000000000000     
                 -252   1.0551111111111111E-003
                 -251   0.0000000000000000     
                 -250   1.0897777777777778E-003
                 -249   0.0000000000000000     
                 -248   1.1232222222222223E-003
                 -247   0.0000000000000000     
                 -246   1.1648888888888889E-003
                 -245   0.0000000000000000     
                 -244   1.1686666666666666E-003
                 -243   0.0000000000000000     
                 -242   1.2128888888888888E-003
                 -241   0.0000000000000000     
                 -240   1.2672222222222223E-003
                 -239   0.0000000000000000     
                 -238   1.2845555555555555E-003
                 -237   0.0000000000000000     
                 -236   1.3098888888888889E-003
                 -235   0.0000000000000000     
                 -234   1.3588888888888889E-003
                 -233   0.0000000000000000     
                 -232   1.3796666666666666E-003
                 -231   0.0000000000000000     
                 -230   1.4273333333333334E-003
                 -229   0.0000000000000000     
                 -228   1.4377777777777778E-003
                 -227   0.0000000000000000     
                 -226   1.4742222222222223E-003
                 -225   0.0000000000000000     
                 -224   1.5386666666666667E-003
                 -223   0.0000000000000000     
                 -222   1.5814444444444443E-003
                 -221   0.0000000000000000     
                 -220   1.6038888888888889E-003
                 -219   0.0000000000000000     
                 -218   1.6398888888888889E-003
                 -217   0.0000000000000000     
                 -216   1.7007777777777778E-003
                 -215   0.0000000000000000     
                 -214   1.7153333333333332E-003
                 -213   0.0000000000000000     
                 -212   1.8070000000000000E-003
                 -211   0.0000000000000000     
                 -210   1.8231111111111111E-003
                 -209   0.0000000000000000     
                 -208   1.8527777777777778E-003
                 -207   0.0000000000000000     
                 -206   1.8582222222222223E-003
                 -205   0.0000000000000000     
                 -204   1.9266666666666666E-003
                 -203   0.0000000000000000     
                 -202   1.9796666666666665E-003
                 -201   0.0000000000000000     
                 -200   2.0354444444444443E-003
                 -199   0.0000000000000000     
                 -198   2.0739999999999999E-003
                 -197   0.0000000000000000     
                 -196   2.1117777777777780E-003
                 -195   0.0000000000000000     
                 -194   2.1532222222222222E-003
                 -193   0.0000000000000000     
                 -192   2.2130000000000001E-003
                 -191   0.0000000000000000     
                 -190   2.2190000000000001E-003
                 -189   0.0000000000000000     
                 -188   2.2973333333333335E-003
                 -187   0.0000000000000000     
                 -186   2.3630000000000001E-003
                 -185   0.0000000000000000     
                 -184   2.3917777777777778E-003
                 -183   0.0000000000000000     
                 -182   2.4498888888888890E-003
                 -181   0.0000000000000000     
                 -180   2.4761111111111112E-003
                 -179   0.0000000000000000     
                 -178   2.5547777777777778E-003
                 -177   0.0000000000000000     
                 -176   2.6066666666666669E-003
                 -175   0.0000000000000000     
                 -174   2.5993333333333333E-003
                 -173   0.0000000000000000     
                 -172   2.6764444444444444E-003
                 -171   0.0000000000000000     
                 -170   2.6958888888888887E-003
                 -169   0.0000000000000000     
                 -168   2.7480000000000000E-003
                 -167   0.0000000000000000     
                 -166   2.8658888888888887E-003
                 -165   0.0000000000000000     
                 -164   2.8807777777777777E-003
                 -163   0.0000000000000000     
                 -162   2.9411111111111109E-003
                 -161   0.0000000000000000     
                 -160   3.0118888888888890E-003
                 -159   0.0000000000000000     
                 -158   3.0314444444444442E-003
                 -157   0.0000000000000000     
                 -156   3.0796666666666668E-003
                 -155   0.0000000000000000     
                 -154   3.1508888888888888E-003
                 -153   0.0000000000000000     
                 -152   3.1970000000000002E-003
                 -151   0.0000000000000000     
                 -150   3.2502222222222221E-003
                 -149   0.0000000000000000     
                 -148   3.3176666666666667E-003
                 -147   0.0000000000000000     
                 -146   3.3205555555555558E-003
                 -145   0.0000000000000000     
                 -144   3.4037777777777777E-003
                 -143   0.0000000000000000     
                 -142   3.4523333333333333E-003
                 -141   0.0000000000000000     
                 -140   3.5057777777777778E-003
                 -139   0.0000000000000000     
                 -138   3.5483333333333335E-003
                 -137   0.0000000000000000     
                 -136   3.5955555555555554E-003
                 -135   0.0000000000000000     
                 -134   3.6286666666666668E-003
                 -133   0.0000000000000000     
                 -132   3.7242222222222221E-003
                 -131   0.0000000000000000     
                 -130   3.7657777777777776E-003
                 -129   0.0000000000000000     
                 -128   3.7985555555555555E-003
                 -127   0.0000000000000000     
                 -126   3.8535555555555554E-003
                 -125   0.0000000000000000     
                 -124   3.9351111111111114E-003
                 -123   0.0000000000000000     
                 -122   3.9699999999999996E-003
                 -121   0.0000000000000000     
                 -120   4.0419999999999996E-003
                 -119   0.0000000000000000     
                 -118   4.0811111111111109E-003
                 -117   0.0000000000000000     
                 -116   4.1481111111111111E-003
                 -115   0.0000000000000000     
                 -114   4.1601111111111110E-003
                 -113   0.0000000000000000     
                 -112   4.2178888888888891E-003
                 -111   0.0000000000000000     
                 -110   4.2295555555555558E-003
                 -109   0.0000000000000000     
                 -108   4.3115555555555555E-003
                 -107   0.0000000000000000     
                 -106   4.3008888888888888E-003
                 -105   0.0000000000000000     
                 -104   4.4388888888888889E-003
                 -103   0.0000000000000000     
                 -102   4.4966666666666670E-003
                 -101   0.0000000000000000     
                 -100   4.5596666666666667E-003
                  -99   0.0000000000000000     
                  -98   4.5832222222222220E-003
                  -97   0.0000000000000000     
                  -96   4.6216666666666663E-003
                  -95   0.0000000000000000     
                  -94   4.6533333333333331E-003
                  -93   0.0000000000000000     
                  -92   4.6911111111111112E-003
                  -91   0.0000000000000000     
                  -90   4.7088888888888892E-003
                  -89   0.0000000000000000     
                  -88   4.7903333333333331E-003
                  -87   0.0000000000000000     
                  -86   4.7661111111111107E-003
                  -85   0.0000000000000000     
                  -84   4.8679999999999999E-003
                  -83   0.0000000000000000     
                  -82   4.9015555555555557E-003
                  -81   0.0000000000000000     
                  -80   4.9297777777777777E-003
                  -79   0.0000000000000000     
                  -78   4.9894444444444448E-003
                  -77   0.0000000000000000     
                  -76   5.0525555555555558E-003
                  -75   0.0000000000000000     
                  -74   5.0791111111111115E-003
                  -73   0.0000000000000000     
                  -72   5.0985555555555558E-003
                  -71   0.0000000000000000     
                  -70   5.1035555555555556E-003
                  -69   0.0000000000000000     
                  -68   5.1697777777777775E-003
                  -67   0.0000000000000000     
                  -66   5.2191111111111110E-003
                  -65   0.0000000000000000     
                  -64   5.2463333333333338E-003
                  -63   0.0000000000000000     
                  -62   5.3035555555555553E-003
                  -61   0.0000000000000000     
                  -60   5.3093333333333334E-003
                  -59   0.0000000000000000     
                  -58   5.3730000000000002E-003
                  -57   0.0000000000000000     
                  -56   5.3974444444444443E-003
                  -55   0.0000000000000000     
                  -54   5.4161111111111111E-003
                  -53   0.0000000000000000     
                  -52   5.4087777777777780E-003
                  -51   0.0000000000000000     
                  -50   5.4669999999999996E-003
                  -49   0.0000000000000000     
                  -48   5.4781111111111107E-003
                  -47   0.0000000000000000     
                  -46   5.5231111111111115E-003
                  -45   0.0000000000000000     
                  -44   5.5094444444444444E-003
                  -43   0.0000000000000000     
                  -42   5.5592222222222223E-003
                  -41   0.0000000000000000     
                  -40   5.6071111111111113E-003
                  -39   0.0000000000000000     
                  -38   5.6109999999999997E-003
                  -37   0.0000000000000000     
                  -36   5.6350000000000003E-003
                  -35   0.0000000000000000     
                  -34   5.6272222222222218E-003
                  -33   0.0000000000000000     
                  -32   5.6576666666666667E-003
                  -31   0.0000000000000000     
                  -30   5.6864444444444445E-003
                  -29   0.0000000000000000     
                  -28   5.7338888888888891E-003
                  -27   0.0000000000000000     
                  -26   5.7534444444444447E-003
                  -25   0.0000000000000000     
                  -24   5.7137777777777777E-003
                  -23   0.0000000000000000     
                  -22   5.6943333333333334E-003
                  -21   0.0000000000000000     
                  -20   5.7883333333333337E-003
                  -19   0.0000000000000000     
                  -18   5.7375555555555556E-003
                  -17   0.0000000000000000     
                  -16   5.7533333333333334E-003
                  -15   0.0000000000000000     
                  -14   5.8006666666666666E-003
                  -13   0.0000000000000000     
                  -12   5.7612222222222223E-003
                  -11   0.0000000000000000     
                  -10   5.8235555555555558E-003
                   -9   0.0000000000000000     
                   -8   5.8077777777777780E-003
                   -7   0.0000000000000000     
                   -6   5.8106666666666662E-003
                   -5   0.0000000000000000     
                   -4   5.8014444444444441E-003
                   -3   0.0000000000000000     
                   -2   5.7706666666666670E-003
                   -1   0.0000000000000000     
                    0   5.8035555555555557E-003
                    1   0.0000000000000000     
                    2   5.7660000000000003E-003
                    3   0.0000000000000000     
                    4   5.8414444444444442E-003
                    5   0.0000000000000000     
                    6   5.7577777777777775E-003
                    7   0.0000000000000000     
                    8   5.8302222222222219E-003
                    9   0.0000000000000000     
                   10   5.7714444444444445E-003
                   11   0.0000000000000000     
                   12   5.7712222222222219E-003
                   13   0.0000000000000000     
                   14   5.7627777777777781E-003
                   15   0.0000000000000000     
                   16   5.7941111111111110E-003
                   17   0.0000000000000000     
                   18   5.7676666666666666E-003
                   19   0.0000000000000000     
                   20   5.8071111111111110E-003
                   21   0.0000000000000000     
                   22   5.7315555555555557E-003
                   23   0.0000000000000000     
                   24   5.7726666666666664E-003
                   25   0.0000000000000000     
                   26   5.7083333333333335E-003
                   27   0.0000000000000000     
                   28   5.6947777777777778E-003
                   29   0.0000000000000000     
                   30   5.6797777777777775E-003
                   31   0.0000000000000000     
                   32   5.6664444444444444E-003
                   33   0.0000000000000000     
                   34   5.5996666666666669E-003
                   35   0.0000000000000000     
                   36   5.6442222222222223E-003
                   37   0.0000000000000000     
                   38   5.6423333333333334E-003
                   39   0.0000000000000000     
                   40   5.5834444444444447E-003
                   41   0.0000000000000000     
                   42   5.5522222222222223E-003
                   43   0.0000000000000000     
                   44   5.5516666666666666E-003
                   45   0.0000000000000000     
                   46   5.4903333333333332E-003
                   47   0.0000000000000000     
                   48   5.4675555555555554E-003
                   49   0.0000000000000000     
                   50   5.4347777777777780E-003
                   51   0.0000000000000000     
                   52   5.4068888888888890E-003
                   53   0.0000000000000000     
                   54   5.3837777777777781E-003
                   55   0.0000000000000000     
                   56   5.3330000000000001E-003
                   57   0.0000000000000000     
                   58   5.3218888888888890E-003
                   59   0.0000000000000000     
                   60   5.2934444444444444E-003
                   61   0.0000000000000000     
                   62   5.2261111111111111E-003
                   63   0.0000000000000000     
                   64   5.1872222222222224E-003
                   65   0.0000000000000000     
                   66   5.1223333333333329E-003
                   67   0.0000000000000000     
                   68   5.1747777777777781E-003
                   69   0.0000000000000000     
                   70   5.0963333333333329E-003
                   71   0.0000000000000000     
                   72   5.0645555555555557E-003
                   73   0.0000000000000000     
                   74   5.0304444444444442E-003
                   75   0.0000000000000000     
                   76   5.0155555555555552E-003
                   77   0.0000000000000000     
                   78   4.9883333333333333E-003
                   79   0.0000000000000000     
                   80   4.8848888888888891E-003
                   81   0.0000000000000000     
                   82   4.8938888888888886E-003
                   83   0.0000000000000000     
                   84   4.8183333333333333E-003
                   85   0.0000000000000000     
                   86   4.7943333333333336E-003
                   87   0.0000000000000000     
                   88   4.7634444444444443E-003
                   89   0.0000000000000000     
                   90   4.7181111111111113E-003
                   91   0.0000000000000000     
                   92   4.7052222222222226E-003
                   93   0.0000000000000000     
                   94   4.6369999999999996E-003
                   95   0.0000000000000000     
                   96   4.5781111111111109E-003
                   97   0.0000000000000000     
                   98   4.5331111111111110E-003
                   99   0.0000000000000000     
                  100   4.4873333333333336E-003
                  101   0.0000000000000000     
                  102   4.4682222222222224E-003
                  103   0.0000000000000000     
                  104   4.4114444444444444E-003
                  105   0.0000000000000000     
                  106   4.3464444444444444E-003
                  107   0.0000000000000000     
                  108   4.3108888888888893E-003
                  109   0.0000000000000000     
                  110   4.2209999999999999E-003
                  111   0.0000000000000000     
                  112   4.2275555555555556E-003
                  113   0.0000000000000000     
                  114   4.1144444444444449E-003
                  115   0.0000000000000000     
                  116   4.0990000000000002E-003
                  117   0.0000000000000000     
                  118   4.0426666666666666E-003
                  119   0.0000000000000000     
                  120   3.9693333333333334E-003
                  121   0.0000000000000000     
                  122   3.9406666666666670E-003
                  123   0.0000000000000000     
                  124   3.8854444444444444E-003
                  125   0.0000000000000000     
                  126   3.8745555555555556E-003
                  127   0.0000000000000000     
                  128   3.7726666666666668E-003
                  129   0.0000000000000000     
                  130   3.7378888888888887E-003
                  131   0.0000000000000000     
                  132   3.7082222222222221E-003
                  133   0.0000000000000000     
                  134   3.6374444444444444E-003
                  135   0.0000000000000000     
                  136   3.6106666666666665E-003
                  137   0.0000000000000000     
                  138   3.5100000000000001E-003
                  139   0.0000000000000000     
                  140   3.4892222222222221E-003
                  141   0.0000000000000000     
                  142   3.3955555555555557E-003
                  143   0.0000000000000000     
                  144   3.3317777777777777E-003
                  145   0.0000000000000000     
                  146   3.3352222222222221E-003
                  147   0.0000000000000000     
                  148   3.2903333333333335E-003
                  149   0.0000000000000000     
                  150   3.2368888888888890E-003
                  151   0.0000000000000000     
                  152   3.2039999999999998E-003
                  153   0.0000000000000000     
                  154   3.1263333333333334E-003
                  155   0.0000000000000000     
                  156   3.0941111111111113E-003
                  157   0.0000000000000000     
                  158   3.0249999999999999E-003
                  159   0.0000000000000000     
                  160   2.9746666666666667E-003
                  161   0.0000000000000000     
                  162   2.8995555555555554E-003
                  163   0.0000000000000000     
                  164   2.8717777777777778E-003
                  165   0.0000000000000000     
                  166   2.8452222222222221E-003
                  167   0.0000000000000000     
                  168   2.7517777777777779E-003
                  169   0.0000000000000000     
                  170   2.6951111111111112E-003
                  171   0.0000000000000000     
                  172   2.6960000000000000E-003
                  173   0.0000000000000000     
                  174   2.6326666666666668E-003
                  175   0.0000000000000000     
                  176   2.5681111111111113E-003
                  177   0.0000000000000000     
                  178   2.5232222222222223E-003
                  179   0.0000000000000000     
                  180   2.5125555555555556E-003
                  181   0.0000000000000000     
                  182   2.4341111111111113E-003
                  183   0.0000000000000000     
                  184   2.4003333333333333E-003
                  185   0.0000000000000000     
                  186   2.3676666666666668E-003
                  187   0.0000000000000000     
                  188   2.2744444444444444E-003
                  189   0.0000000000000000     
                  190   2.2453333333333331E-003
                  191   0.0000000000000000     
                  192   2.1903333333333332E-003
                  193   0.0000000000000000     
                  194   2.1532222222222222E-003
                  195   0.0000000000000000     
                  196   2.0976666666666665E-003
                  197   0.0000000000000000     
                  198   2.0475555555555555E-003
                  199   0.0000000000000000     
                  200   2.0382222222222221E-003
                  201   0.0000000000000000     
                  202   1.9923333333333334E-003
                  203   0.0000000000000000     
                  204   1.9427777777777779E-003
                  205   0.0000000000000000     
                  206   1.8890000000000001E-003
                  207   0.0000000000000000     
                  208   1.8595555555555555E-003
                  209   0.0000000000000000     
                  210   1.8159999999999999E-003
                  211   0.0000000000000000     
                  212   1.7804444444444445E-003
                  213   0.0000000000000000     
                  214   1.7551111111111112E-003
                  215   0.0000000000000000     
                  216   1.7157777777777779E-003
                  217   0.0000000000000000     
                  218   1.6906666666666667E-003
                  219   0.0000000000000000     
                  220   1.6197777777777777E-003
                  221   0.0000000000000000     
                  222   1.5647777777777778E-003
                  223   0.0000000000000000     
                  224   1.5390000000000000E-003
                  225   0.0000000000000000     
                  226   1.4906666666666666E-003
                  227   0.0000000000000000     
                  228   1.4514444444444444E-003
                  229   0.0000000000000000     
                  230   1.4486666666666667E-003
                  231   0.0000000000000000     
                  232   1.3873333333333333E-003
                  233   0.0000000000000000     
                  234   1.3722222222222222E-003
                  235   0.0000000000000000     
                  236   1.3258888888888888E-003
                  237   0.0000000000000000     
                  238   1.3034444444444445E-003
                  239   0.0000000000000000     
                  240   1.2532222222222222E-003
                  241   0.0000000000000000     
                  242   1.2355555555555555E-003
                  243   0.0000000000000000     
                  244   1.2023333333333332E-003
                  245   0.0000000000000000     
                  246   1.1665555555555557E-003
                  247   0.0000000000000000     
                  248   1.1210000000000000E-003
                  249   0.0000000000000000     
                  250   1.1004444444444445E-003
                  251   0.0000000000000000     
                  252   1.0646666666666667E-003
                  253   0.0000000000000000     
                  254   1.0415555555555556E-003
                  255   0.0000000000000000     
                  256   9.9955555555555561E-004
                  257   0.0000000000000000     
                  258   9.8055555555555548E-004
                  259   0.0000000000000000     
                  260   9.5511111111111111E-004
                  261   0.0000000000000000     
                  262   9.3755555555555552E-004
                  263   0.0000000000000000     
                  264   8.8688888888888888E-004
                  265   0.0000000000000000     
                  266   8.5666666666666671E-004
                  267   0.0000000000000000     
                  268   8.2644444444444443E-004
                  269   0.0000000000000000     
                  270   8.1688888888888892E-004
                  271   0.0000000000000000     
                  272   8.0588888888888887E-004
                  273   0.0000000000000000     
                  274   7.6777777777777782E-004
                  275   0.0000000000000000     
                  276   7.2788888888888892E-004
                  277   0.0000000000000000     
                  278   7.1911111111111112E-004
                  279   0.0000000000000000     
                  280   7.0399999999999998E-004
                  281   0.0000000000000000     
                  282   6.8922222222222225E-004
                  283   0.0000000000000000     
                  284   6.5888888888888887E-004
                  285   0.0000000000000000     
                  286   6.3522222222222224E-004
                  287   0.0000000000000000     
                  288   6.3377777777777781E-004
                  289   0.0000000000000000     
                  290   5.9322222222222220E-004
                  291   0.0000000000000000     
                  292   5.8155555555555554E-004
                  293   0.0000000000000000     
                  294   5.8055555555555551E-004
                  295   0.0000000000000000     
                  296   5.4622222222222225E-004
                  297   0.0000000000000000     
                  298   5.2922222222222227E-004
                  299   0.0000000000000000     
                  300   5.0533333333333333E-004
                  301   0.0000000000000000     
                  302   4.9366666666666667E-004
                  303   0.0000000000000000     
                  304   4.7355555555555557E-004
                  305   0.0000000000000000     
                  306   4.6755555555555553E-004
                  307   0.0000000000000000     
                  308   4.5188888888888888E-004
                  309   0.0000000000000000     
                  310   4.3399999999999998E-004
                  311   0.0000000000000000     
                  312   4.0911111111111112E-004
                  313   0.0000000000000000     
                  314   3.9144444444444442E-004
                  315   0.0000000000000000     
                  316   3.9677777777777780E-004
                  317   0.0000000000000000     
                  318   3.6366666666666665E-004
                  319   0.0000000000000000     
                  320   3.5177777777777779E-004
                  321   0.0000000000000000     
                  322   3.4044444444444443E-004
                  323   0.0000000000000000     
                  324   3.3177777777777779E-004
                  325   0.0000000000000000     
                  326   3.1522222222222222E-004
                  327   0.0000000000000000     
                  328   3.0444444444444442E-004
                  329   0.0000000000000000     
                  330   2.9244444444444446E-004
                  331   0.0000000000000000     
                  332   2.8955555555555554E-004
                  333   0.0000000000000000     
                  334   2.7366666666666669E-004
                  335   0.0000000000000000     
                  336   2.6899999999999998E-004
                  337   0.0000000000000000     
                  338   2.6055555555555554E-004
                  339   0.0000000000000000     
                  340   2.4555555555555556E-004
                  341   0.0000000000000000     
                  342   2.3722222222222222E-004
                  343   0.0000000000000000     
                  344   2.2822222222222222E-004
                  345   0.0000000000000000     
                  346   2.1033333333333334E-004
                  347   0.0000000000000000     
                  348   2.0533333333333333E-004
                  349   0.0000000000000000     
                  350   2.0388888888888890E-004
                  351   0.0000000000000000     
                  352   1.9388888888888890E-004
                  353   0.0000000000000000     
                  354   1.9044444444444444E-004
                  355   0.0000000000000000     
                  356   1.7655555555555556E-004
                  357   0.0000000000000000     
                  358   1.7544444444444443E-004
                  359   0.0000000000000000     
                  360   1.6177777777777778E-004
                  361   0.0000000000000000     
                  362   1.5844444444444445E-004
                  363   0.0000000000000000     
                  364   1.5244444444444444E-004
                  365   0.0000000000000000     
                  366   1.4944444444444445E-004
                  367   0.0000000000000000     
                  368   1.3844444444444445E-004
                  369   0.0000000000000000     
                  370   1.2033333333333334E-004
                  371   0.0000000000000000     
                  372   1.2544444444444444E-004
                  373   0.0000000000000000     
                  374   1.2733333333333333E-004
                  375   0.0000000000000000     
                  376   1.1055555555555555E-004
                  377   0.0000000000000000     
                  378   1.1100000000000000E-004
                  379   0.0000000000000000     
                  380   1.1122222222222222E-004
                  381   0.0000000000000000     
                  382   9.8999999999999994E-005
                  383   0.0000000000000000     
                  384   9.4444444444444442E-005
                  385   0.0000000000000000     
                  386   9.5555555555555555E-005
                  387   0.0000000000000000     
                  388   8.5666666666666671E-005
                  389   0.0000000000000000     
                  390   8.0111111111111108E-005
                  391   0.0000000000000000     
                  392   7.7111111111111117E-005
                  393   0.0000000000000000     
                  394   7.4777777777777776E-005
                  395   0.0000000000000000     
                  396   7.3222222222222216E-005
                  397   0.0000000000000000     
                  398   7.0444444444444442E-005
                  399   0.0000000000000000     
                  400   6.2000000000000003E-005
                  401   0.0000000000000000     
                  402   6.3333333333333332E-005
                  403   0.0000000000000000     
                  404   5.8333333333333333E-005
                  405   0.0000000000000000     
                  406   5.4555555555555554E-005
                  407   0.0000000000000000     
                  408   5.1111111111111108E-005
                  409   0.0000000000000000     
                  410   5.3999999999999998E-005
                  411   0.0000000000000000     
                  412   4.6111111111111109E-005
                  413   0.0000000000000000     
                  414   4.3555555555555558E-005
                  415   0.0000000000000000     
                  416   4.4777777777777779E-005
                  417   0.0000000000000000     
                  418   3.8555555555555558E-005
                  419   0.0000000000000000     
                  420   4.0444444444444444E-005
                  421   0.0000000000000000     
                  422   3.8111111111111111E-005
                  423   0.0000000000000000     
                  424   3.8000000000000002E-005
                  425   0.0000000000000000     
                  426   3.1000000000000001E-005
                  427   0.0000000000000000     
                  428   3.1666666666666666E-005
                  429   0.0000000000000000     
                  430   3.0444444444444445E-005
                  431   0.0000000000000000     
                  432   2.8888888888888888E-005
                  433   0.0000000000000000     
                  434   3.0000000000000001E-005
                  435   0.0000000000000000     
                  436   2.4777777777777777E-005
                  437   0.0000000000000000     
                  438   2.3444444444444444E-005
                  439   0.0000000000000000     
                  440   2.0666666666666666E-005
                  441   0.0000000000000000     
                  442   2.5000000000000001E-005
                  443   0.0000000000000000     
                  444   2.2333333333333332E-005
                  445   0.0000000000000000     
                  446   1.7333333333333332E-005
                  447   0.0000000000000000     
                  448   1.8444444444444445E-005
                  449   0.0000000000000000     
                  450   1.7111111111111112E-005
                  451   0.0000000000000000     
                  452   1.7000000000000000E-005
                  453   0.0000000000000000     
                  454   1.4222222222222222E-005
                  455   0.0000000000000000     
                  456   1.2333333333333333E-005
                  457   0.0000000000000000     
                  458   1.1444444444444444E-005
                  459   0.0000000000000000     
                  460   1.3888888888888890E-005
                  461   0.0000000000000000     
                  462   1.2111111111111111E-005
                  463   0.0000000000000000     
                  464   1.1000000000000000E-005
                  465   0.0000000000000000     
                  466   1.1888888888888888E-005
                  467   0.0000000000000000     
                  468   9.3333333333333326E-006
                  469   0.0000000000000000     
                  470   7.6666666666666672E-006
                  471   0.0000000000000000     
                  472   7.1111111111111110E-006
                  473   0.0000000000000000     
                  474   9.2222222222222224E-006
                  475   0.0000000000000000     
                  476   6.3333333333333334E-006
                  477   0.0000000000000000     
                  478   6.2222222222222223E-006
                  479   0.0000000000000000     
                  480   7.1111111111111110E-006
                  481   0.0000000000000000     
                  482   6.8888888888888888E-006
                  483   0.0000000000000000     
                  484   5.6666666666666669E-006
                  485   0.0000000000000000     
                  486   4.1111111111111109E-006
                  487   0.0000000000000000     
                  488   5.1111111111111115E-006
                  489   0.0000000000000000     
                  490   4.6666666666666663E-006
                  491   0.0000000000000000     
                  492   4.4444444444444441E-006
                  493   0.0000000000000000     
                  494   4.3333333333333331E-006
                  495   0.0000000000000000     
                  496   4.3333333333333331E-006
                  497   0.0000000000000000     
                  498   3.5555555555555555E-006
                  499   0.0000000000000000     
                  500   4.4444444444444441E-006
                  501   0.0000000000000000     
                  502   2.4444444444444442E-006
                  503   0.0000000000000000     
                  504   3.5555555555555555E-006
                  505   0.0000000000000000     
                  506   3.3333333333333333E-006
                  507   0.0000000000000000     
                  508   3.1111111111111112E-006
                  509   0.0000000000000000     
                  510   3.3333333333333333E-006
                  511   0.0000000000000000     
                  512   2.5555555555555557E-006
                  513   0.0000000000000000     
                  514   2.5555555555555557E-006
                  515   0.0000000000000000     
                  516   1.7777777777777777E-006
                  517   0.0000000000000000     
                  518   2.4444444444444442E-006
                  519   0.0000000000000000     
                  520   1.3333333333333334E-006
                  521   0.0000000000000000     
                  522   1.2222222222222221E-006
                  523   0.0000000000000000     
                  524   1.1111111111111110E-006
                  525   0.0000000000000000     
                  526   9.9999999999999995E-007
                  527   0.0000000000000000     
                  528   6.6666666666666671E-007
                  529   0.0000000000000000     
                  530   9.9999999999999995E-007
                  531   0.0000000000000000     
                  532   1.1111111111111110E-006
                  533   0.0000000000000000     
                  534   1.1111111111111110E-006
                  535   0.0000000000000000     
                  536   6.6666666666666671E-007
                  537   0.0000000000000000     
                  538   4.4444444444444444E-007
                  539   0.0000000000000000     
                  540   5.5555555555555552E-007
                  541   0.0000000000000000     
                  542   1.1111111111111110E-006
                  543   0.0000000000000000     
                  544   5.5555555555555552E-007
                  545   0.0000000000000000     
                  546   3.3333333333333335E-007
                  547   0.0000000000000000     
                  548   2.2222222222222222E-007
                  549   0.0000000000000000     
                  550   4.4444444444444444E-007
                  551   0.0000000000000000     
                  552   5.5555555555555552E-007
                  553   0.0000000000000000     
                  554   3.3333333333333335E-007
                  555   0.0000000000000000     
                  556   2.2222222222222222E-007
                  557   0.0000000000000000     
                  558   1.1111111111111111E-007
                  559   0.0000000000000000     
                  560   3.3333333333333335E-007
                  561   0.0000000000000000     
                  562   3.3333333333333335E-007
                  563   0.0000000000000000     
                  564   7.7777777777777779E-007
                  565   0.0000000000000000     
                  566   1.1111111111111111E-007
                  567   0.0000000000000000     
                  568   1.1111111111111111E-007
                  569   0.0000000000000000     
                  570   0.0000000000000000     
                  571   0.0000000000000000     
                  572   3.3333333333333335E-007
                  573   0.0000000000000000     
                  574   1.1111111111111111E-007
                  575   0.0000000000000000     
                  576   2.2222222222222222E-007
                  577   0.0000000000000000     
                  578   1.1111111111111111E-007
                  579   0.0000000000000000     
                  580   3.3333333333333335E-007
                  581   0.0000000000000000     
                  582   1.1111111111111111E-007
                  583   0.0000000000000000     
                  584   1.1111111111111111E-007
                  585   0.0000000000000000     
                  586   0.0000000000000000     
                  587   0.0000000000000000     
                  588   1.1111111111111111E-007
                  589   0.0000000000000000     
                  590   1.1111111111111111E-007
                  591   0.0000000000000000     
                  592   0.0000000000000000     
                  593   0.0000000000000000     
                  594   0.0000000000000000     
                  595   0.0000000000000000     
                  596   1.1111111111111111E-007
                  597   0.0000000000000000     
                  598   0.0000000000000000     
                  599   0.0000000000000000     
                  600   1.1111111111111111E-007
                  601   0.0000000000000000     
                  602   0.0000000000000000     
                  603   0.0000000000000000     
                  604   1.1111111111111111E-007
                  605   0.0000000000000000     
                  606   0.0000000000000000     
                  607   0.0000000000000000     
                  608   0.0000000000000000     
                  609   0.0000000000000000     
                  610   0.0000000000000000     
                  611   0.0000000000000000     
                  612   1.1111111111111111E-007
                  613   0.0000000000000000     
                  614   1.1111111111111111E-007
                  615   0.0000000000000000     
                  616   0.0000000000000000     
                  617   0.0000000000000000     
                  618   0.0000000000000000     
                  619   0.0000000000000000     
                  620   0.0000000000000000     
                  621   0.0000000000000000     
                  622   0.0000000000000000     
                  623   0.0000000000000000     
                  624   2.2222222222222222E-007
                  625   0.0000000000000000     
                  626   0.0000000000000000     
                  627   0.0000000000000000     
                  628   0.0000000000000000     
                  629   0.0000000000000000     
                  630   0.0000000000000000     
                  631   0.0000000000000000     
                  632   1.1111111111111111E-007
                  633   0.0000000000000000     
                  634   0.0000000000000000     
                  635   0.0000000000000000     
                  636   0.0000000000000000     
                  637   0.0000000000000000     
                  638   0.0000000000000000     
                  639   0.0000000000000000     
                  640   0.0000000000000000     
                  641   0.0000000000000000     
                  642   1.1111111111111111E-007
                  643   0.0000000000000000     
                  644   0.0000000000000000     
                  645   0.0000000000000000     
                  646   0.0000000000000000     
                  647   0.0000000000000000     
                  648   0.0000000000000000     
                  649   0.0000000000000000     
                  650   0.0000000000000000     
                  651   0.0000000000000000     
                  652   0.0000000000000000     
                  653   0.0000000000000000     
                  654   0.0000000000000000     
                  655   0.0000000000000000     
                  656   0.0000000000000000     
                  657   0.0000000000000000     
                  658   0.0000000000000000     
                  659   0.0000000000000000     
                  660   0.0000000000000000     
                  661   0.0000000000000000     
                  662   0.0000000000000000     
                  663   0.0000000000000000     
                  664   0.0000000000000000     
                  665   0.0000000000000000     
                  666   0.0000000000000000     
                  667   0.0000000000000000     
                  668   0.0000000000000000     
                  669   0.0000000000000000     
                  670   0.0000000000000000     
                  671   0.0000000000000000     
                  672   0.0000000000000000     
                  673   0.0000000000000000     
                  674   0.0000000000000000     
                  675   0.0000000000000000     
                  676   0.0000000000000000     
                  677   0.0000000000000000     
                  678   0.0000000000000000     
                  679   0.0000000000000000     
                  680   0.0000000000000000     
                  681   0.0000000000000000     
                  682   0.0000000000000000     
                  683   0.0000000000000000     
                  684   0.0000000000000000     
                  685   0.0000000000000000     
                  686   0.0000000000000000     
                  687   0.0000000000000000     
                  688   0.0000000000000000     
                  689   0.0000000000000000     
                  690   0.0000000000000000     
                  691   0.0000000000000000     
                  692   0.0000000000000000     
                  693   0.0000000000000000     
                  694   0.0000000000000000     
                  695   0.0000000000000000     
                  696   0.0000000000000000     
                  697   0.0000000000000000     
                  698   0.0000000000000000     
                  699   0.0000000000000000     
                  700   0.0000000000000000     
                  701   0.0000000000000000     
                  702   0.0000000000000000     
                  703   0.0000000000000000     
                  704   0.0000000000000000     
                  705   0.0000000000000000     
                  706   0.0000000000000000     
                  707   0.0000000000000000     
                  708   0.0000000000000000     
                  709   0.0000000000000000     
                  710   0.0000000000000000     
                  711   0.0000000000000000     
                  712   0.0000000000000000     
                  713   0.0000000000000000     
                  714   0.0000000000000000     
                  715   0.0000000000000000     
                  716   0.0000000000000000     
                  717   0.0000000000000000     
                  718   0.0000000000000000     
                  719   0.0000000000000000     
                  720   0.0000000000000000     
                  721   0.0000000000000000     
                  722   0.0000000000000000     
                  723   0.0000000000000000     
                  724   0.0000000000000000     
                  725   0.0000000000000000     
                  726   0.0000000000000000     
                  727   0.0000000000000000     
                  728   0.0000000000000000     
                  729   0.0000000000000000     
                  730   0.0000000000000000     
                  731   0.0000000000000000     
                  732   0.0000000000000000     
                  733   0.0000000000000000     
                  734   0.0000000000000000     
                  735   0.0000000000000000     
                  736   0.0000000000000000     
                  737   0.0000000000000000     
                  738   0.0000000000000000     
                  739   0.0000000000000000     
                  740   0.0000000000000000     
                  741   0.0000000000000000     
                  742   0.0000000000000000     
                  743   0.0000000000000000     
                  744   0.0000000000000000     
                  745   0.0000000000000000     
                  746   0.0000000000000000     
                  747   0.0000000000000000     
                  748   0.0000000000000000     
                  749   0.0000000000000000     
                  750   0.0000000000000000     
                  751   0.0000000000000000     
                  752   0.0000000000000000     
                  753   0.0000000000000000     
                  754   0.0000000000000000     
                  755   0.0000000000000000     
                  756   0.0000000000000000     
                  757   0.0000000000000000     
                  758   0.0000000000000000     
                  759   0.0000000000000000     
                  760   0.0000000000000000     
                  761   0.0000000000000000     
                  762   0.0000000000000000     
                  763   0.0000000000000000     
                  764   0.0000000000000000     
                  765   0.0000000000000000     
                  766   0.0000000000000000     
                  767   0.0000000000000000     
                  768   0.0000000000000000     
                  769   0.0000000000000000     
                  770   0.0000000000000000     
                  771   0.0000000000000000     
                  772   0.0000000000000000     
                  773   0.0000000000000000     
                  774   0.0000000000000000     
                  775   0.0000000000000000     
                  776   0.0000000000000000     
                  777   0.0000000000000000     
                  778   0.0000000000000000     
                  779   0.0000000000000000     
                  780   0.0000000000000000     
                  781   0.0000000000000000     
                  782   0.0000000000000000     
                  783   0.0000000000000000     
                  784   0.0000000000000000     
                  785   0.0000000000000000     
                  786   0.0000000000000000     
                  787   0.0000000000000000     
                  788   0.0000000000000000     
                  789   0.0000000000000000     
                  790   0.0000000000000000     
                  791   0.0000000000000000     
                  792   0.0000000000000000     
                  793   0.0000000000000000     
                  794   0.0000000000000000     
                  795   0.0000000000000000     
                  796   0.0000000000000000     
                  797   0.0000000000000000     
                  798   0.0000000000000000     
                  799   0.0000000000000000     
                  800   0.0000000000000000     
                  801   0.0000000000000000     
                  802   0.0000000000000000     
                  803   0.0000000000000000     
                  804   0.0000000000000000     
                  805   0.0000000000000000     
                  806   0.0000000000000000     
                  807   0.0000000000000000     
                  808   0.0000000000000000     
                  809   0.0000000000000000     
                  810   0.0000000000000000     
                  811   0.0000000000000000     
                  812   0.0000000000000000     
                  813   0.0000000000000000     
                  814   0.0000000000000000     
                  815   0.0000000000000000     
                  816   0.0000000000000000     
                  817   0.0000000000000000     
                  818   0.0000000000000000     
                  819   0.0000000000000000     
                  820   0.0000000000000000     
                  821   0.0000000000000000     
                  822   0.0000000000000000     
                  823   0.0000000000000000     
                  824   0.0000000000000000     
                  825   0.0000000000000000     
                  826   0.0000000000000000     
                  827   0.0000000000000000     
                  828   0.0000000000000000     
                  829   0.0000000000000000     
                  830   0.0000000000000000     
                  831   0.0000000000000000     
                  832   0.0000000000000000     
                  833   0.0000000000000000     
                  834   0.0000000000000000     
                  835   0.0000000000000000     
                  836   0.0000000000000000     
                  837   0.0000000000000000     
                  838   0.0000000000000000     
                  839   0.0000000000000000     
                  840   0.0000000000000000     
                  841   0.0000000000000000     
                  842   0.0000000000000000     
                  843   0.0000000000000000     
                  844   0.0000000000000000     
                  845   0.0000000000000000     
                  846   0.0000000000000000     
                  847   0.0000000000000000     
                  848   0.0000000000000000     
                  849   0.0000000000000000     
                  850   0.0000000000000000     
                  851   0.0000000000000000     
                  852   0.0000000000000000     
                  853   0.0000000000000000     
                  854   0.0000000000000000     
                  855   0.0000000000000000     
                  856   0.0000000000000000     
                  857   0.0000000000000000     
                  858   0.0000000000000000     
                  859   0.0000000000000000     
                  860   0.0000000000000000     
                  861   0.0000000000000000     
                  862   0.0000000000000000     
                  863   0.0000000000000000     
                  864   0.0000000000000000     
                  865   0.0000000000000000     
                  866   0.0000000000000000     
                  867   0.0000000000000000     
                  868   0.0000000000000000     
                  869   0.0000000000000000     
                  870   0.0000000000000000     
                  871   0.0000000000000000     
                  872   0.0000000000000000     
                  873   0.0000000000000000     
                  874   0.0000000000000000     
                  875   0.0000000000000000     
                  876   0.0000000000000000     
                  877   0.0000000000000000     
                  878   0.0000000000000000     
                  879   0.0000000000000000     
                  880   0.0000000000000000     
                  881   0.0000000000000000     
                  882   0.0000000000000000     
                  883   0.0000000000000000     
                  884   0.0000000000000000     
                  885   0.0000000000000000     
                  886   0.0000000000000000     
                  887   0.0000000000000000     
                  888   0.0000000000000000     
                  889   0.0000000000000000     
                  890   0.0000000000000000     
                  891   0.0000000000000000     
                  892   0.0000000000000000     
                  893   0.0000000000000000     
                  894   0.0000000000000000     
                  895   0.0000000000000000     
                  896   0.0000000000000000     
                  897   0.0000000000000000     
                  898   0.0000000000000000     
                  899   0.0000000000000000     
                  900   0.0000000000000000     
                  901   0.0000000000000000     
                  902   0.0000000000000000     
                  903   0.0000000000000000     
                  904   0.0000000000000000     
                  905   0.0000000000000000     
                  906   0.0000000000000000     
                  907   0.0000000000000000     
                  908   0.0000000000000000     
                  909   0.0000000000000000     
                  910   0.0000000000000000     
                  911   0.0000000000000000     
                  912   0.0000000000000000     
                  913   0.0000000000000000     
                  914   0.0000000000000000     
                  915   0.0000000000000000     
                  916   0.0000000000000000     
                  917   0.0000000000000000     
                  918   0.0000000000000000     
                  919   0.0000000000000000     
                  920   0.0000000000000000     
                  921   0.0000000000000000     
                  922   0.0000000000000000     
                  923   0.0000000000000000     
                  924   0.0000000000000000     
                  925   0.0000000000000000     
                  926   0.0000000000000000     
                  927   0.0000000000000000     
                  928   0.0000000000000000     
                  929   0.0000000000000000     
                  930   0.0000000000000000     
                  931   0.0000000000000000     
                  932   0.0000000000000000     
                  933   0.0000000000000000     
                  934   0.0000000000000000     
                  935   0.0000000000000000     
                  936   0.0000000000000000     
                  937   0.0000000000000000     
                  938   0.0000000000000000     
                  939   0.0000000000000000     
                  940   0.0000000000000000     
                  941   0.0000000000000000     
                  942   0.0000000000000000     
                  943   0.0000000000000000     
                  944   0.0000000000000000     
                  945   0.0000000000000000     
                  946   0.0000000000000000     
                  947   0.0000000000000000     
                  948   0.0000000000000000     
                  949   0.0000000000000000     
                  950   0.0000000000000000     
                  951   0.0000000000000000     
                  952   0.0000000000000000     
                  953   0.0000000000000000     
                  954   0.0000000000000000     
                  955   0.0000000000000000     
                  956   0.0000000000000000     
                  957   0.0000000000000000     
                  958   0.0000000000000000     
                  959   0.0000000000000000     
                  960   0.0000000000000000     
                  961   0.0000000000000000     
                  962   0.0000000000000000     
                  963   0.0000000000000000     
                  964   0.0000000000000000     
                  965   0.0000000000000000     
                  966   0.0000000000000000     
                  967   0.0000000000000000     
                  968   0.0000000000000000     
                  969   0.0000000000000000     
                  970   0.0000000000000000     
                  971   0.0000000000000000     
                  972   0.0000000000000000     
                  973   0.0000000000000000     
                  974   0.0000000000000000     
                  975   0.0000000000000000     
                  976   0.0000000000000000     
                  977   0.0000000000000000     
                  978   0.0000000000000000     
                  979   0.0000000000000000     
                  980   0.0000000000000000     
                  981   0.0000000000000000     
                  982   0.0000000000000000     
                  983   0.0000000000000000     
                  984   0.0000000000000000     
                  985   0.0000000000000000     
                  986   0.0000000000000000     
                  987   0.0000000000000000     
                  988   0.0000000000000000     
                  989   0.0000000000000000     
                  990   0.0000000000000000     
                  991   0.0000000000000000     
                  992   0.0000000000000000     
                  993   0.0000000000000000     
                  994   0.0000000000000000     
                  995   0.0000000000000000     
                  996   0.0000000000000000     
                  997   0.0000000000000000     
                  998   0.0000000000000000     
                  999   0.0000000000000000     
                 1000   0.0000000000000000     
                 1001   0.0000000000000000     
                 1002   0.0000000000000000     
                 1003   0.0000000000000000     
                 1004   0.0000000000000000     
                 1005   0.0000000000000000     
                 1006   0.0000000000000000     
                 1007   0.0000000000000000     
                 1008   0.0000000000000000     
                 1009   0.0000000000000000     
                 1010   0.0000000000000000     
                 1011   0.0000000000000000     
                 1012   0.0000000000000000     
                 1013   0.0000000000000000     
                 1014   0.0000000000000000     
                 1015   0.0000000000000000     
                 1016   0.0000000000000000     
                 1017   0.0000000000000000     
                 1018   0.0000000000000000     
                 1019   0.0000000000000000     
                 1020   0.0000000000000000     
                 1021   0.0000000000000000     
                 1022   0.0000000000000000     
                 1023   0.0000000000000000     
                 1024   0.0000000000000000     
