   0.0000000000000000        198.00000000000000        198.00000000000000        0.0000000000000000     
  0.50000000000000000        200.85261267630881        200.83324186046511        1.9370815843700484E-002
   1.0000000000000000        203.74428201196733        203.70504051964122        3.9241492326112848E-002
   1.5000000000000000        206.67548361521230        206.61586353371570        5.9620081496603916E-002
   2.0000000000000000        209.64669717085516        209.56618248068497        8.0514690170190306E-002
   2.5000000000000000        212.65840642312838        212.55647294519923       0.10193347792915119     
   3.0000000000000000        215.71109915652346        215.58721450150199       0.12388465502147028     
   3.5000000000000000        218.80526717456175        218.65889069440877       0.14637648015298055     
   4.0000000000000000        221.94140627643773        221.77198901826776       0.16941725816997177     
   4.5000000000000000        225.12001623147557        224.92700089384485       0.19301533763072598     
   5.0000000000000000        228.34160075133741        228.12442164307427       0.21717910826313869     
   5.5000000000000000        231.60666745992103        231.36475046161578       0.24191699830524271     
   6.0000000000000000        234.91572786088500        234.64849038915804       0.26723747172695766     
   6.5000000000000000        238.26929730273682        237.97614827740736       0.29314902532945553     
   7.0000000000000000        241.66789494142105        241.34823475570005       0.31966018572100552     
   7.5000000000000000        245.11204370034119        244.76526419417615       0.34677950616503495     
   8.0000000000000000        248.60227022775081        248.22775466445142       0.37451556329938285     
   8.5000000000000000        252.13910485144686        251.73622789772369       0.40287695372316534     
   9.0000000000000000        255.72308153069872        255.29120924024940       0.43187229044931996     
   9.5000000000000000        259.35473780534539        258.89322760612521       0.46151019922018577     
   10.000000000000000        263.03461474199287        262.54281542730899       0.49179931468387394     
   10.500000000000000        266.76325687724290        266.24050860081456       0.52274827642833088     
   11.000000000000000        270.54121215788462        269.98684643301277       0.55436572487184321     
   11.500000000000000        274.36903187797901        273.78237158097244       0.58666029700657418     
   12.000000000000000        278.24727061276752        277.62762999077364       0.61964062199388081     
   12.500000000000000        282.17648614933285        281.52317083272493       0.65331531660791597     
   13.000000000000000        286.15723941394373        285.46954643341678       0.68769298052694694     
   13.500000000000000        290.19009439601189        289.46731220454279       0.72278219146909350     
   14.000000000000000        294.27561806859001        293.51702656841934       0.75859150017066668     
   14.500000000000000        298.41438030534152        297.61925088013550       0.79512942520602792     
   15.000000000000000        302.60695379390978        301.77454934626388       0.83240444764589938     
   15.500000000000000        306.85391394561657        305.98348894006318       0.87042500555338620     
   16.000000000000000        311.15583880141946        310.24663931310391       0.90919948831555075     
   16.500000000000000        315.51330893405702        314.56457270324790       0.94873623080911784     
   17.000000000000000        319.92690734631191        318.93786383891296       0.98904350739894653     
   17.500000000000000        324.39721936532254        323.36708983955435        1.0301295257681886     
   18.000000000000000        328.92483253287281        327.85283011229427        1.0720024205785421     
   18.500000000000000        333.51033649159172        332.39566624463225        1.1146702469594629     
   19.000000000000000        338.15432286699530        336.99618189316845        1.1581409738268462     
   19.500000000000000        342.85738514530129        341.65496266827330        1.2024224770279943     
   20.000000000000000        347.62011854695277        346.37259601463745        1.2475225323153154     
   20.500000000000000        352.44311989578159        351.14967108763636        1.2934488081452287     
   21.000000000000000        357.32698748375049        355.98677862544525        1.3402088583052318     
   21.500000000000000        362.27232093120671        360.88451081684047        1.3878101143662320     
   22.000000000000000        367.27972104258788        365.84346116462501        1.4362598779628684     
   22.500000000000000        372.34978965751668        370.86422434461679        1.4855653128998938     
   23.000000000000000        377.48312949722708        375.94739606013928        1.5357334370877993     
   23.500000000000000        382.68034400626215        381.09357289195628        1.5867711143058614     
   24.000000000000000        387.94203718938905        386.30335214359297        1.6386850457960804     
   24.500000000000000        393.26881344367638        391.57733168198860        1.6914817616877826     
   25.000000000000000        398.66127738568122        396.91610977342589        1.7451676122553295     
   25.500000000000000        404.12003367369681        402.32028491468657        1.7997487590102423     
   26.000000000000000        409.64568682501283        407.79045565938185        1.8552311656309826     
   26.500000000000000        415.23884102814225        413.32722043941135        1.9116205887308979     
   27.000000000000000        420.90009994997416        418.93117738150426        1.9689225684699068     
   27.500000000000000        426.63006653781048        424.60292411880033        2.0271424190101470     
   28.000000000000000        432.42934281625065        430.34305759743035        2.0862852188203078     
   28.500000000000000        438.29852967889173        436.15217387805819        2.1463558008335326     
   29.000000000000000        444.23822667481068        442.03086793235036        2.2073587424603147     
   29.500000000000000        450.24903178980452        447.97973343434131        2.2692983554632065     
   30.000000000000000        456.33154122236277        453.99936254666608        2.3321786756966958     
   30.500000000000000        462.48634915435389        460.09034570163544        2.3960034527184462     
   31.000000000000000        468.71404751640881        466.25327137713259        2.4607761392762200     
   31.500000000000000        475.01522574799094        472.48872586731324        2.5264998806777044     
   32.000000000000000        481.39047055214462        478.79729304809604        2.5931775040485832     
   32.500000000000000        487.84036564491936        485.17955413743312        2.6608115074862440     
   33.000000000000000        494.36549149947228        491.63608745035623        2.7294040491160558     
   33.500000000000000        500.96642508485428        498.16746814879707        2.7989569360572091     
   34.000000000000000        507.64373959949347        504.77426798618558        2.8694716133078941     
   34.500000000000000        514.39800419939070        511.45705504683536        2.9409491525553335     
   35.000000000000000        521.22978372105251        518.21639348012911        3.0133902409233997     
   35.500000000000000        528.13963839918574        525.05284322952332        3.0867951696624232     
   36.000000000000000        535.12812357919347        531.96695975639614        3.1611638227973344     
   36.500000000000000        542.19578942450460        538.95929375876835        3.2364956657362427     
   37.000000000000000        549.34318061879139        546.03039088493256        3.3127897338588355     
   37.500000000000000        556.57083606312131        553.18079144203227        3.3900446210890323     
   38.000000000000000        563.87928856810447        560.41103009963797        3.4682584684665017     
   38.500000000000000        571.26906454110519        567.72163558837440        3.5474289527307974     
   39.000000000000000        578.74068366858432        575.11313039365882        3.6275532749255035     
   39.500000000000000        586.29465859366042        582.58603044461768        3.7086281490427382     
   40.000000000000000        593.93149458896869        590.14084479825476        3.7906497907139283     
   40.500000000000000        601.65168922491978        597.77807531895235        3.8736139059674315     
   41.000000000000000        609.45573203345566        605.49821635339231        3.9575156800633522     
   41.500000000000000        617.34410416741650        613.30175440099390        4.0423497664226034     
   42.000000000000000        625.31727805563366        621.18916777996924        4.1281102756644259     
   42.500000000000000        633.37571705387893        629.16092628910883        4.2147907647701004     
   43.000000000000000        641.51987509179969        637.21749086541422        4.3023842263854704     
   43.500000000000000        649.75019631599002        645.35931323770421        4.3908830782858104     
   44.000000000000000        658.06711472934171        653.58683557633037        4.4802791530113382     
   44.500000000000000        666.47105382684208        661.90049013914268        4.5705636876994049     
   45.000000000000000        674.96242622798388        670.30069891385847        4.6617273141254145     
   45.500000000000000        683.54163330596839        678.78787325699284        4.7537600489755505     
   46.000000000000000        692.20906481388442        687.36241352951947        4.8466512843649525     
   46.500000000000000        700.96509850806626        696.02470872943968        4.9403897786265816     
   47.000000000000000        709.81009976882910        704.77513612144446        5.0349636473846431     
   47.500000000000000        718.74442121880145        713.61406086386501        5.1303603549364425     
   48.000000000000000        727.76840233907694        722.54183563311619        5.2265667059607495     
   48.500000000000000        736.88236908341798        731.55880024584519        5.3235688375727932     
   49.000000000000000        746.08663349075766        740.66528127900801        5.4213522117496495     
   49.500000000000000        755.38149329624594        749.86159168810434        5.5199016081415948     
   50.000000000000000        764.76723154110948        759.14803042381300        5.6192011172964840     
   50.500000000000000        774.24411618158865        768.52488204727592        5.7192341343127282     
   51.000000000000000        783.81239969723754        777.99241634429052        5.8199833529470197     
   51.500000000000000        793.47231869887366        787.55088793867844        5.9214307601952214     
   52.000000000000000        803.22409353647697        797.20053590510861        6.0235576313683623     
   52.500000000000000        813.06792790734653        806.94158338165948        6.1263445256870455     
   53.000000000000000        823.00400846483069        816.77423718241755        6.2297712824131395     
   53.500000000000000        833.03250442795922        826.69868741041569        6.3338170175435380     
   54.000000000000000        843.15356719230670        836.71510707122502        6.4384601210816754     
   54.500000000000000        853.36732994243857        846.82365168752176        6.5436782549168129     
   55.000000000000000        863.67390726628253        857.02445891495995        6.6494483513225759     
   55.500000000000000        874.07339477179198        867.31764815968961        6.7557466121023708     
   56.000000000000000        884.56586870626620        877.70332019786667        6.8625485083995272     
   56.500000000000000        895.15138557870137        888.18155679751021        6.9698287811911541     
   57.000000000000000        905.82998178556090        898.75242034307087        7.0775614424900368     
   57.500000000000000        916.60167324034694        909.41595346308020        7.1857197772667405     
   58.000000000000000        927.46645500737804        920.17217866125952        7.2942763461185223     
   58.500000000000000        938.42430094017038        931.02109795147305        7.4032029886973305     
   59.000000000000000        949.47516332483553        941.96269249691693        7.5124708279186052     
   59.500000000000000        960.61897252890833        952.99692225394267        7.6220502749656589     
   60.000000000000000        971.85563665602501        964.12372562091866        7.7319110351063500     
   60.500000000000000        983.18504120687862        975.34301909253998        7.8420221143386470     
   61.000000000000000        994.60704874687883        986.65469692000056        7.9523518268782709     
   61.500000000000000        1006.1214985809534        998.05863077744834        8.0628678035050143     
   62.000000000000000        1017.7282064359234        1009.5546694351472        8.1735370007762640     
   62.500000000000000        1029.4269641508979        1021.1426384397732        8.2843257111246658     
   63.000000000000000        1041.2175393761245        1032.8223398022776        8.3951995738468668     
   63.500000000000000        1053.0996752807443        1044.5935516937491        8.5061235869952725     
   64.000000000000000        1065.0730902698938        1056.4560281497129        8.6170621201808899     
   64.500000000000000        1077.1374777115996        1068.4094987833055        8.7279789282940783     
   65.000000000000000        1089.2925056739141        1080.4536685077630        8.8388371661510519     
   65.500000000000000        1101.5378166727310        1092.5882172686636        8.9495994040673850     
   66.000000000000000        1113.8730274307304        1104.8127997863646        9.0602276443657956     
   66.500000000000000        1126.2977286478924        1117.1270453090724        9.1706833388200266     
   67.000000000000000        1138.8114847840129        1129.5305573769842        9.2809274070286847     
   67.500000000000000        1151.4138338536654        1142.0229135979355        9.3909202557299523     
   68.000000000000000        1164.1042872340297        1154.6036654349880        9.5006217990417099     
   68.500000000000000        1176.8823294860201        1167.2723380063876        9.6099914796325265     
   69.000000000000000        1189.7474181891271        1180.0284298983152        9.7189882908119216     
   69.500000000000000        1202.6989837903898        1192.8714129908540        9.8275707995358061     
   70.000000000000000        1215.7364294679001        1205.8007322975861        9.9356971703139152     
   70.500000000000000        1228.8591310092397        1218.8158058192264        10.043325190013320     
   71.000000000000000        1242.0664367052357        1231.9160244116958        10.150412293539830     
   71.500000000000000        1255.3576672594131        1245.1007516690261        10.256915590387052     
   72.000000000000000        1268.7321157135123        1258.3693238214796        10.362791892032647     
   72.500000000000000        1282.1890473894273        1271.7210496492614        10.467997740165856     
   73.000000000000000        1295.7276998479115        1285.1552104121829        10.572489435728585     
   73.500000000000000        1309.3472828643742        1298.6710597956346        10.676223068739546     
   74.000000000000000        1323.0469784220932        1312.2678238732062        10.779154548886936     
   74.500000000000000        1336.8259407231428        1325.9447010862825        10.881239636860300     
   75.000000000000000        1350.6832962173203        1339.7008622409298        10.982433976390439     
   75.500000000000000        1364.6181436493446        1353.5354505223725        11.082693126972117     
   76.000000000000000        1378.6295541245845        1367.4475815273447        11.181972597239792     
   76.500000000000000        1392.7165711935427        1381.4363433145863        11.280227878956339     
   77.000000000000000        1406.8782109553215        1395.5007964737340        11.377414481587493     
   77.500000000000000        1421.1134621802619        1409.6399742128442        11.473487967417668     
   78.000000000000000        1435.4212864519432        1423.8528824647619        11.568403987181227     
   78.500000000000000        1449.8006183286843        1438.1385000125360        11.662118316148280     
   79.000000000000000        1464.2503655247046        1452.4957786340556        11.754586890649080     
   79.500000000000000        1478.7694091110391        1466.9236432660673        11.845765844971766     
   80.000000000000000        1493.3566037363144        1481.4209921877107        11.935611548603674     
   80.500000000000000        1508.0107778674433        1495.9866972236853        12.024080643757998     
   81.000000000000000        1522.7307340502948        1510.6196039671445        12.111130083150329     
   81.500000000000000        1537.5152491903534        1525.3185320223847        12.196717167968700     
   82.000000000000000        1552.3630748533647        1540.0822752673801        12.280799585984596     
   82.500000000000000        1567.2729375859490        1554.9096021361836        12.363335449765373     
   83.000000000000000        1582.2435392561181        1569.7992559211962        12.444283334921920     
   83.500000000000000        1597.2735574136286        1584.7499550952789        12.523602318349731     
   84.000000000000000        1612.3616456700577        1599.7603936536575        12.601252016400167     
   84.500000000000000        1627.5064340984811        1614.8292414755454        12.677192622935763     
   85.000000000000000        1642.7065296525943        1629.9551447053839        12.751384947210454     
   85.500000000000000        1657.9605166050883        1645.1367261535754        12.823790451512878     
   86.000000000000000        1673.2669570050844        1660.3725857165559        12.894371288528419     
   86.500000000000000        1688.6243911543831        1675.6613008160284        12.963090338354732     
   87.000000000000000        1704.0313381022725        1691.0014268571556        13.029911245116864     
   87.500000000000000        1719.4862961586025        1706.3914977054794        13.094798453123076     
   88.000000000000000        1734.9877434248194        1721.8300261823119        13.157717242507488     
   88.500000000000000        1750.5341383426198        1737.3155045783153        13.218633764304514     
   89.000000000000000        1766.1239202598526        1752.8464051849614        13.277515074891198     
   89.500000000000000        1781.7555100132881        1768.4211808435387        13.334329169749481     
   90.000000000000000        1797.4273105278353        1784.0382655113451        13.389045016490172     
   90.500000000000000        1813.1377074317681        1799.6960748446825        13.441632587085678     
   91.000000000000000        1828.8850696874974        1815.3930067982433        13.492062889254157     
   91.500000000000000        1844.6677502374005        1831.1274422404542        13.540307996946240     
   92.000000000000000        1860.4840866642012        1846.8977455843190        13.586341079882231     
   92.500000000000000        1876.3324018653668        1862.7022654332775        13.630136432089330     
   93.000000000000000        1892.2110047409653        1878.5393352415781        13.671669499387235     
   93.500000000000000        1908.1181908944102        1894.4072739886324        13.710916905777822     
   94.000000000000000        1924.0522433455021        1910.3043868668071        13.747856478694985     
   94.500000000000000        1940.0114332551423        1926.2289659820794        13.782467273062821     
   95.000000000000000        1955.9940206610968        1942.1792910669674        13.814729594129403     
   95.500000000000000        1971.9982552241515        1958.1536302051252        13.844625019026353     
   96.000000000000000        1988.0223769840020        1974.1502405669735        13.872136417028514     
   96.500000000000000        2004.0646171241781        1990.1673691557201        13.897247968458032     
   97.000000000000000        2020.1231987453277        2006.2032535631063        13.919945182221454     
   97.500000000000000        2036.1963376461354        2022.2561227342021        13.940214911933253     
   98.000000000000000        2052.2822431111517        2038.3241977405548        13.958045370596892     
   98.500000000000000        2068.3791187048128        2054.4056925609839        13.973426143828874     
   99.000000000000000        2084.4851630708868        2070.4988148693046        13.986348201582132     
   99.500000000000000        2100.5985707366185        2086.6017668282448        13.996803908373749     
   100.00000000000000        2116.7175329207817        2102.7127458888172        14.004787031964497     
   100.50000000000000        2132.8402383449006        2118.8299455943938        14.010292750506778     
   101.00000000000000        2148.9648740468547        2134.9515563887253        14.013317658129381     
   101.50000000000000        2165.0896261960852        2151.0757664271378        14.013859768947441     
   102.00000000000000        2181.2126809096376        2167.2007623901377        14.011918519499886     
   102.50000000000000        2197.3322250682554        2183.3247302986488        14.007494769606637     
   103.00000000000000        2213.4464471317410        2199.4458563301041        14.000590801636918     
   103.50000000000000        2229.5535379528051        2215.5623276346105        13.991210318194589     
   104.00000000000000        2245.6516915886364        2231.6723331504077        13.979358438228701     
   104.50000000000000        2261.7391061094099        2247.7740644178416        13.965041691568331     
   105.00000000000000        2277.8139844029720        2263.8657163910761        13.948268011895834     
   105.50000000000000        2293.8745349749320        2279.9454882467649        13.929046728167123     
   106.00000000000000        2309.9189727434195        2296.0115841889196        13.907388554499903     
   106.50000000000000        2325.9455198277551        2312.0622142492080        13.883305578547152     
   107.00000000000000        2341.9524063302915        2328.0955950819266        13.856811248364920     
   107.50000000000000        2357.9378711107174        2344.1099507529002        13.827920357817220     
   108.00000000000000        2373.9001625520996        2360.1035135215702        13.796649030529352     
   108.50000000000000        2389.8375393179658        2376.0745246155443        13.763014702421515     
   109.00000000000000        2405.7482710997515        2392.0212349968924        13.727036102859074     
   109.50000000000000        2421.6306393539317        2407.9419061194876        13.688733234444044     
   110.00000000000000        2437.4829380281903        2423.8348106766998        13.648127351490530     
   110.50000000000000        2453.3034742759960        2439.6982333387755        13.605240937220515     
   111.00000000000000        2469.0905691589564        2455.5304714792419        13.560097679714545     
   111.50000000000000        2484.8425583363655        2471.3298358896991        13.512722446666430     
   112.00000000000000        2500.5577927413619        2487.0946514823750        13.463141258986980     
   112.50000000000000        2516.2346392431327        2502.8232579798469        13.411381263285875     
   113.00000000000000        2531.8714812946437        2518.5140105913415        13.357470703302170     
   113.50000000000000        2547.4667195653751        2534.1652806750549        13.301438890320242     
   114.00000000000000        2563.0187725585643        2549.7754563859521        13.243316172612140     
   114.50000000000000        2578.5260772125075        2565.3429433085266        13.183133903980888     
   115.00000000000000        2593.9870894854621        2580.8661650740282        13.120924411433862     
   115.50000000000000        2609.4002849237404        2596.3435639616832        13.056720962057170     
   116.00000000000000        2624.7641592125951        2611.7736014834622        12.990557729132888     
   116.50000000000000        2640.0772287095342        2627.1547589519728        12.922469757561430     
   117.00000000000000        2655.3380309597246        2642.4855380310755        12.852492928649099     
   117.50000000000000        2670.5451251931581        2657.7644612688555        12.780663924302644     
   118.00000000000000        2685.6970928032997        2672.9900726125961        12.707020190703588     
   118.50000000000000        2700.7925378069494        2688.1609379054403        12.631599901509162     
   119.00000000000000        2715.8300872850823        2703.2756453644383        12.554441920643967     
   119.50000000000000        2730.8083918044472        2718.3328060397171        12.475585764730113     
   120.00000000000000        2745.7261258197509        2733.3310542545278        12.395071565223134     
   120.50000000000000        2760.5819880562617        2748.2690480259544        12.312940030307345     
   121.00000000000000        2775.3747018726986        2763.1454694660965        12.229232406602023     
   121.50000000000000        2790.1030156043007        2777.9590251635614        12.143990440739344     
   122.00000000000000        2804.7657028859976        2792.7084465451276        12.057256340870026     
   122.50000000000000        2819.3615629556239        2807.3924902174749        11.969072738148952     
   123.00000000000000        2833.8894209371433        2822.0099382888902        11.879482648253088     
   123.50000000000000        2848.3481281038839        2836.5595986708936        11.788529432990345     
   124.00000000000000        2862.7365621217955        2851.0403053597524        11.696256762043049     
   124.50000000000000        2877.0536272727818        2865.4509186978726        11.602708574909229     
   125.00000000000000        2891.2982546581593        2879.7903256150853        11.507929043074000     
   125.50000000000000        2905.4694023823440        2894.0574398498711        11.411962532472899     
   126.00000000000000        2919.5660557168776        2908.2512021505831        11.314853566294460     
   126.50000000000000        2933.5872272449169        2922.3705804567594        11.216646788157504     
   127.00000000000000        2947.5319569863518        2936.4145700606368        11.117386925714982     
   127.50000000000000        2961.3993125037182        2950.3821937489961        11.017118754722105     
   128.00000000000000        2975.1883889891133        2964.2725019254945        10.915887063618811     
   128.50000000000000        2988.8983093323141        2978.0845727136621        10.813736618652001     
   129.00000000000000        3002.5282241703417        2991.8175120407559        10.710712129585772     
   129.50000000000000        3016.0773119187211        3005.4704537026914        10.606858216029650     
   130.00000000000000        3029.5447787847042        3019.0425594102790        10.502219374425295     
   130.50000000000000        3042.9298587627363        3032.5330188170242        10.396839945712145     
   131.00000000000000        3056.2318136124759        3045.9410495287602        10.290764083715658     
   131.50000000000000        3069.4499328196762        3059.2658970953971        10.184035724279056     
   132.00000000000000        3082.5835335402521        3072.5068349850922        10.076698555159965     
   132.50000000000000        3095.6319605278932        3085.6631645411589        9.9687959867342215     
   133.00000000000000        3108.5945860455513        3098.7342149220453        9.8603711235059563     
   133.50000000000000        3121.4708097611983        3111.7193430247298        9.7514667364685010     
   134.00000000000000        3134.2600586281997        3124.6179333918881        9.6421252363115855     
   134.50000000000000        3146.9617867507236        3137.4293981032051        9.5323886475184736     
   135.00000000000000        3159.5754752345456        3150.1531766512103        9.4222985833353050     
   135.50000000000000        3172.1006320236920        3162.7887358020284        9.3118962216635737     
   136.00000000000000        3184.5367917232975        3175.3355694414440        9.2012222818534610     
   136.50000000000000        3196.8835154091216        3187.7931984066936        9.0903170024280371     
   137.00000000000000        3209.1403904241383        3200.1611703043941        8.9792201197442409     
   137.50000000000000        3221.3070301626253        3212.4390593150392        8.8679708475860934     
   138.00000000000000        3233.3830738421907        3224.6264659844874        8.7566078577033295     
   138.50000000000000        3245.3681862641861        3236.7230170028793        8.6451692613068190     
   139.00000000000000        3257.2620575629171        3248.7283649714241        8.5336925914930362     
   139.50000000000000        3269.0644029441337        3260.6421881574956        8.4222147866380510     
   140.00000000000000        3280.7749624132098        3272.4641902384888        8.3107721747210235     
   140.50000000000000        3292.3935004934788        3284.1941000348802        8.1994004585985749     
   141.00000000000000        3303.9198059351629        3295.8316712329479        8.0881347022150294     
   141.50000000000000        3315.3536914153456        3307.3766820975975        7.9770093177480703     
   142.00000000000000        3326.6949932294201        3318.8289351757489        7.8660580536711677     
   142.50000000000000        3337.9435709744776        3330.1882569907348        7.7553139837427807     
   143.00000000000000        3349.0993072250521        3341.4544977281575        7.6448094968945952     
   143.50000000000000        3360.1621072016715        3352.6275309136577        7.5345762880137954     
   144.00000000000000        3371.1318984326540        3363.7072530830364        7.4246453496175491     
   144.50000000000000        3382.0086304095630        3374.6935834451770        7.3150469643860561     
   145.00000000000000        3392.7922742367691        3385.5864635382054        7.2058106985637096     
   145.50000000000000        3403.4828222755159        3396.3858568793257        7.0969653961901713     
   146.00000000000000        3414.0802877829228        3407.0917486087601        6.9885391741627245     
   146.50000000000000        3424.5847045463356        3417.7041451282244        6.8805594181112610     
   147.00000000000000        3434.9961265134107        3428.2230737343571        6.7730527790536144     
   147.50000000000000        3445.3146274183528        3438.6485822475188        6.6660451708339679     
   148.00000000000000        3455.5403004046861        3448.9807386363727        6.5595617683134151     
   148.50000000000000        3465.6732576449385        3459.2196306386463        6.4536270062922085     
   149.00000000000000        3475.7136299576259        3469.3653653784731        6.3482645791527830     
   149.50000000000000        3485.6615664219025        3479.4180689807049        6.2434974411976327     
   150.00000000000000        3495.5172339902279        3489.3778861825685        6.1393478076593055     
   150.50000000000000        3505.2808170994153        3499.2449799430515        6.0358371563638684     
   151.00000000000000        3514.9525172804092        3509.0195310503718        5.9329862300373861     
   151.50000000000000        3524.5325527671034        3518.7017377278962        5.8308150392072093     
   152.00000000000000        3534.0211581045605        3528.2918152388520        5.7293428657085315     
   152.50000000000000        3543.4185837569244        3537.7899954901736        5.6285882667507394     
   153.00000000000000        3552.7250957153442        3547.1965266358156        5.5285690795285518     
   153.50000000000000        3561.9409751062176        3556.5116726798510        5.4293024263665757     
   154.00000000000000        3571.0665178000272        3565.7357130796718        5.3308047203554452     
   154.50000000000000        3580.1020340210644        3574.8689423495930        5.2330916714713567     
   155.00000000000000        3589.0478479583139        3583.9116696651540        5.1361782931599009     
   155.50000000000000        3597.9042973777509        3592.8642184684031        5.0400789093478124     
   156.00000000000000        3606.6717332363114        3601.7269260744388        4.9448071618726317     
   156.50000000000000        3615.3505192977846        3610.5001432794752        4.8503760183093618     
   157.00000000000000        3623.9410317508487        3619.1842339706868        4.7567977801618326     
   157.50000000000000        3632.4436588294875        3627.7795747380774        4.6640840914101318     
   158.00000000000000        3640.8588004360004        3636.2865544886131        4.5722459473872732     
   158.50000000000000        3649.1868677668067        3644.7055740628448        4.4812937039619101     
   159.00000000000000        3657.4282829412496        3653.0370458542361        4.3912370870134509     
   159.50000000000000        3665.5834786335877        3661.2813934314099        4.3020852021777500     
   160.00000000000000        3673.6528977083412        3669.4390511635074        4.2138465448338138     
   160.50000000000000        3681.6369928591862        3677.5104638488538        4.1265290103324332     
   161.00000000000000        3689.5362262515337        3685.4960863471060        4.0401399044276332     
   161.50000000000000        3697.3510691689594        3693.3963832150575        3.9546859539018442     
   162.00000000000000        3705.0820016636362        3701.2118283462623        3.8701733173738830     
   162.50000000000000        3712.7295122108826        3708.9429046146297        3.7866075962529067     
   163.00000000000000        3720.2940973679747        3716.5901035221355        3.7039938458392498     
   163.50000000000000        3727.7762614373351        3724.1539248507861        3.6223365865489541     
   164.00000000000000        3735.1765161342032        3731.6348763189612        3.5416398152419788     
   164.50000000000000        3742.4953802589043        3739.0334732422571        3.4619070166472738     
   165.00000000000000        3749.7333793737948        3746.3502381989397        3.3831411748551545     
   165.50000000000000        3756.8910454849915        3753.5857007001100        3.3053447848815267     
   166.00000000000000        3763.9689167289512        3760.7403968646804        3.2285198642707655     
   166.50000000000000        3770.9675370639820        3767.8148690992439        3.1526679647381570     
   167.00000000000000        3777.8874559667483        3774.8096657829233        3.0777901838250727     
   167.50000000000000        3784.7292281338337        3781.7253409572663        3.0038871765673321     
   168.00000000000000        3791.4934131884156        3788.5624540212589        2.9309591671567432     
   168.50000000000000        3798.1805753920903        3795.3215694315095        2.8590059605808165     
   169.00000000000000        3804.7912833619016        3802.0032564076610        2.7880269542406495     
   169.50000000000000        3811.3261097925997        3808.6080886430741        2.7180211495256117     
   170.00000000000000        3817.7856311841560        3815.1366440208221        2.6489871633339135     
   170.50000000000000        3824.1704275745719        3821.5895043350283        2.5809232395436084     
   171.00000000000000        3830.4810822779782        3827.9672550175760        2.5138272604021950     
   171.50000000000000        3836.7181816280590        3834.2704848702115        2.4476967578475524     
   172.00000000000000        3842.8823147267890        3840.4997858020547        2.3825289247342880     
   172.50000000000000        3848.9740731985003        3846.6557525725311        2.3183206259691360     
   173.00000000000000        3854.9940509492690        3852.7389825397258        2.2550684095431279     
   173.50000000000000        3860.9428439316180        3858.7500754141661        2.1927685174518956     
   174.00000000000000        3866.8210499145212        3864.6896330180221        2.1314168964991040     
   174.50000000000000        3872.6292682587004        3870.5582590497215        2.0710092089789214     
   175.00000000000000        3878.3680996971898        3876.3565588539627        2.0115408432270669     
   175.50000000000000        3884.0381461211464        3882.0851391971087        1.9530069240377088     
   176.00000000000000        3889.6400103708820        3887.7446080479431        1.8954023229389350     
   176.50000000000000        3895.1742960320839        3893.3355743637580        1.8387216683258885     
   177.00000000000000        3900.6416072371926        3898.8586478817501        1.7829593554424719     
   177.50000000000000        3906.0425484718999        3904.3144389156892        1.7281095562107112     
   178.00000000000000        3911.3777243867253        3909.7035581578239        1.6741662289014130     
   178.50000000000000        3916.6477396136347        3915.0266164859868        1.6211231276479339     
   179.00000000000000        3921.8531985876493        3920.2842247758567        1.5689738117926026     
   179.50000000000000        3926.9947053734008        3925.4769937183328        1.5177116550680694     
   180.00000000000000        3932.0728634965844        3930.6055336419731        1.4673298546113074     
   180.50000000000000        3937.0882757802565        3935.6704543404508        1.4178214398057207     
   181.00000000000000        3942.0415441859182        3940.6723649049700        1.3691792809481740     
   181.50000000000000        3946.9332696593419        3945.6118735615942        1.3213960977477655     
   182.00000000000000        3951.7640519810680        3950.4895875134243        1.2744644676436110     
   182.50000000000000        3956.5344896215206        3955.3061127875721        1.2283768339484595     
   183.00000000000000        3961.2451796006844        3960.0620540868690        1.1831255138154120     
   183.50000000000000        3965.8967173522706        3964.7580146462465        1.1387027060241053     
   184.00000000000000        3970.4896965923176        3969.3945960937253        1.0951004985922737     
   184.50000000000000        3975.0247091921597        3973.9723983159520        1.0523108762076845     
   185.00000000000000        3979.5023450556914        3978.4920193282132        1.0103257274781754     
   185.50000000000000        3983.9231920008742        3982.9540551488635       0.96913685201070621     
   186.00000000000000        3988.2878356454039        3987.3590996780963       0.92873596730760255     
   186.50000000000000        3992.5968592964796        3991.7077445809919       0.88911471548772170     
   187.00000000000000        3996.8508438446015        3996.0005791747722       0.85026466982935744     
   187.50000000000000        4001.0503676613343        4000.2381903201899       0.81217734114443374     
   188.00000000000000        4005.1960065009525        4004.4211623169831       0.77484418396943511     
   188.50000000000000        4009.2883334059184        4008.5500768033235       0.73825660259490178     
   189.00000000000000        4013.3279186160994        4012.6255126591877       0.70240595691166163     
   189.50000000000000        4017.3153294816711        4016.6480459135755       0.66728356809562683     
   190.00000000000000        4021.2511303796309        4020.6182496555070       0.63288072412387919     
   190.50000000000000        4025.1358826338433        4024.5366939487249       0.59918868511840628     
   191.00000000000000        4028.9701444385605        4028.4039457500267       0.56619868853385924     
   191.50000000000000        4032.7544707853340        4032.2205688311569       0.53390195417705399     
   192.00000000000000        4036.4894133932526        4035.9871237041880       0.50228968906458249     
   192.50000000000000        4040.1755206424414        4039.7041675503115       0.47135309212990251     
   193.00000000000000        4043.8133375107391        4043.3722541519733       0.44108335876580895     
   193.50000000000000        4047.4034055134966        4046.9919338282784       0.41147168521820277     
   194.00000000000000        4050.9462626464178        4050.5637533735940       0.38250927282388147     
   194.50000000000000        4054.4424433313829        4054.0882559992770       0.35418733210599385     
   195.00000000000000        4057.8924783651732        4057.5659812784593       0.32649708671397093     
   195.50000000000000        4061.2968948710436        4060.9974650938166       0.29942977722703290     
   196.00000000000000        4064.6562162530618        4064.3832395882528       0.27297666480899352     
   196.50000000000000        4067.9709621531601        4067.7238331184280       0.24712903473209735     
   197.00000000000000        4071.2416484108207        4071.0197702110659       0.22187819975488310     
   197.50000000000000        4074.4687870253392        4074.2715715219665       0.19721550337271765     
   198.00000000000000        4077.6528861205943        4077.4797537976610       0.17313232293327019     
   198.50000000000000        4080.7944499122650        4080.6448298396381       0.14962007262693078     
   199.00000000000000        4083.8939786774263        4083.7673084710805       0.12667020634580695     
   199.50000000000000        4086.9519687264647        4086.8476945060406       0.10427422042403123     
   200.00000000000000        4089.9689123772487        4089.8864887209938        8.2423656254832167E-002
   200.50000000000000        4092.9452979314960        4092.8841878287067        6.1110102789371012E-002
   201.00000000000000        4095.8816096532746        4095.8412844543527        4.0325198921891570E-002
   201.50000000000000        4098.7783277495764        4098.7582671138171        2.0060635759364231E-002
   202.00000000000000        4101.6359283529118        4101.6356201941271        3.0815878471912583E-004
   202.50000000000000        4104.4548835058586        4104.4738239359513        1.8940430092698080E-002
   203.00000000000000        4107.2356611475143        4107.2733544180992        3.7693270584895799E-002
   203.50000000000000        4109.9787251017942        4110.0346835439768        5.5958442182600265E-002
   204.00000000000000        4112.6845350675167        4112.7582790299230        7.3743962406297214E-002
   204.50000000000000        4115.3535466102312        4115.4446043953867        9.1057785155499005E-002
   205.00000000000000        4117.9862111557177        4118.0941189548739       0.10790779915623716     
   205.50000000000000        4120.5829759851285        4120.7072778116244       0.12430182649586641     
   206.00000000000000        4123.1442842317010        4123.2845318529507       0.14024762124972767     
   206.50000000000000        4125.6705748789955        4125.8263277471942       0.15575286819876055     
   207.00000000000000        4128.1622827606288        4128.3331079422442       0.17082518161532789     
   207.50000000000000        4130.6198385614107        4130.8053106655680       0.18547210415727022     
   208.00000000000000        4133.0436688198861        4133.2433699257044       0.19970110581834888     
   208.50000000000000        4135.4341959321991        4135.6477155151661       0.21351958296691009     
   209.00000000000000        4137.7918381572517        4138.0187730147109       0.22693485745912767     
   209.50000000000000        4140.1170096231008        4140.3569637989240       0.23995417582318623     
   210.00000000000000        4142.4101203345654        4142.6627050430770       0.25258470851167658     
   210.50000000000000        4144.6715761819778        4144.9364097312064       0.26483354922856961     
   211.00000000000000        4146.9017789510626        4147.1784866653761       0.27670771431348840     
   211.50000000000000        4149.1011263338751        4149.3893404760775       0.28821414220237784     
   212.00000000000000        4151.2700119407864        4151.5693716337191       0.29935969293273956     
   212.50000000000000        4153.4088253134505        4153.7189764611767       0.31015114772617380     
   213.00000000000000        4155.5179519387357        4155.8385471473493       0.32059520861366764     
   213.50000000000000        4157.5977732635611        4157.9284717616902       0.33069849812909524     
   214.00000000000000        4159.6486667106265        4159.9891342696747       0.34046755904819292     
   214.50000000000000        4161.6710056949751        4162.0209145491553       0.34990885418028483     
   215.00000000000000        4163.6651596413740        4164.0241884075858       0.35902876621184987     
   215.50000000000000        4165.6314940024567        4165.9993276000596       0.36783359760283929     
   216.00000000000000        4167.5703702776245        4167.9466998481394       0.37632957051482663     
   216.50000000000000        4169.4821460326366        4169.8666688594367       0.38452282680009375     
   217.00000000000000        4171.3671749198948        4171.7595943479155       0.39241942802073027     
   217.50000000000000        4173.2258066993554        4173.6258320548768       0.40002535552139307     
   218.00000000000000        4175.0583872600728        4175.4657337705985       0.40734651052571280     
   218.50000000000000        4176.8652586423159        4177.2796473566023       0.41438871428636048     
   219.00000000000000        4178.6467590602506        4179.0679167685103       0.42115770825967047     
   219.50000000000000        4180.4032229251443        4180.8308820794664       0.42765915432210022     
   220.00000000000000        4182.1349808690757        4182.5688795040905       0.43389863501488435     
   220.50000000000000        4183.8423597691208        4184.2822414229449       0.43988165382415900     
   221.00000000000000        4185.5256827719804        4185.9712964074724       0.44561363549200905     
   221.50000000000000        4187.1852693190458        4187.6363692453961       0.45109992635025264     
   222.00000000000000        4188.8214351718507        4189.2777809665422       0.45634579469151504     
   222.50000000000000        4190.4344924379093        4190.8958488690641       0.46135643115485436     
   223.00000000000000        4192.0247495968988        4192.4908865460493       0.46613694915049564     
   223.50000000000000        4193.5925115271839        4194.0632039124785       0.47069238529456925     
   224.00000000000000        4195.1380795326413        4195.6131072325170       0.47502769987568172     
   224.50000000000000        4196.6617513697765        4197.1408991471162       0.47914777733967640     
   225.00000000000000        4198.1638212751068        4198.6468787019039       0.48305742679713148     
   225.50000000000000        4199.6445799927969        4200.1313413753396       0.48676138254268153     
   226.00000000000000        4201.1043148025183        4201.5945791071208       0.49026430460253323     
   226.50000000000000        4202.5433095475191        4203.0368803268120       0.49357077929289517     
   227.00000000000000        4203.9618446628929        4204.4585299826886       0.49668531979568797     
   227.50000000000000        4205.3601972040115        4205.8598095707630       0.49961236675153486     
   228.00000000000000        4206.7386408751281        4207.2409971639900       0.50235628886184713     
   228.50000000000000        4208.0974460581119        4208.6023674416219       0.50492138351000904     
   229.00000000000000        4209.4368798413134        4209.9441917187050       0.50731187739165762     
   229.50000000000000        4210.7572060485400        4211.2667379756967       0.50953192715678597     
   230.00000000000000        4212.0586852681245        4212.5702708881909       0.51158562006639841     
   230.50000000000000        4213.3415748820789        4213.8550518567308       0.51347697465189412     
   231.00000000000000        4214.6061290953157        4215.1213390367029       0.51520994138718379     
   231.50000000000000        4215.8525989649179        4216.3693873682914       0.51678840337353904     
   232.00000000000000        4217.0812324294538        4217.5994486064792       0.51821617702535150     
   232.50000000000000        4218.2922743383278        4218.8117713510919       0.51949701276407723     
   233.00000000000000        4219.4859664811338        4220.0066010768560       0.52063459572218562     
   233.50000000000000        4220.6625476170248        4221.1841801634773       0.52163254645256529     
   234.00000000000000        4221.8222535040732        4222.3447479257120       0.52249442163883941     
   234.50000000000000        4222.9653169286157        4223.4885406434259       0.52322371481022856     
   235.00000000000000        4224.0919677345719        4224.6157915916365       0.52382385706459900     
   235.50000000000000        4225.2024328527204        4225.7267310705156       0.52429821779514896     
   236.00000000000000        4226.2969363299380        4226.8215864353506       0.52465010541254742     
   236.50000000000000        4227.3756993583802        4227.9005821264536       0.52488276807343937     
   237.00000000000000        4228.4389403045861        4228.9639396990069       0.52499939442077448     
   237.50000000000000        4229.4868747385317        4230.0118778528367       0.52500311430503643     
   238.00000000000000        4230.5197154625885        4231.0446124621085       0.52489699952002411     
   238.50000000000000        4231.5376725403894        4232.0623566049308       0.52468406454136129     
   239.00000000000000        4232.5409533256116        4233.0653205928684       0.52436726725682092     
   239.50000000000000        4233.5297624906507        4234.0537120003455       0.52394950969483034     
   240.00000000000000        4234.5043020551775        4235.0277356939414       0.52343363876389049     
   240.50000000000000        4235.4647714145904        4235.9875938615705       0.52282244698017166     
   241.00000000000000        4236.4113673683350        4236.9334860415320       0.52211867319692828     
   241.50000000000000        4237.3442841481019        4237.8656091514340       0.52132500333209464     
   242.00000000000000        4238.2637134458846        4238.7841575169787       0.52044407109406166     
   242.50000000000000        4239.1698444418989        4239.6893229006046       0.51947845870563469     
   243.00000000000000        4240.0628638323597        4240.5812945299831       0.51843069762344385     
   243.50000000000000        4240.9429558571073        4241.4602591263601       0.51730326925280679     
   244.00000000000000        4241.8103023270733        4242.3264009327386       0.51609860566532006     
   244.50000000000000        4242.6650826515925        4243.1799017419007       0.51481909030826500     
   245.00000000000000        4243.5074738655539        4244.0209409242625       0.51346705870855658     
   245.50000000000000        4244.3376506563773        4244.8496954555558       0.51204479917851131     
   246.00000000000000        4245.1557853908234        4245.6663399443341       0.51055455351070123     
   246.50000000000000        4245.9620481416268        4246.4710466593024       0.50899851767553628     
   247.00000000000000        4246.7566067139560        4247.2639855564621       0.50737884250611387     
   247.50000000000000        4247.5396266716843        4248.0453243060711       0.50569763438670634     
   248.00000000000000        4248.3112713634810        4248.8152283194113       0.50395695593033452     
   248.50000000000000        4249.0717019487201        4249.5738607753692       0.50215882664906530     
   249.00000000000000        4249.8210774231884        4250.3213826468182       0.50030522362976626     
   249.50000000000000        4250.5595546446102        4251.0579527268064       0.49839808219621773     
   250.00000000000000        4251.2872883579794        4251.7837276545397       0.49643929656031105     
   250.50000000000000        4252.0044312206837        4252.4988619411670       0.49443072048325121     
   251.00000000000000        4252.7111338274462        4253.2035079953630       0.49237416791675059     
   251.50000000000000        4253.4075447350551        4253.8978161486975       0.49027141364240379     
   252.00000000000000        4254.0938104868937        4254.5819346808075       0.48812419391379080     
   252.50000000000000        4254.7700756372724        4255.2560098443491       0.48593420707675250     
   253.00000000000000        4255.4364827755544        4255.9201858897477       0.48370311419330392     
   253.50000000000000        4256.0931725500695        4256.5746050897314       0.48143253966190969     
   254.00000000000000        4256.7402836918282        4257.2194077636541       0.47912407182593597     
   254.50000000000000        4257.3779530380298        4257.8547323015991       0.47677926356936950     
   255.00000000000000        4258.0063155553471        4258.4807151882751       0.47439963292799803     
   255.50000000000000        4258.6255043630254        4259.0974910266905       0.47198666366512043     
   256.00000000000000        4259.2356507557470        4259.7051925616142       0.46954180586726579     
   256.50000000000000        4259.8368842263026        4260.3039507028188       0.46706647651626554     
   257.00000000000000        4260.4293324880446        4260.8938945481032       0.46456206005859713     
   257.50000000000000        4261.0131214971307        4261.4751514061018       0.46202990897108975     
   258.00000000000000        4261.5883754745510        4262.0478468188739       0.45947134432299208     
   258.50000000000000        4262.1552169279539        4262.6121045842729       0.45688765631894057     
   259.00000000000000        4262.7137666732515        4263.1680467781007       0.45428010484920378     
   259.50000000000000        4263.2641438560149        4263.7157937760403       0.45164992002537474     
   260.00000000000000        4263.8064659726615        4264.2554642753721       0.44899830271060637     
   260.50000000000000        4264.3408488914256        4264.7871753164709       0.44632642504529940     
   261.00000000000000        4264.8674068731243        4265.3110423040880       0.44363543096369540     
   261.50000000000000        4265.3862525917102        4265.8271790284125       0.44092643670228426     
   262.00000000000000        4265.8974971546058        4266.3356976859168       0.43820053131094028     
   262.50000000000000        4266.4012501228435        4266.8367088999876       0.43545877714404924     
   263.00000000000000        4266.8976195309842        4267.3303217413368       0.43270221035254508     
   263.50000000000000        4267.3867119068309        4267.8166437482023       0.42993184137139906     
   264.00000000000000        4267.8686322909380        4268.2957809463296       0.42714865539164748     
   264.50000000000000        4268.3434842559036        4268.7678378687424       0.42435361283878592     
   265.00000000000000        4268.8113699254673        4269.2329175752993       0.42154764983206405     
   265.50000000000000        4269.2723899933953        4269.6911216720391       0.41873167864378047     
   266.00000000000000        4269.7266437421595        4270.1425503303117       0.41590658815221104     
   266.50000000000000        4270.1742290614184        4270.5873023057029       0.41307324428453285     
   267.00000000000000        4270.6152424662905        4271.0254749567484       0.41023249045792909     
   267.50000000000000        4271.0497791154266        4271.4571642634382       0.40738514801159909     
   268.00000000000000        4271.4779328288832        4271.8824648455147       0.40453201663149230     
   268.50000000000000        4271.8997961057930        4272.3014699805653       0.40167387477231387     
   269.00000000000000        4272.3154601418410        4272.7142716219087       0.39881148006770673     
   269.50000000000000        4272.7250148465373        4273.1209604162786       0.39594556974134321     
   270.00000000000000        4273.1285488603016        4273.5216257213060       0.39307686100437422     
   270.50000000000000        4273.5261495713403        4273.9163556227968       0.39020605145651643     
   271.00000000000000        4273.9179031323456        4274.3052369518127       0.38733381946713052     
   271.50000000000000        4274.3038944769878        4274.6883553015541       0.38446082456630393     
   272.00000000000000        4274.6842073362250        4275.0657950440400       0.38158770781501516     
   272.50000000000000        4275.0589242544174        4275.4376393466000       0.37871509218257415     
   273.00000000000000        4275.4281266052585        4275.8039701881653       0.37584358290678210     
   273.50000000000000        4275.7918946075115        4276.1648683753710       0.37297376785954839     
   274.00000000000000        4276.1503073405711        4276.5204135584627       0.37010621789158904     
   274.50000000000000        4276.5034427598257        4276.8706842470183       0.36724148719258665     
   275.00000000000000        4276.8513777118505        4277.2157578254737       0.36438011362315592     
   275.50000000000000        4277.1941879494125        4277.5557105684702       0.36152261905772320     
   276.00000000000000        4277.5319481462930        4277.8906176560076       0.35866950971467304     
   276.50000000000000        4277.8647319119355        4278.2205531884201       0.35582127648467576     
   277.00000000000000        4278.1926118059173        4278.5455902011636       0.35297839524628216     
   277.50000000000000        4278.5156593522406        4278.8658006794258       0.35014132718515611     
   278.00000000000000        4278.8339450534513        4279.1812555725564       0.34731051910512178     
   278.50000000000000        4279.1475384045889        4279.4920248083190       0.34448640373011585     
   279.00000000000000        4279.4565079069571        4279.7981773069623       0.34166940000523027     
   279.50000000000000        4279.7609210817309        4280.0997809951250       0.33885991339411703     
   280.00000000000000        4280.0608444833961        4280.3969028195597       0.33605833616365999     
   280.50000000000000        4280.3563437130160        4280.6896087606883       0.33326504767228471     
   281.00000000000000        4280.6474834313385        4280.9779638459877       0.33048041464917333     
   281.50000000000000        4280.9343273717368        4281.2620321632066       0.32770479146984144     
   282.00000000000000        4281.2169383529899        4281.5418768734144       0.32493852042443905     
   282.50000000000000        4281.4953782918992        4281.8175602238853       0.32218193198605150     
   283.00000000000000        4281.7697082157511        4282.0891435608191       0.31943534506808646     
   283.50000000000000        4282.0399882746178        4282.3566873419013       0.31669906728347996     
   284.00000000000000        4282.3062777535015        4282.6202511486972       0.31397339519571688     
   284.50000000000000        4282.5686350843298        4282.8798936988969       0.31125861456712300     
   285.00000000000000        4282.8271178577934        4283.1356728583914       0.30855500059806218     
   285.50000000000000        4283.0817828350318        4283.3876456532016       0.30586281816977134     
   286.00000000000000        4283.3326859591762        4283.6358682812515       0.30318232207537221     
   286.50000000000000        4283.5798823667337        4283.8803961239855       0.30051375725179241     
   287.00000000000000        4283.8234263988325        4284.1212837578378       0.29785735900532018     
   287.50000000000000        4284.0633716123202        4284.3585849655537       0.29521335323352105     
   288.00000000000000        4284.2997707907189        4284.5923527473578       0.29258195663896913     
   288.50000000000000        4284.5326759550326        4284.8226393319828       0.28996337695025431     
   289.00000000000000        4284.7621383744245        4285.0494961875493       0.28735781312479958     
   289.50000000000000        4284.9882085767440        4285.2729740323030       0.28476545555895427     
   290.00000000000000        4285.2109363589261        4285.4931228452124       0.28218648628626397     
   290.50000000000000        4285.4303707972467        4285.7099918764243       0.27962107917755930     
   291.00000000000000        4285.6465602574453        4285.9236296575846       0.27706940013922576     
   291.50000000000000        4285.8595524047196        4286.1340840120165       0.27453160729692172     
   292.00000000000000        4286.0693942135822        4286.3414020647679       0.27200785118566273     
   292.50000000000000        4286.2761319775909        4286.5456302525254       0.26949827493444900     
   293.00000000000000        4286.4798113189454        4286.7468143333936       0.26700301444816432     
   293.50000000000000        4286.6804771979650        4286.9449993965427       0.26452219857765158     
   294.00000000000000        4286.8781739224305        4287.1402298717312       0.26205594930070220     
   294.50000000000000        4287.0729451568131        4287.3325495386980       0.25960438188485568     
   295.00000000000000        4287.2648339313655        4287.5220015364275       0.25716760506202263     
   295.50000000000000        4287.4538826511098        4287.7086283722920       0.25474572118218930     
   296.00000000000000        4287.6401331046873        4287.8924719310689       0.25233882638167415     
   296.50000000000000        4287.8236264731004        4288.0735734838381       0.24994701073774195     
   297.00000000000000        4288.0044033383374        4288.2519736967570       0.24757035841957986     
   297.50000000000000        4288.1825036918717        4288.4277126397174       0.24520894784564007     
   298.00000000000000        4288.3579669430610        4288.6008297948838       0.24286285182279244     
   298.50000000000000        4288.5308319274172        4288.7713640651182       0.24053213770093862     
   299.00000000000000        4288.7011369147785        4288.9393537822871       0.23821686750852678     
   299.50000000000000        4288.8689196173627        4289.1048367154544       0.23591709809170425     
   300.00000000000000        4289.0342171977109        4289.2678500789680       0.23363288125710824     
   300.50000000000000        4289.1970662765307        4289.4284305404281       0.23136426389737608     
   301.00000000000000        4289.3575029404237        4289.5866142285513       0.22911128812756942     
   301.50000000000000        4289.5155627495133        4289.7424367409258       0.22687399141250353     
   302.00000000000000        4289.6712807449676        4289.8959331516580       0.22465240669043851     
   302.50000000000000        4289.8246914564179        4290.0471380189174       0.22244656249949912     
   303.00000000000000        4289.9758289092761        4290.1960853923720       0.22025648309590906     
   303.50000000000000        4290.1247266319533        4290.3428088205274       0.21808218857404427     
   304.00000000000000        4290.2714176629806        4290.4873413579580       0.21592369497739128     
   304.50000000000000        4290.4159345580256        4290.6297155724451       0.21378101441951003     
   305.00000000000000        4290.5583093968207        4290.7699635520084       0.21165415518771624     
   305.50000000000000        4290.6985737899895        4290.9081169118463       0.20954312185676827     
   306.00000000000000        4290.8367588857818        4291.0442068011753       0.20744791539345897     
   306.50000000000000        4290.9728953767190        4291.1782639099765       0.20536853325756965     
   307.00000000000000        4291.1070135061382        4291.3103184756492       0.20330496951100940     
   307.50000000000000        4291.2391430746557        4291.4404002895672       0.20125721491149307     
   308.00000000000000        4291.3693134465384        4291.5685387035473       0.19922525700894766     
   308.50000000000000        4291.4975535559788        4291.6947626362280       0.19720908024919481     
   309.00000000000000        4291.6238919132975        4291.8191005793551       0.19520866605762421     
   309.50000000000000        4291.7483566110432        4291.9415806039833       0.19322399294014758     
   310.00000000000000        4291.8709753300227        4292.0622303665868       0.19125503656414367     
   310.50000000000000        4291.9917753452373        4292.1810771150876       0.18930176985031721     
   311.00000000000000        4292.1107835317380        4292.2981476947971       0.18736416305910097     
   311.50000000000000        4292.2280263704006        4292.4134685542740       0.18544218387341971     
   312.00000000000000        4292.3435299536241        4292.5270657511019       0.18353579747781623     
   312.50000000000000        4292.4573199909373        4292.6389649575813       0.18164496664394392     
   313.00000000000000        4292.5694218145409        4292.7491914663451       0.17976965180423576     
   313.50000000000000        4292.6798603847619        4292.8577701958930       0.17790981113103044     
   314.00000000000000        4292.7886602954368        4292.9647256960479       0.17606540061115084     
   314.50000000000000        4292.8958457792160        4293.0700821533355       0.17423637411957316     
   315.00000000000000        4293.0014407127992        4293.1738633962868       0.17242268348763901     
   315.50000000000000        4293.1054686220859        4293.2760929006645       0.17062427857854345     
   316.00000000000000        4293.2079526872658        4293.3767937946195       0.16884110735372815     
   316.50000000000000        4293.3089157478335        4293.4759888637682       0.16707311593472696     
   317.00000000000000        4293.4083803075255        4293.5737005562023       0.16532024867683504     
   317.50000000000000        4293.5063685391970        4293.6699509874252       0.16358244822822599     
   318.00000000000000        4293.6029022896255        4293.7647619452164       0.16185965559088800     
   318.50000000000000        4293.6980030842460        4293.8581548944321       0.16015181018610747     
   319.00000000000000        4293.7916921318210        4293.9501509817319       0.15845884991085768     
   319.50000000000000        4293.8839903290445        4294.0407710402387       0.15678071119418746     
   320.00000000000000        4293.9749182650748        4294.1300355941357       0.15511732906088582     
   320.50000000000000        4294.0644962260130        4294.2179648631927       0.15346863717968517     
   321.00000000000000        4294.1527441993112        4294.3045787672318       0.15183456792055949     
   321.50000000000000        4294.2396818781199        4294.3898969305264       0.15021505240656552     
   322.00000000000000        4294.3253286655709        4294.4739386861393       0.14861002056841244     
   322.50000000000000        4294.4097036790045        4294.5567230801953       0.14701940119084611     
   323.00000000000000        4294.4928257541314        4294.6382688760959       0.14544312196449027     
   323.50000000000000        4294.5747134491430        4294.7185945586734       0.14388110953041178     
   324.00000000000000        4294.6553850487489        4294.7977183382809       0.14233328953196178     
   324.50000000000000        4294.7348585681730        4294.8756581548305       0.14079958665752201     
   325.00000000000000        4294.8131517570800        4294.9524316817660       0.13927992468597949     
   325.50000000000000        4294.8902821034562        4295.0280563299839       0.13777422652765381     
   326.00000000000000        4294.9662668374240        4295.1025492516947       0.13628241427068133     
   326.50000000000000        4295.0411229350129        4295.1759273442312       0.13480440921830450     
   327.00000000000000        4295.1148671218643        4295.2482072537996       0.13334013193525607     
   327.50000000000000        4295.1875158768971        4295.3194053791749       0.13188950227777241     
   328.00000000000000        4295.2590854359078        4295.3895378753505       0.13045243944270624     
   328.50000000000000        4295.3295917951291        4295.4586206571239       0.12902886199481145     
   329.00000000000000        4295.3990507147291        4295.5266694026404       0.12761868791130837     
   329.50000000000000        4295.4674777222699        4295.5936995568800       0.12622183461007808     
   330.00000000000000        4295.5348881161035        4295.6597263350959       0.12483821899240866     
   330.50000000000000        4295.6012969687326        4295.7247647262011       0.12346775746846106     
   331.00000000000000        4295.6667191301121        4295.7888294961103       0.12211036599819636     
   331.50000000000000        4295.7311692309131        4295.8519351910281       0.12076596011502261     
   332.00000000000000        4295.7946616857307        4295.9140961406920       0.11943445496126515     
   332.50000000000000        4295.8572106962492        4295.9753264615683       0.11811576531908941     
   333.00000000000000        4295.9188302543625        4296.0356400600040       0.11680980564142374     
   333.50000000000000        4295.9795341452518        4296.0950506353256       0.11551649007378728     
   334.00000000000000        4296.0393359504142        4296.1535716829021       0.11423573248794128     
   334.50000000000000        4296.0982490506449        4296.2112164971559       0.11296744651099289     
   335.00000000000000        4296.1562866289905        4296.2679981745341       0.11171154554358509     
   335.50000000000000        4296.2134616736412        4296.3239296164356       0.11046794279445749     
   336.00000000000000        4296.2697869807962        4296.3790235320957       0.10923655129954568     
   336.50000000000000        4296.3252751574764        4296.4332924414266       0.10801728395017562     
   337.00000000000000        4296.3799386243072        4296.4867486778185       0.10681005351125350     
   337.50000000000000        4296.4337896182487        4296.5394043909018       0.10561477265309804     
   338.00000000000000        4296.4868401953008        4296.5912715492641       0.10443135396326397     
   338.50000000000000        4296.5391022331532        4296.6423619431307       0.10325970997746481     
   339.00000000000000        4296.5905874338132        4296.6926871870073       0.10209975319412479     
   339.50000000000000        4296.6413073261801        4296.7422587222791       0.10095139609893522     
   340.00000000000000        4296.6912732685951        4296.7910878197763        9.9814551181225397E-002
   340.50000000000000        4296.7404964513462        4296.8391855823029        9.8689130956699955E-002
   341.00000000000000        4296.7889878991391        4296.8865629471229        9.7575047983809782E-002
   341.50000000000000        4296.8367584735324        4296.9332306884153        9.6472214882851404E-002
   342.00000000000000        4296.8838188753380        4296.9791994196912        9.5380544353247387E-002
   342.50000000000000        4296.9301796469863        4297.0244795961771        9.4299949190826737E-002
   343.00000000000000        4296.9758511748560        4297.0690815171592        9.3230342303286307E-002
   343.50000000000000        4297.0208436915700        4297.1130153282975        9.2171636727471196E-002
   344.00000000000000        4297.0651672782597        4297.1562910239063        9.1123745646655152E-002
   344.50000000000000        4297.1088318667953        4297.1989184491958        9.0086582400545012E-002
   345.00000000000000        4297.1518472419848        4297.2409073024883        8.9060060503470595E-002
   345.50000000000000        4297.1942230437353        4297.2822671373960        8.8044093660755607E-002
   346.00000000000000        4297.2359687691942        4297.3230073649684        8.7038595774174610E-002
   346.50000000000000        4297.2770937748437        4297.3631372558093        8.6043480965599883E-002
   347.00000000000000        4297.3176072785836        4297.4026659421634        8.5058663579729910E-002
   347.50000000000000        4297.3575183617641        4297.4416024199700        8.4084058205917245E-002
   348.00000000000000        4297.3968359712044        4297.4799555508862        8.3119579681806499E-002
   348.50000000000000        4297.4355689211743        4297.5177340642831        8.2165143108795746E-002
   349.00000000000000        4297.4737258953446        4297.5549465592112        8.1220663866588438E-002
   349.50000000000000        4297.5113154487208        4297.5916015063358        8.0286057615012396E-002
   350.00000000000000        4297.5483460095329        4297.6277072498451        7.9361240312209702E-002
   350.50000000000000        4297.5848258811093        4297.6632720093312        7.8446128221912659E-002
   351.00000000000000        4297.6207632437190        4297.6983038816416        7.7540637922538735E-002
   351.50000000000000        4297.6561661563846        4297.7328108427018        7.6644686317195010E-002
   352.00000000000000        4297.6910425586757        4297.7668007493166        7.5758190640954126E-002
   352.50000000000000        4297.7254002724676        4297.8002813409412        7.4881068473587220E-002
   353.00000000000000        4297.7592470036816        4297.8332602414239        7.4013237742292404E-002
   353.50000000000000        4297.7925903439946        4297.8657449607290        7.3154616734427691E-002
   354.00000000000000        4297.8254377725243        4297.8977428966273        7.2305124102967966E-002
   354.50000000000000        4297.8577966574994        4297.9292613363696        7.1464678870142961E-002
   355.00000000000000        4297.8896742578836        4297.9603074583292        7.0633200445627153E-002
   355.50000000000000        4297.9210777250028        4297.9908883336202        6.9810608617444814E-002
   356.00000000000000        4297.9520141041239        4298.0210109276986        6.8996823574707378E-002
   356.50000000000000        4297.9824903360304        4298.0506821019308        6.8191765900337487E-002
   357.00000000000000        4298.0125132585608        4298.0799086151446        6.7395356583801913E-002
   357.50000000000000        4298.0420896081305        4298.1086971251589        6.6607517028387520E-002
   358.00000000000000        4298.0712260212331        4298.1370541902816        6.5828169048472773E-002
   358.50000000000000        4298.0999290359123        4298.1649862707982        6.5057234885898652E-002
   359.00000000000000        4298.1282050932241        4298.1924997304268        6.4294637202692684E-002
   359.50000000000000        4298.1560605386630        4298.2196008377596        6.3540299096530362E-002
   360.00000000000000        4298.1835016235800        4298.2462957676771        6.2794144097097160E-002
   360.50000000000000        4298.2105345065720        4298.2725906027481        6.2056096176092979E-002
   361.00000000000000        4298.2371652548563        4298.2984913346027        6.1326079746322648E-002
   361.50000000000000        4298.2633998456158        4298.3240038652866        6.0604019670790876E-002
   362.00000000000000        4298.2892441673384        4298.3491340085993        5.9889841260883259E-002
   362.50000000000000        4298.3147040211243        4298.3738874914061        5.9183470281823247E-002
   363.00000000000000        4298.3397851219797        4298.3982699549351        5.8484832955400634E-002
   363.50000000000000        4298.3644931000899        4298.4222869560563        5.7793855966338015E-002
   364.00000000000000        4298.3888335020738        4298.4459439685352        5.7110466461381293E-002
   364.50000000000000        4298.4128117922246        4298.4692463842739        5.6434592049299681E-002
