   0.0000000000000000        198.00000000000000        198.00000000000000        0.0000000000000000     
  0.50000000000000000        200.85261267630881        200.85261267536416        9.4465235633833800E-010
   1.0000000000000000        203.74428201196733        203.74428201005551        1.9118147065455560E-009
   1.5000000000000000        206.67548361521230        206.67548361231059        2.9017144242970971E-009
   2.0000000000000000        209.64669717085516        209.64669716694038        3.9147778352344176E-009
   2.5000000000000000        212.65840642312838        212.65840641817709        4.9512891564518213E-009
   3.0000000000000000        215.71109915652346        215.71109915051204        6.0114189182058908E-009
   3.5000000000000000        218.80526717456175        218.80526716746616        7.0955934461380821E-009
   4.0000000000000000        221.94140627643773        221.94140626823364        8.2040969573426992E-009
   4.5000000000000000        225.12001623147557        225.12001622213842        9.3371568254951853E-009
   5.0000000000000000        228.34160075133741        228.34160074084230        1.0495114111108705E-008
   5.5000000000000000        231.60666745992103        231.60666744824280        1.1678224609568133E-008
   6.0000000000000000        234.91572786088500        234.91572784799814        1.2886857803096063E-008
   6.5000000000000000        238.26929730273682        238.26929728861560        1.4121212643658509E-008
   7.0000000000000000        241.66789494142105        241.66789492603942        1.5381630191768636E-008
   7.5000000000000000        245.11204370034119        245.11204368367285        1.6668337821101886E-008
   8.0000000000000000        248.60227022775081        248.60227020976913        1.7981676592171425E-008
   8.5000000000000000        252.13910485144686        252.13910483212493        1.9321930722071556E-008
   9.0000000000000000        255.72308153069872        255.72308151000934        2.0689384427896584E-008
   9.5000000000000000        259.35473780534539        259.35473778326116        2.2084236661612522E-008
   10.000000000000000        263.03461474199287        263.03461471848601        2.3506856905441964E-008
   10.500000000000000        266.76325687724290        266.76325685228545        2.4957444111350924E-008
   11.000000000000000        270.54121215788462        270.54121213144828        2.6436339339852566E-008
   11.500000000000000        274.36903187797901        274.36903185003536        2.7943656277784612E-008
   12.000000000000000        278.24727061276752        278.24727058328762        2.9479906515916809E-008
   12.500000000000000        282.17648614933285        282.17648611828770        3.1045146897668019E-008
   13.000000000000000        286.15723941394373        286.15723938130412        3.2639604796713684E-008
   13.500000000000000        290.19009439601189        290.19009436174821        3.4263678116985830E-008
   14.000000000000000        294.27561806859001        294.27561803267253        3.5917480545322178E-008
   14.500000000000000        298.41438030534152        298.41438026774023        3.7601296298817033E-008
   15.000000000000000        302.60695379390978        302.60695375459437        3.9315409594564699E-008
   15.500000000000000        306.85391394561657        306.85391390455663        4.1059934119402897E-008
   16.000000000000000        311.15583880141946        311.15583875858425        4.2835210933844792E-008
   16.500000000000000        315.51330893405702        315.51330888941561        4.4641410568146966E-008
   17.000000000000000        319.92690734631191        319.92690729983332        4.6478589865728281E-008
   17.500000000000000        324.39721936532254        324.39721931697545        4.8347089887101902E-008
   18.000000000000000        328.92483253287281        328.92483248262567        5.0247138005943270E-008
   18.500000000000000        333.51033649159172        333.51033643941292        5.2178791065671248E-008
   19.000000000000000        338.15432286699530        338.15432281285285        5.4142446970217861E-008
   19.500000000000000        342.85738514530129        342.85738508916330        5.6137992032745387E-008
   20.000000000000000        347.62011854695277        347.62011848878689        5.8165881000604713E-008
   20.500000000000000        352.44311989578159        352.44311983555565        6.0225943343539257E-008
   21.000000000000000        357.32698748375049        357.32698742143191        6.2318576965481043E-008
   21.500000000000000        362.27232093120671        362.27232086676293        6.4443781866430072E-008
   22.000000000000000        367.27972104258788        367.27972097598604        6.6601842263480648E-008
   22.500000000000000        372.34978965751668        372.34978958872398        6.8792701313213911E-008
   23.000000000000000        377.48312949722708        377.48312942621050        7.1016586389305303E-008
   23.500000000000000        382.68034400626215        382.68034393298865        7.3273497491754824E-008
   24.000000000000000        387.94203718938905        387.94203711382551        7.5563548307400197E-008
   24.500000000000000        393.26881344367638        393.26881336578953        7.7886852523079142E-008
   25.000000000000000        398.66127738568122        398.66127730543775        8.0243466982210521E-008
   25.500000000000000        404.12003367369681        404.12003359106342        8.2633391684794333E-008
   26.000000000000000        409.64568682501283        409.64568673995603        8.5056797161087161E-008
   26.500000000000000        415.23884102814225        415.23884094062879        8.7513456037413562E-008
   27.000000000000000        420.90009994997416        420.90009985997057        9.0003595687448978E-008
   27.500000000000000        426.63006653781048        426.63006644528321        9.2527272954612272E-008
   28.000000000000000        432.42934281625065        432.42934272116639        9.5084260465227999E-008
   28.500000000000000        438.29852967889173        438.29852958121700        9.7674728749552742E-008
   29.000000000000000        444.23822667481068        444.23822657451217        1.0029850727732992E-007
   29.500000000000000        450.24903178980452        450.24903168684892        1.0295559604855953E-007
   30.000000000000000        456.33154122236277        456.33154111671683        1.0564593821982271E-007
   30.500000000000000        462.48634915435389        462.48634904598441        1.0836947694770060E-007
   31.000000000000000        468.71404751640881        468.71404740528277        1.1112604170193663E-007
   31.500000000000000        475.01522574799094        475.01522563407536        1.1391557563911192E-007
   32.000000000000000        481.39047055214462        481.39047043540660        1.1673802191580762E-007
   32.500000000000000        487.84036564491936        487.84036552532626        1.1959309631492943E-007
   33.000000000000000        494.36549149947228        494.36549137699154        1.2248074199305847E-007
   33.500000000000000        500.96642508485428        500.96642495945360        1.2540067473310046E-007
   34.000000000000000        507.64373959949347        507.64373947114058        1.2835289453505538E-007
   34.500000000000000        514.39800419939070        514.39800406805375        1.3133694665157236E-007
   35.000000000000000        521.22978372105251        521.22978358669945        1.3435305845632683E-007
   35.500000000000000        528.13963839918574        528.13963826178542        1.3740032045461703E-007
   36.000000000000000        535.12812357919347        535.12812343871440        1.4047907370695611E-007
   36.500000000000000        542.19578942450460        542.19578928091596        1.4358863609231776E-007
   37.000000000000000        549.34318061879139        549.34318047206250        1.4672889392386423E-007
   37.500000000000000        556.57083606312131        556.57083591322157        1.4989973351475783E-007
   38.000000000000000        563.87928856810447        563.87928841500411        1.5310035905713448E-007
   38.500000000000000        571.26906454110519        571.26906438477420        1.5633099792466965E-007
   39.000000000000000        578.74068366858432        578.74068350899358        1.5959074062266154E-007
   39.500000000000000        586.29465859366042        586.29465843078083        1.6287958715111017E-007
   40.000000000000000        593.93149458896869        593.93149442277183        1.6619685538898921E-007
   40.500000000000000        601.65168922491978        601.65168905537746        1.6954231796262320E-007
   41.000000000000000        609.45573203345566        609.45573186054025        1.7291540643782355E-007
   41.500000000000000        617.34410416741650        617.34410399110072        1.7631577975407708E-007
   42.000000000000000        625.31727805563366        625.31727787589091        1.7974275579035748E-007
   42.500000000000000        633.37571705387893        633.37571687068260        1.8319633454666473E-007
   43.000000000000000        641.51987509179969        641.51987490512442        1.8667526546778390E-007
   43.500000000000000        649.75019631599002        649.75019612581048        1.9017954855371499E-007
   44.000000000000000        658.06711472934171        658.06711453563321        1.9370850168343168E-007
   44.500000000000000        666.47105382684208        666.47105362958052        1.9726155642274534E-007
   45.000000000000000        674.96242622798388        674.96242602714597        2.0083791696379194E-007
   45.500000000000000        683.54163330596839        683.54163310153103        2.0443735593289603E-007
   46.000000000000000        692.20906481388442        692.20906460582557        2.0805885014851810E-007
   46.500000000000000        700.96509850806626        700.96509829636432        2.1170194486330729E-007
   47.000000000000000        709.81009976882910        709.81009955346326        2.1536584426939953E-007
   47.500000000000000        718.74442121880145        718.74442099975147        2.1904997993260622E-007
   48.000000000000000        727.76840233907694        727.76840211632316        2.2275378341873875E-007
   48.500000000000000        736.88236908341798        736.88236885694198        2.2647600417258218E-007
   49.000000000000000        746.08663349075766        746.08663326054113        2.3021652850729879E-007
   49.500000000000000        755.38149329624594        755.38149306227194        2.3397399218083592E-007
   50.000000000000000        764.76723154110948        764.76723130336143        2.3774805413268041E-007
   50.500000000000000        774.24411618158865        774.24411594005085        2.4153780486813048E-007
   51.000000000000000        783.81239969723754        783.81239945189520        2.4534233489248436E-007
   51.500000000000000        793.47231869887366        793.47231844971282        2.4916084839787800E-007
   52.000000000000000        803.22409353647697        803.22409328348454        2.5299243588960962E-007
   52.500000000000000        813.06792790734653        813.06792765051023        2.5683630155981518E-007
   53.000000000000000        823.00400846483069        823.00400820413938        2.6069130854011746E-007
   53.500000000000000        833.03250442795922        833.03250416340211        2.6455711577000329E-007
   54.000000000000000        843.15356719230670        843.15356692387456        2.6843213163374458E-007
   54.500000000000000        853.36732994243857        853.36732967012267        2.7231590138399042E-007
   55.000000000000000        863.67390726628253        863.67390699007535        2.7620717446552590E-007
   55.500000000000000        874.07339477179198        874.07339449168705        2.8010492769681150E-007
   56.000000000000000        884.56586870626620        884.56586842225761        2.8400859264365863E-007
   56.500000000000000        895.15138557870137        895.15138529078479        2.8791657769033918E-007
   57.000000000000000        905.82998178556090        905.82998149373248        2.9182842808950227E-007
   57.500000000000000        916.60167324034694        916.60167294460416        2.9574277959909523E-007
   58.000000000000000        927.46645500737804        927.46645470771921        2.9965883641125401E-007
   58.500000000000000        938.42430094017038        938.42430063659504        3.0357534797076369E-007
   59.000000000000000        949.47516332483553        949.47516301734436        3.0749117740924703E-007
   59.500000000000000        960.61897252890833        960.61897221750291        3.1140541523200227E-007
   60.000000000000000        971.85563665602501        971.85563634070820        3.1531681088381447E-007
   60.500000000000000        983.18504120687862        983.18504088765405        3.1922456855681958E-007
   61.000000000000000        994.60704874687883        994.60704842375162        3.2312721032212721E-007
   61.500000000000000        1006.1214985809534        1006.1214982539293        3.2702405405871104E-007
   62.000000000000000        1017.7282064359234        1017.7282061050098        3.3091362183768069E-007
   62.500000000000000        1029.4269641508979        1029.4269638161029        3.3479500416433439E-007
   63.000000000000000        1041.2175393761245        1041.2175390374578        3.3866672310978174E-007
   63.500000000000000        1053.0996752807443        1053.0996749382164        3.4252798286615871E-007
   64.000000000000000        1065.0730902698938        1065.0730899235161        3.4637764656508807E-007
   64.500000000000000        1077.1374777115996        1077.1374773613857        3.5021389521716628E-007
   65.000000000000000        1089.2925056739141        1089.2925053198776        3.5403650144871790E-007
   65.500000000000000        1101.5378166727310        1101.5378163148869        3.5784410101769026E-007
   66.000000000000000        1113.8730274307304        1113.8730270690955        3.6163487493467983E-007
   66.500000000000000        1126.2977286478924        1126.2977282824838        3.6540859582601115E-007
   67.000000000000000        1138.8114847840129        1138.8114844148495        3.6916344470228069E-007
   67.500000000000000        1151.4138338536654        1151.4138334807669        3.7289851206878666E-007
   68.000000000000000        1164.1042872340297        1164.1042868574173        3.7661243368347641E-007
   68.500000000000000        1176.8823294860201        1176.8823291057158        3.8030430005164817E-007
   69.000000000000000        1189.7474181891271        1189.7474178051546        3.8397251955757383E-007
   69.500000000000000        1202.6989837903898        1202.6989834027731        3.8761663745390251E-007
   70.000000000000000        1215.7364294679001        1215.7364290766650        3.9123506212490611E-007
   70.500000000000000        1228.8591310092397        1228.8591306144131        3.9482665670220740E-007
   71.000000000000000        1242.0664367052357        1242.0664363068456        3.9839005694375373E-007
   71.500000000000000        1255.3576672594131        1255.3576668574885        4.0192458072851878E-007
   72.000000000000000        1268.7321157135123        1268.7321153080832        4.0542909118812531E-007
   72.500000000000000        1282.1890473894273        1282.1890469805255        4.0890176933316980E-007
   73.000000000000000        1295.7276998479115        1295.7276994355691        4.1234238778997678E-007
   73.500000000000000        1309.3472828643742        1309.3472824486246        4.1574958231649362E-007
   74.000000000000000        1323.0469784220932        1323.0469780029714        4.1912176129699219E-007
   74.500000000000000        1336.8259407231428        1336.8259403006844        4.2245846998412162E-007
   75.000000000000000        1350.6832962173203        1350.6832957915615        4.2575879888318013E-007
   75.500000000000000        1364.6181436493446        1364.6181432203236        4.2902092900476418E-007
   76.000000000000000        1378.6295541245845        1378.6295536923401        4.3224440560152289E-007
   76.500000000000000        1392.7165711935427        1392.7165707581148        4.3542786443140358E-007
   77.000000000000000        1406.8782109553215        1406.8782105167506        4.3857085074705537E-007
   77.500000000000000        1421.1134621802619        1421.1134617385908        4.4167109081172384E-007
   78.000000000000000        1435.4212864519432        1435.4212860072137        4.4472949412011076E-007
   78.500000000000000        1449.8006183286843        1449.8006178809408        4.4774355956178624E-007
   79.000000000000000        1464.2503655247046        1464.2503650739916        4.5071305976307485E-007
   79.500000000000000        1478.7694091110391        1478.7694086574024        4.5363663048192393E-007
   80.000000000000000        1493.3566037363144        1493.3566032798001        4.5651427171833348E-007
   80.500000000000000        1508.0107778674433        1508.0107774080991        4.5934416448289994E-007
   81.000000000000000        1522.7307340502948        1522.7307335881692        4.6212562665459700E-007
   81.500000000000000        1537.5152491903534        1537.5152487254950        4.6485843085974921E-007
   82.000000000000000        1552.3630748533647        1552.3630743858237        4.6754098548262846E-007
   82.500000000000000        1567.2729375859490        1567.2729371157759        4.7017306314955931E-007
   83.000000000000000        1582.2435392561181        1582.2435387833648        4.7275329961848911E-007
   83.500000000000000        1597.2735574136286        1597.2735569383467        4.7528192226309329E-007
   84.000000000000000        1612.3616456700577        1612.3616451923001        4.7775756684131920E-007
   84.500000000000000        1627.5064340984811        1627.5064336183023        4.8017886911111418E-007
   85.000000000000000        1642.7065296525943        1642.7065291700476        4.8254673856718000E-007
   85.500000000000000        1657.9605166050883        1657.9605161202287        4.8485958359378856E-007
   86.000000000000000        1673.2669570050844        1673.2669565179674        4.8711694944358896E-007
   86.500000000000000        1688.6243911543831        1688.6243906650652        4.8931792662187945E-007
   87.000000000000000        1704.0313381022725        1704.0313376108097        4.9146274250233546E-007
   87.500000000000000        1719.4862961586025        1719.4862956650520        4.9355048759025522E-007
   88.000000000000000        1734.9877434248194        1734.9877429292394        4.9558002501726151E-007
   88.500000000000000        1750.5341383426198        1750.5341378450682        4.9755158215702977E-007
   89.000000000000000        1766.1239202598526        1766.1239197603877        4.9946493163588457E-007
   89.500000000000000        1781.7555100132881        1781.7555095119687        5.0131939133279957E-007
   90.000000000000000        1797.4273105278353        1797.4273100247208        5.0311450650042389E-007
   90.500000000000000        1813.1377074317681        1813.1377069269181        5.0485004976508208E-007
   91.000000000000000        1828.8850696874974        1828.8850691809716        5.0652579375309870E-007
   91.500000000000000        1844.6677502374005        1844.6677497292592        5.0814128371712286E-007
   92.000000000000000        1860.4840866642012        1860.4840861545053        5.0969583753612824E-007
   92.500000000000000        1876.3324018653668        1876.3324013541769        5.1118990995746572E-007
   93.000000000000000        1892.2110047409653        1892.2110042283418        5.1262350098113529E-007
   93.500000000000000        1908.1181908944102        1908.1181903804147        5.1399547373875976E-007
   94.000000000000000        1924.0522433455021        1924.0522428301954        5.1530673772504088E-007
   94.500000000000000        1940.0114332551423        1940.0114327385857        5.1655661081895232E-007
   95.000000000000000        1955.9940206610968        1955.9940201433512        5.1774554776784498E-007
   95.500000000000000        1971.9982552241515        1971.9982547052794        5.1887218432966620E-007
   96.000000000000000        1988.0223769840020        1988.0223764640637        5.1993833949381951E-007
   96.500000000000000        2004.0646171241781        2004.0646166032352        5.2094287639192771E-007
   97.000000000000000        2020.1231987453277        2020.1231982234419        5.2188579502399080E-007
   97.500000000000000        2036.1963376461354        2036.1963371233674        5.2276800488471054E-007
   98.000000000000000        2052.2822431111517        2052.2822425875629        5.2358882385306060E-007
   98.500000000000000        2068.3791187048128        2068.3791181804631        5.2434961617109366E-007
   99.000000000000000        2084.4851630708868        2084.4851625458386        5.2504810810205527E-007
   99.500000000000000        2100.5985707366185        2100.5985702109310        5.2568748287740164E-007
   100.00000000000000        2116.7175329207817        2116.7175323945153        5.2626637625508010E-007
   100.50000000000000        2132.8402383449006        2132.8402378181163        5.2678433348773979E-007
   101.00000000000000        2148.9648740468547        2148.9648735196115        5.2724317356478423E-007
   101.50000000000000        2165.0896261960852        2165.0896256684423        5.2764289648621343E-007
   102.00000000000000        2181.2126809096376        2181.2126803816545        5.2798304750467651E-007
   102.50000000000000        2197.3322250682554        2197.3322245399913        5.2826408136752434E-007
   103.00000000000000        2213.4464471317410        2213.4464466032532        5.2848781706416048E-007
   103.50000000000000        2229.5535379528051        2229.5535374241517        5.2865334509988315E-007
   104.00000000000000        2245.6516915886364        2245.6516910598752        5.2876112022204325E-007
   104.50000000000000        2261.7391061094099        2261.7391055805983        5.2881159717799164E-007
   105.00000000000000        2277.8139844029720        2277.8139838741654        5.2880659495713189E-007
   105.50000000000000        2293.8745349749320        2293.8745344461863        5.2874565881211311E-007
   106.00000000000000        2309.9189727434195        2309.9189722147912        5.2862833399558440E-007
   106.50000000000000        2325.9455198277551        2325.9455192992982        5.2845689424430020E-007
   107.00000000000000        2341.9524063302915        2341.9524058020602        5.2823133955826052E-007
   107.50000000000000        2357.9378711107174        2357.9378705827658        5.2795166993746534E-007
   108.00000000000000        2373.9001625520996        2373.9001620244803        5.2761924962396733E-007
   108.50000000000000        2389.8375393179658        2389.8375387907317        5.2723407861776650E-007
   109.00000000000000        2405.7482710997515        2405.7482705729544        5.2679706641356461E-007
   109.50000000000000        2421.6306393539317        2421.6306388276221        5.2630957725341432E-007
   110.00000000000000        2437.4829380281903        2437.4829375024187        5.2577161113731563E-007
   110.50000000000000        2453.3034742759960        2453.3034737508115        5.2518453230732121E-007
   111.00000000000000        2469.0905691589564        2469.0905686344081        5.2454834076343104E-007
   111.50000000000000        2484.8425583363655        2484.8425578125025        5.2386303650564514E-007
   112.00000000000000        2500.5577927413619        2500.5577922182306        5.2313134801806882E-007
   112.50000000000000        2516.2346392431327        2516.2346387207795        5.2235327530070208E-007
   113.00000000000000        2531.8714812946437        2531.8714807731153        5.2152836360619403E-007
   113.50000000000000        2547.4667195653751        2547.4667190447158        5.2065934141865000E-007
   114.00000000000000        2563.0187725585643        2563.0187720388185        5.1974575399071909E-007
   114.50000000000000        2578.5260772125075        2578.5260766937190        5.1878851081710309E-007
   115.00000000000000        2593.9870894854621        2593.9870889676740        5.1778806664515287E-007
   115.50000000000000        2609.4002849237404        2609.4002844069942        5.1674624046427198E-007
   116.00000000000000        2624.7641592125951        2624.7641586969307        5.1566439651651308E-007
   116.50000000000000        2640.0772287095342        2640.0772281949926        5.1454162530717440E-007
   117.00000000000000        2655.3380309597246        2655.3380304463449        5.1337974582565948E-007
   117.50000000000000        2670.5451251931581        2670.5451246809789        5.1217921281931922E-007
   118.00000000000000        2685.6970928032997        2685.6970922923588        5.1094093578285538E-007
   118.50000000000000        2700.7925378069494        2700.7925372972841        5.0966536946361884E-007
   119.00000000000000        2715.8300872850823        2715.8300867767275        5.0835478759836406E-007
   119.50000000000000        2730.8083918044472        2730.8083912974380        5.0700919018709101E-007
   120.00000000000000        2745.7261258197509        2745.7261253141219        5.0562903197715059E-007
   120.50000000000000        2760.5819880562617        2760.5819875520465        5.0421522246324457E-007
   121.00000000000000        2775.3747018726986        2775.3747013699294        5.0276912588742562E-007
   121.50000000000000        2790.1030156043007        2790.1030151030091        5.0129165174439549E-007
   122.00000000000000        2804.7657028859976        2804.7657023862143        4.9978325478150509E-007
   122.50000000000000        2819.3615629556239        2819.3615624573786        4.9824529924080707E-007
   123.00000000000000        2833.8894209371433        2833.8894204404655        4.9667778512230143E-007
   123.50000000000000        2848.3481281038839        2848.3481276088014        4.9508253141539171E-007
   124.00000000000000        2862.7365621217955        2862.7365616283369        4.9345862862537615E-007
   124.50000000000000        2877.0536272727818        2877.0536267809730        4.9180880523636006E-007
   125.00000000000000        2891.2982546581593        2891.2982541680253        4.9013397074304521E-007
   125.50000000000000        2905.4694023823440        2905.4694018939108        4.8843321565072984E-007
   126.00000000000000        2919.5660557168776        2919.5660552301692        4.8670835894881748E-007
   126.50000000000000        2933.5872272449169        2933.5872267599570        4.8495985538465902E-007
   127.00000000000000        2947.5319569863518        2947.5319565031623        4.8318952394765802E-007
   127.50000000000000        2961.3993125037182        2961.3993120223217        4.8139645514311269E-007
   128.00000000000000        2975.1883889891133        2975.1883885095308        4.7958246796042658E-007
   128.50000000000000        2988.8983093323141        2988.8983088545656        4.7774847189430147E-007
   129.00000000000000        3002.5282241703417        3002.5282236944468        4.7589492169208825E-007
   129.50000000000000        3016.0773119187211        3016.0773114446988        4.7402227210113779E-007
   130.00000000000000        3029.5447787847042        3029.5447783125719        4.7213234211085364E-007
   130.50000000000000        3042.9298587627363        3042.9298582925117        4.7022467697388493E-007
   131.00000000000000        3056.2318136124759        3056.2318131441762        4.6829973143758252E-007
   131.50000000000000        3069.4499328196762        3069.4499323533164        4.6635977923870087E-007
   132.00000000000000        3082.5835335402521        3082.5835330758487        4.6440345613518730E-007
   132.50000000000000        3095.6319605278932        3095.6319600654597        4.6243349061114714E-007
   133.00000000000000        3108.5945860455513        3108.5945855851028        4.6044851842452772E-007
   133.50000000000000        3121.4708097611983        3121.4708093027471        4.5845126805943437E-007
   134.00000000000000        3134.2600586281997        3134.2600581717597        4.5643992052646354E-007
   134.50000000000000        3146.9617867507236        3146.9617862963059        4.5441765905707143E-007
   135.00000000000000        3159.5754752345456        3159.5754747821625        4.5238311940920539E-007
   135.50000000000000        3172.1006320236920        3172.1006315733539        4.5033812057226896E-007
   136.00000000000000        3184.5367917232975        3184.5367912750144        4.4828311729361303E-007
   136.50000000000000        3196.8835154091216        3196.8835149629040        4.4621765482588671E-007
   137.00000000000000        3209.1403904241383        3209.1403899799952        4.4414309741114266E-007
   137.50000000000000        3221.3070301626253        3221.3070297205650        4.4206035454408266E-007
   138.00000000000000        3233.3830738421907        3233.3830734022226        4.3996806198265404E-007
   138.50000000000000        3245.3681862641861        3245.3681858263167        4.3786940295831300E-007
   139.00000000000000        3257.2620575629171        3257.2620571271545        4.3576255848165601E-007
   139.50000000000000        3269.0644029441337        3269.0644025104843        4.3364934754208662E-007
   140.00000000000000        3280.7749624132098        3280.7749619816796        4.3153022488695569E-007
   140.50000000000000        3292.3935004934788        3292.3935000640736        4.2940519051626325E-007
   141.00000000000000        3303.9198059351629        3303.9198055078887        4.2727424443000928E-007
   141.50000000000000        3315.3536914153456        3315.3536909902064        4.2513920561759733E-007
   142.00000000000000        3326.6949932294201        3326.6949928064214        4.2299870983697474E-007
   142.50000000000000        3337.9435709744776        3337.9435705536234        4.2085412133019418E-007
   143.00000000000000        3349.0993072250521        3349.0993068063453        4.1870680433930829E-007
   143.50000000000000        3360.1621072016715        3360.1621067851161        4.1655539462226443E-007
   144.00000000000000        3371.1318984326540        3371.1318980182523        4.1440171116846614E-007
   144.50000000000000        3382.0086304095630        3382.0086299973191        4.1224393498850986E-007
   145.00000000000000        3392.7922742367691        3392.7922738266843        4.1008479456650093E-007
   145.50000000000000        3403.4828222755159        3403.4828218675921        4.0792383515508845E-007
   146.00000000000000        3414.0802877829228        3414.0802873771627        4.0576014725957066E-007
   146.50000000000000        3424.5847045463356        3424.5847041427396        4.0359600461670198E-007
   147.00000000000000        3434.9961265134107        3434.9961261119802        4.0143049773178063E-007
   147.50000000000000        3445.3146274183528        3445.3146270190891        3.9926362660480663E-007
   148.00000000000000        3455.5403004046861        3455.5403000075889        3.9709721022518352E-007
   148.50000000000000        3465.6732576449385        3465.6732572500077        3.9493079384556040E-007
   149.00000000000000        3475.7136299576259        3475.7136295648629        3.9276301322388463E-007
   149.50000000000000        3485.6615664219025        3485.6615660313064        3.9059614209691063E-007
   150.00000000000000        3495.5172339902279        3495.5172336017977        3.8843018046463840E-007
   150.50000000000000        3505.2808170994153        3505.2808167131516        3.8626376408501528E-007
   151.00000000000000        3514.9525172804092        3514.9525168963096        3.8409962144214660E-007
   151.50000000000000        3524.5325527671034        3524.5325523851675        3.8193593354662880E-007
   152.00000000000000        3534.0211581045605        3534.0211577247869        3.7977360989316367E-007
   152.50000000000000        3543.4185837569244        3543.4185833793113        3.7761310522910208E-007
   153.00000000000000        3552.7250957153442        3552.7250953398907        3.7545351005974226E-007
   153.50000000000000        3561.9409751062176        3561.9409747329214        3.7329618862713687E-007
   154.00000000000000        3571.0665178000272        3571.0665174288856        3.7114159567863680E-007
   154.50000000000000        3580.1020340210644        3580.1020336520760        3.6898836697218940E-007
   155.00000000000000        3589.0478479583139        3589.0478475914765        3.6683741200249642E-007
   155.50000000000000        3597.9042973777509        3597.9042970130613        3.6468964026425965E-007
   156.00000000000000        3606.6717332363114        3606.6717328737677        3.6254368751542643E-007
   156.50000000000000        3615.3505192977846        3615.3505189373836        3.6040091799804941E-007
   157.00000000000000        3623.9410317508487        3623.9410313925873        3.5826133171212859E-007
   157.50000000000000        3632.4436588294875        3632.4436584733630        3.5612447391031310E-007
   158.00000000000000        3640.8588004360004        3640.8588000820096        3.5399079933995381E-007
   158.50000000000000        3649.1868677668067        3649.1868674149459        3.5186076274840161E-007
   159.00000000000000        3657.4282829412496        3657.4282825915161        3.4973345464095473E-007
   159.50000000000000        3665.5834786335877        3665.5834782859770        3.4761069400701672E-007
   160.00000000000000        3673.6528977083412        3673.6528973628506        3.4549066185718402E-007
   160.50000000000000        3681.6369928591862        3681.6369925158119        3.4337426768615842E-007
   161.00000000000000        3689.5362262515337        3689.5362259102708        3.4126287573599257E-007
   161.50000000000000        3697.3510691689594        3697.3510688298052        3.3915421226993203E-007
   162.00000000000000        3705.0820016636362        3705.0820013265866        3.3704964153002948E-007
   162.50000000000000        3712.7295122108826        3712.7295118759330        3.3494961826363578E-007
   163.00000000000000        3720.2940973679747        3720.2940970351215        3.3285323297604918E-007
   163.50000000000000        3727.7762614373351        3727.7762611065737        3.3076139516197145E-007
   164.00000000000000        3735.1765161342032        3735.1765158055300        3.2867319532670081E-007
   164.50000000000000        3742.4953802589043        3742.4953799323139        3.2659045245964080E-007
   165.00000000000000        3749.7333793737948        3749.7333790492830        3.2451180231873877E-007
   165.50000000000000        3756.8910454849915        3756.8910451625538        3.2243769965134561E-007
   166.00000000000000        3763.9689167289512        3763.9689164085835        3.2036768971011043E-007
   166.50000000000000        3770.9675370639820        3770.9675367456789        3.1830313673708588E-007
   167.00000000000000        3777.8874559667483        3777.8874556505052        3.1624313123757020E-007
   167.50000000000000        3784.7292281338337        3784.7292278196460        3.1418767321156338E-007
   168.00000000000000        3791.4934131884156        3791.4934128762779        3.1213767215376720E-007
   168.50000000000000        3798.1805753920903        3798.1805750819981        3.1009221856947988E-007
   169.00000000000000        3804.7912833619016        3804.7912830538503        3.0805131245870143E-007
   169.50000000000000        3811.3261097925997        3811.3261094865834        3.0601631806348450E-007
   170.00000000000000        3817.7856311841560        3817.7856308801702        3.0398587114177644E-007
   170.50000000000000        3824.1704275745719        3824.1704272726111        3.0196088118827902E-007
   171.00000000000000        3830.4810822779782        3830.4810819780373        2.9994089345564134E-007
   171.50000000000000        3836.7181816280590        3836.7181813301327        2.9792636269121431E-007
   172.00000000000000        3842.8823147267890        3842.8823144308717        2.9591728889499791E-007
   172.50000000000000        3848.9740731985003        3848.9740729045870        2.9391321731964126E-007
   173.00000000000000        3854.9940509492690        3854.9940506573544        2.9191460271249525E-007
   173.50000000000000        3860.9428439316180        3860.9428436416961        2.8992189982091077E-007
   174.00000000000000        3866.8210499145212        3866.8210496265865        2.8793465389753692E-007
   174.50000000000000        3872.6292682587004        3872.6292679727476        2.8595286494237371E-007
   175.00000000000000        3878.3680996971898        3878.3680994132133        2.8397653295542113E-007
   175.50000000000000        3884.0381461211464        3884.0381458391403        2.8200611268403009E-007
   176.00000000000000        3889.6400103708820        3889.6400100908404        2.8004160412820056E-007
   176.50000000000000        3895.1742960320839        3895.1742957540009        2.7808300728793256E-007
   177.00000000000000        3900.6416072371926        3900.6416069610623        2.7613032216322608E-007
   177.50000000000000        3906.0425484718999        3906.0425481977163        2.7418354875408113E-007
   178.00000000000000        3911.3777243867253        3911.3777241144826        2.7224268706049770E-007
   178.50000000000000        3916.6477396136347        3916.6477393433270        2.7030773708247580E-007
   179.00000000000000        3921.8531985876493        3921.8531983192706        2.6837869882001542E-007
   179.50000000000000        3926.9947053734008        3926.9947051069448        2.6645602702046745E-007
   180.00000000000000        3932.0728634965844        3932.0728632320452        2.6453926693648100E-007
   180.50000000000000        3937.0882757802565        3937.0882755176267        2.6262978281010874E-007
   181.00000000000000        3942.0415441859182        3942.0415439251924        2.6072575565194711E-007
   181.50000000000000        3946.9332696593419        3946.9332694005138        2.5882809495669790E-007
   182.00000000000000        3951.7640519810680        3951.7640517241307        2.5693725547171198E-007
   182.50000000000000        3956.5344896215206        3956.5344893664683        2.5505232770228758E-007
   183.00000000000000        3961.2451796006844        3961.2451793475102        2.5317422114312649E-007
   183.50000000000000        3965.8967173522706        3965.8967171009681        2.5130248104687780E-007
   184.00000000000000        3970.4896965923176        3970.4896963428805        2.4943710741354153E-007
   184.50000000000000        3975.0247091921597        3975.0247089445807        2.4757900973781943E-007
   185.00000000000000        3979.5023450556914        3979.5023448099646        2.4572682377765886E-007
   185.50000000000000        3983.9231920008742        3983.9231917569928        2.4388145902776159E-007
   186.00000000000000        3988.2878356454039        3988.2878354033605        2.4204337023547851E-007
   186.50000000000000        3992.5968592964796        3992.5968590562670        2.4021255740080960E-007
   187.00000000000000        3996.8508438446015        3996.8508436062134        2.3838811102905311E-007
   187.50000000000000        4001.0503676613343        4001.0503674247630        2.3657139536226168E-007
   188.00000000000000        4005.1960065009525        4005.1960062661919        2.3476059141103178E-007
   188.50000000000000        4009.2883334059184        4009.2883331729613        2.3295706341741607E-007
   189.00000000000000        4013.3279186160994        4013.3279183849381        2.3116126612876542E-007
   189.50000000000000        4017.3153294816711        4017.3153292522993        2.2937183530302718E-007
   190.00000000000000        4021.2511303796309        4021.2511301520408        2.2759013518225402E-007
   190.50000000000000        4025.1358826338433        4025.1358824080280        2.2581525627174415E-007
   191.00000000000000        4028.9701444385605        4028.9701442145129        2.2404765331884846E-007
   191.50000000000000        4032.7544707853340        4032.7544705630457        2.2228823581826873E-007
   192.00000000000000        4036.4894133932526        4036.4894131727169        2.2053563952795230E-007
   192.50000000000000        4040.1755206424414        4040.1755204236506        2.1879077394260094E-007
   193.00000000000000        4043.8133375107391        4043.8133372936859        2.1705318431486376E-007
   193.50000000000000        4047.4034055134966        4047.4034052981733        2.1532332539209165E-007
   194.00000000000000        4050.9462626464178        4050.9462624328175        2.1360028767958283E-007
   194.50000000000000        4054.4424433313829        4054.4424431194971        2.1188589016674086E-007
   195.00000000000000        4057.8924783651732        4057.8924781549945        2.1017876861151308E-007
   195.50000000000000        4061.2968948710436        4061.2968946625638        2.0847983250860125E-007
   196.00000000000000        4064.6562162530618        4064.6562160462736        2.0678817236330360E-007
   196.50000000000000        4067.9709621531601        4067.9709619480559        2.0510424292297103E-007
   197.00000000000000        4071.2416484108207        4071.2416482073927        2.0342804418760352E-007
   197.50000000000000        4074.4687870253392        4074.4687868235792        2.0176003090455197E-007
   198.00000000000000        4077.6528861205943        4077.6528859204946        2.0009974832646549E-007
   198.50000000000000        4080.7944499122650        4080.7944497138174        1.9844765120069496E-007
   199.00000000000000        4083.8939786774263        4083.8939784806230        1.9680328477988951E-007
   199.50000000000000        4086.9519687264647        4086.9519685312976        1.9516710381140001E-007
   200.00000000000000        4089.9689123772487        4089.9689121837096        1.9353910829522647E-007
   200.50000000000000        4092.9452979314960        4092.9452977395772        1.9191884348401800E-007
   201.00000000000000        4095.8816096532746        4095.8816094629674        1.9030721887247637E-007
   201.50000000000000        4098.7783277495764        4098.7783275608726        1.8870377971325070E-007
   202.00000000000000        4101.6359283529118        4101.6359281658033        1.8710852600634098E-007
   202.50000000000000        4104.4548835058586        4104.4548833203371        1.8552145775174722E-007
   203.00000000000000        4107.2356611475143        4107.2356609635717        1.8394257494946942E-007
   203.50000000000000        4109.9787251017942        4109.9787249194223        1.8237187759950757E-007
   204.00000000000000        4112.6845350675167        4112.6845348867073        1.8080936570186168E-007
   204.50000000000000        4115.3535466102312        4115.3535464309753        1.7925594875123352E-007
   205.00000000000000        4117.9862111557177        4117.9862109780070        1.7771071725292131E-007
   205.50000000000000        4120.5829759851285        4120.5829758089549        1.7617367120692506E-007
   206.00000000000000        4123.1442842317010        4123.1442840570544        1.7464662960264832E-007
   206.50000000000000        4125.6705748789955        4125.6705747058704        1.7312504496658221E-007
   207.00000000000000        4128.1622827606288        4128.1622825890145        1.7161437426693738E-007
   207.50000000000000        4130.6198385614107        4130.6198383912988        1.7011188901960850E-007
   208.00000000000000        4133.0436688198861        4133.0436686512685        1.6861758922459558E-007
   208.50000000000000        4135.4341959321991        4135.4341957650677        1.6713147488189861E-007
   209.00000000000000        4137.7918381572517        4137.7918379915964        1.6565536498092115E-007
   209.50000000000000        4140.1170096231008        4140.1170094589143        1.6418653103755787E-007
   210.00000000000000        4142.4101203345654        4142.4101201718386        1.6272679204121232E-007
   210.50000000000000        4144.6715761819778        4144.6715760207026        1.6127523849718273E-007
   211.00000000000000        4146.9017789510626        4146.9017787912289        1.5983368939487264E-007
   211.50000000000000        4149.1011263338751        4149.1011261754757        1.5839941625017673E-007
   212.00000000000000        4151.2700119407864        4151.2700117838122        1.5697423805249855E-007
   212.50000000000000        4153.4088253134505        4153.4088251578933        1.5555724530713633E-007
   213.00000000000000        4155.5179519387357        4155.5179517845854        1.5415025700349361E-007
   213.50000000000000        4157.5977732635611        4157.5977731108096        1.5275145415216684E-007
   214.00000000000000        4159.6486667106265        4159.6486665592647        1.5136174624785781E-007
   214.50000000000000        4161.6710056949751        4161.6710055449948        1.4998022379586473E-007
   215.00000000000000        4163.6651596413740        4163.6651594927653        1.4860870578559116E-007
   215.50000000000000        4165.6314940024567        4165.6314938552123        1.4724446373293176E-007
   216.00000000000000        4167.5703702776245        4167.5703701317343        1.4589022612199187E-007
   216.50000000000000        4169.4821460326366        4169.4821458880933        1.4454326446866617E-007
   217.00000000000000        4171.3671749198948        4171.3671747766884        1.4320630725705996E-007
   217.50000000000000        4173.2258066993554        4173.2258065574779        1.4187753549776971E-007
   218.00000000000000        4175.0583872600728        4175.0583871195149        1.4055785868549719E-007
   218.50000000000000        4176.8652586423159        4176.8652585030695        1.3924636732554063E-007
   219.00000000000000        4178.6467590602506        4178.6467589223066        1.3794397091260180E-007
   219.50000000000000        4180.4032229251443        4180.4032227884936        1.3665066944668069E-007
   220.00000000000000        4182.1349808690757        4182.1349807337101        1.3536555343307555E-007
   220.50000000000000        4183.8423597691208        4183.8423596350303        1.3409044186118990E-007
   221.00000000000000        4185.5256827719804        4185.5256826391569        1.3282351574162021E-007
   221.50000000000000        4187.1852693190458        4187.1852691874810        1.3156477507436648E-007
   222.00000000000000        4188.8214351718507        4188.8214350415356        1.3031512935413048E-007
   222.50000000000000        4190.4344924379093        4190.4344923088347        1.2907457858091220E-007
   223.00000000000000        4192.0247495968988        4192.0247494690566        1.2784221326000988E-007
   223.50000000000000        4193.5925115271839        4193.5925114005649        1.2661894288612530E-007
   224.00000000000000        4195.1380795326413        4195.1380794072365        1.2540476745925844E-007
   224.50000000000000        4196.6617513697765        4196.6617512455769        1.2419968697940931E-007
   225.00000000000000        4198.1638212751068        4198.1638211521049        1.2300188245717436E-007
   225.50000000000000        4199.6445799927969        4199.6445798709838        1.2181317288195714E-007
   226.00000000000000        4201.1043148025183        4201.1043146818847        1.2063355825375766E-007
   226.50000000000000        4202.5433095475191        4202.5433094280570        1.1946212907787412E-007
   227.00000000000000        4203.9618446628929        4203.9618445445922        1.1830070434371009E-007
   227.50000000000000        4205.3601972040115        4205.3601970868649        1.1714655556716025E-007
   228.00000000000000        4206.7386408751281        4206.7386407591266        1.1600150173762813E-007
   228.50000000000000        4208.0974460581119        4208.0974459432473        1.1486463336041197E-007
   229.00000000000000        4209.4368798413134        4209.4368797275765        1.1373685993021354E-007
   229.50000000000000        4210.7572060485400        4210.7572059359218        1.1261818144703284E-007
   230.00000000000000        4212.0586852681245        4212.0586851566168        1.1150768841616809E-007
   230.50000000000000        4213.3415748820789        4213.3415747716745        1.1040447134291753E-007
   231.00000000000000        4214.6061290953157        4214.6061289860054        1.0931034921668470E-007
   231.50000000000000        4215.8525989649179        4215.8525988566926        1.0822532203746960E-007
   232.00000000000000        4217.0812324294538        4217.0812323223063        1.0714757081586868E-007
   232.50000000000000        4218.2922743383278        4218.2922742322489        1.0607891454128549E-007
   233.00000000000000        4219.4859664811338        4219.4859663761144        1.0501935321372002E-007
   233.50000000000000        4220.6625476170248        4220.6625475130568        1.0396797733847052E-007
   234.00000000000000        4221.8222535040732        4221.8222534011484        1.0292478691553697E-007
   234.50000000000000        4222.9653169286157        4222.9653168267259        1.0188978194491938E-007
   235.00000000000000        4224.0919677345719        4224.0919676337080        1.0086387192131951E-007
   235.50000000000000        4225.2024328527204        4225.2024327528752        9.9845237855333835E-008
   236.00000000000000        4226.2969363299380        4226.2969362311042        9.8833879746962339E-008
   236.50000000000000        4227.3756993583802        4227.3756992605468        9.7833435575012118E-008
   237.00000000000000        4228.4389403045861        4228.4389402077468        9.6839357865974307E-008
   237.50000000000000        4229.4868747385317        4229.4868746426791        9.5852556114550680E-008
   238.00000000000000        4230.5197154625885        4230.5197153677127        9.4875758804846555E-008
   238.50000000000000        4231.5376725403894        4231.5376724464832        9.3906237452756613E-008
   239.00000000000000        4232.5409533256116        4232.5409532326676        9.2943992058280855E-008
   239.50000000000000        4233.5297624906507        4233.5297623986598        9.1990841610822827E-008
   240.00000000000000        4234.5043020551775        4234.5043019641325        9.1044967120978981E-008
   240.50000000000000        4235.4647714145904        4235.4647713244831        9.0107278083451092E-008
   241.00000000000000        4236.4113673683350        4236.4113672791573        8.9177774498239160E-008
   241.50000000000000        4237.3442841481019        4237.3442840598454        8.8256456365343183E-008
   242.00000000000000        4238.2637134458846        4238.2637133585413        8.7343323684763163E-008
   242.50000000000000        4239.1698444418989        4239.1698443554615        8.6437466961797327E-008
   243.00000000000000        4240.0628638323597        4240.0628637468217        8.5537976701743901E-008
   243.50000000000000        4240.9429558571073        4240.9429557724598        8.4647581388708204E-008
   244.00000000000000        4241.8103023270733        4241.8103022433079        8.3765371527988464E-008
   244.50000000000000        4242.6650826515925        4242.6650825687029        8.2889528130181134E-008
   245.00000000000000        4243.5074738655539        4243.5074737835321        8.2021870184689760E-008
   245.50000000000000        4244.3376506563773        4244.3376505752149        8.1162397691514343E-008
   246.00000000000000        4245.1557853908234        4245.1557853105132        8.0310201155953109E-008
   246.50000000000000        4245.9620481416268        4245.9620480621616        7.9465280578006059E-008
   247.00000000000000        4246.7566067139560        4246.7566066353284        7.8627635957673192E-008
   247.50000000000000        4247.5396266716843        4247.5396265938862        7.7798176789656281E-008
   248.00000000000000        4248.3112713634810        4248.3112712865059        7.6975084084551781E-008
   248.50000000000000        4249.0717019487201        4249.0717018725600        7.6160176831763238E-008
   249.00000000000000        4249.8210774231884        4249.8210773478359        7.5352545536588877E-008
   249.50000000000000        4250.5595546446102        4250.5595545700589        7.4551280704326928E-008
   250.00000000000000        4251.2872883579794        4251.2872882842212        7.3758201324380934E-008
   250.50000000000000        4252.0044312206837        4252.0044311477122        7.2971488407347351E-008
   251.00000000000000        4252.7111338274462        4252.7111337552542        7.2192051447927952E-008
   251.50000000000000        4253.4075447350551        4253.4075446636343        7.1420799940824509E-008
   252.00000000000000        4254.0938104868937        4254.0938104162378        7.0655914896633476E-008
   252.50000000000000        4254.7700756372724        4254.7700755673750        6.9897396315354854E-008
   253.00000000000000        4255.4364827755544        4255.4364827064073        6.9147063186392188E-008
   253.50000000000000        4256.0931725500695        4256.0931724816664        6.8403096520341933E-008
   254.00000000000000        4256.7402836918282        4256.7402836241636        6.7664586822502315E-008
   254.50000000000000        4257.3779530380298        4257.3779529710946        6.6935172071680427E-008
   255.00000000000000        4258.0063155553471        4258.0063154891359        6.6211214289069176E-008
   255.50000000000000        4258.6255043630254        4258.6255042975308        6.5494532464072108E-008
   256.00000000000000        4259.2356507557470        4259.2356506909618        6.4785126596689224E-008
   256.50000000000000        4259.8368842263026        4259.8368841622214        6.4081177697516978E-008
   257.00000000000000        4260.4293324880446        4260.4293324246610        6.3383595261257142E-008
   257.50000000000000        4261.0131214971307        4261.0131214344365        6.2694198277313262E-008
   258.00000000000000        4261.5883754745510        4261.5883754125407        6.2010258261580020E-008
   258.50000000000000        4262.1552169279539        4262.1552168666212        6.1332684708759189E-008
   259.00000000000000        4262.7137666732515        4262.7137666125891        6.0662387113552541E-008
   259.50000000000000        4263.2641438560149        4263.2641437960165        5.9998455981258303E-008
   260.00000000000000        4263.8064659726615        4263.8064659133206        5.9340891311876476E-008
   260.50000000000000        4264.3408488914256        4264.3408488327368        5.8688783610705286E-008
   261.00000000000000        4264.8674068731243        4264.8674068150813        5.8043042372446507E-008
   261.50000000000000        4265.3862525917102        4265.3862525343056        5.7404577091801912E-008
   262.00000000000000        4265.8974971546058        4265.8974970978343        5.6771568779367954E-008
   262.50000000000000        4266.4012501228435        4266.4012500666986        5.6144926929846406E-008
   263.00000000000000        4266.8976195309842        4266.8976194754596        5.5524651543237269E-008
   263.50000000000000        4267.3867119068309        4267.3867118519211        5.4909833124838769E-008
   264.00000000000000        4267.8686322909380        4267.8686322366357        5.4302290664054453E-008
   264.50000000000000        4268.3434842559036        4268.3434842022034        5.3700205171480775E-008
   265.00000000000000        4268.8113699254673        4268.8113698723637        5.3103576647117734E-008
   265.50000000000000        4269.2723899933953        4269.2723899408820        5.2513314585667104E-008
   266.00000000000000        4269.7266437421595        4269.7266436902310        5.1928509492427111E-008
   266.50000000000000        4270.1742290614184        4270.1742290100692        5.1349161367397755E-008
   267.00000000000000        4270.6152424662905        4270.6152424155143        5.0776179705280811E-008
   267.50000000000000        4271.0497791154266        4271.0497790652180        5.0208655011374503E-008
   268.00000000000000        4271.4779328288832        4271.4779327792367        4.9646587285678834E-008
   268.50000000000000        4271.8997961057930        4271.8997960567031        4.9089976528193802E-008
   269.00000000000000        4272.3154601418410        4272.3154600933021        4.8538822738919407E-008
   269.50000000000000        4272.7250148465373        4272.7250147985442        4.7993125917855650E-008
   270.00000000000000        4273.1285488603016        4273.1285488128478        4.7453795559704304E-008
   270.50000000000000        4273.5261495713403        4273.5261495244213        4.6919012675061822E-008
   271.00000000000000        4273.9179031323456        4273.9179030859559        4.6389686758629978E-008
   271.50000000000000        4274.3038944769878        4274.3038944311220        4.5865817810408771E-008
   272.00000000000000        4274.6842073362250        4274.6842072908776        4.5347405830398202E-008
   272.50000000000000        4275.0589242544174        4275.0589242095830        4.4834450818598270E-008
   273.00000000000000        4275.4281266052585        4275.4281265609316        4.4326952775008976E-008
   273.50000000000000        4275.7918946075115        4275.7918945636875        4.3824002204928547E-008
   274.00000000000000        4276.1503073405711        4276.1503072972437        4.3327418097760528E-008
   274.50000000000000        4276.5034427598257        4276.5034427169903        4.2835381464101374E-008
   275.00000000000000        4276.8513777118505        4276.8513776695027        4.2347892303951085E-008
   275.50000000000000        4277.1941879494125        4277.1941879075466        4.1865860112011433E-008
   276.00000000000000        4277.5319481462930        4277.5319481049037        4.1389284888282418E-008
   276.50000000000000        4277.8647319119355        4277.8647318710191        4.0916347643360496E-008
   277.00000000000000        4278.1926118059173        4278.1926117654684        4.0448867366649210E-008
   277.50000000000000        4278.5156593522406        4278.5156593122547        3.9985934563446790E-008
   278.00000000000000        4278.8339450534513        4278.8339450139238        3.9527549233753234E-008
   278.50000000000000        4279.1475384045889        4279.1475383655143        3.9074620872270316E-008
   279.00000000000000        4279.4565079069571        4279.4565078683299        3.8627149478998035E-008
   279.50000000000000        4279.7609210817309        4279.7609210435476        3.8183316064532846E-008
   280.00000000000000        4280.0608444833961        4280.0608444456520        3.7744030123576522E-008
   280.50000000000000        4280.3563437130160        4280.3563436757058        3.7310201150830835E-008
   281.00000000000000        4280.6474834313385        4280.6474833944585        3.6880010156892240E-008
   281.50000000000000        4280.9343273717368        4280.9343273352824        3.6454366636462510E-008
   282.00000000000000        4281.2169383529899        4281.2169383169567        3.6033270589541644E-008
   282.50000000000000        4281.4953782918992        4281.4953782562825        3.5616722016129643E-008
   283.00000000000000        4281.7697082157511        4281.7697081805463        3.5204720916226506E-008
   283.50000000000000        4282.0399882746178        4282.0399882398196        3.4798176784534007E-008
   284.00000000000000        4282.3062777535015        4282.3062777191062        3.4395270631648600E-008
   284.50000000000000        4282.5686350843298        4282.5686350503338        3.3996002457570285E-008
   285.00000000000000        4282.8271178577934        4282.8271178241921        3.3601281757000834E-008
   285.50000000000000        4283.0817828350318        4283.0817828018216        3.3210199035238475E-008
   286.00000000000000        4283.3326859591762        4283.3326859263525        3.2823663786984980E-008
   286.50000000000000        4283.5798823667337        4283.5798823342921        3.2441676012240350E-008
   287.00000000000000        4283.8234263988325        4283.8234263667691        3.2063326216302812E-008
   287.50000000000000        4284.0633716123202        4284.0633715806316        3.1688614399172366E-008
   288.00000000000000        4284.2997707907189        4284.2997707593995        3.1319359550252557E-008
   288.50000000000000        4284.5326759550326        4284.5326759240797        3.0952833185438067E-008
   289.00000000000000        4284.7621383744245        4284.7621383438336        3.0590854294132441E-008
   289.50000000000000        4284.9882085767440        4284.9882085465115        3.0232513381633908E-008
   290.00000000000000        4285.2109363589261        4285.2109363290483        2.9877810447942466E-008
   290.50000000000000        4285.4303707972467        4285.4303707677182        2.9528564482461661E-008
   291.00000000000000        4285.6465602574453        4285.6465602282633        2.9182047001086175E-008
   291.50000000000000        4285.8595524047196        4285.8595523758804        2.8839167498517781E-008
   292.00000000000000        4286.0693942135822        4286.0693941850823        2.8499925974756479E-008
   292.50000000000000        4286.2761319775909        4286.2761319494257        2.8165231924504042E-008
   293.00000000000000        4286.4798113189454        4286.4798112911121        2.7833266358356923E-008
   293.50000000000000        4286.6804771979650        4286.6804771704592        2.7505848265718669E-008
   294.00000000000000        4286.8781739224305        4286.8781738952493        2.7181158657185733E-008
   294.50000000000000        4287.0729451568131        4287.0729451299521        2.6861016522161663E-008
   295.00000000000000        4287.2648339313655        4287.2648339048228        2.6542693376541138E-008
   295.50000000000000        4287.4538826511098        4287.4538826248809        2.6228917704429477E-008
   296.00000000000000        4287.6401331046873        4287.6401330787685        2.5918780011124909E-008
   296.50000000000000        4287.8236264731004        4287.8236264474890        2.5611370801925659E-008
   297.00000000000000        4288.0044033383374        4288.0044033130289        2.5308509066235274E-008
   297.50000000000000        4288.1825036918717        4288.1825036668642        2.5007466319948435E-008
   298.00000000000000        4288.3579669430610        4288.3579669183500        2.4710971047170460E-008
   298.50000000000000        4288.5308319274172        4288.5308319030000        2.4417204258497804E-008
   299.00000000000000        4288.7011369147785        4288.7011368906524        2.4126165953930467E-008
   299.50000000000000        4288.8689196173627        4288.8689195935231        2.3839675122871995E-008
   300.00000000000000        4289.0342171977109        4289.0342171741559        2.3555003281217068E-008
   300.50000000000000        4289.1970662765307        4289.1970662532567        2.3273969418369234E-008
   301.00000000000000        4289.3575029404237        4289.3575029174272        2.2996573534328490E-008
   301.50000000000000        4289.5155627495133        4289.5155627267914        2.2721906134393066E-008
   302.00000000000000        4289.6712807449676        4289.6712807225167        2.2450876713264734E-008
   302.50000000000000        4289.8246914564179        4289.8246914342344        2.2183485270943493E-008
   303.00000000000000        4289.9758289092761        4289.9758288873572        2.1918822312727571E-008
   303.50000000000000        4290.1247266319533        4290.1247266102973        2.1655978343915194E-008
   304.00000000000000        4290.2714176629806        4290.2714176415839        2.1396772353909910E-008
   304.50000000000000        4290.4159345580256        4290.4159345368862        2.1139385353308171E-008
   305.00000000000000        4290.5583093968207        4290.5583093759351        2.0885636331513524E-008
   305.50000000000000        4290.6985737899895        4290.6985737693540        2.0635525288525969E-008
   306.00000000000000        4290.8367588857818        4290.8367588653946        2.0387233234941959E-008
   306.50000000000000        4290.9728953767190        4290.9728953565764        2.0142579160165042E-008
   307.00000000000000        4291.1070135061382        4291.1070134862375        1.9900653569493443E-008
   307.50000000000000        4291.2391430746557        4291.2391430549951        1.9660546968225390E-008
   308.00000000000000        4291.3693134465384        4291.3693134271143        1.9424078345764428E-008
   308.50000000000000        4291.4975535559788        4291.4975535367894        1.9189428712707013E-008
   309.00000000000000        4291.6238919132975        4291.6238918943391        1.8958417058456689E-008
   309.50000000000000        4291.7483566110432        4291.7483565923139        1.8729224393609911E-008
   310.00000000000000        4291.8709753300227        4291.8709753115199        1.8502760212868452E-008
   310.50000000000000        4291.9917753452373        4291.9917753269583        1.8279024516232312E-008
   311.00000000000000        4292.1107835317380        4292.1107835136800        1.8058017303701490E-008
   311.50000000000000        4292.2280263704006        4292.2280263525618        1.7838829080574214E-008
   312.00000000000000        4292.3435299536241        4292.3435299360008        1.7623278836254030E-008
   312.50000000000000        4292.4573199909373        4292.4573199735278        1.7409547581337392E-008
   313.00000000000000        4292.5694218145409        4292.5694217973423        1.7198544810526073E-008
   313.50000000000000        4292.6798603847619        4292.6798603677717        1.6990270523820072E-008
   314.00000000000000        4292.7886602954368        4292.7886602786530        1.6783815226517618E-008
   314.50000000000000        4292.8958457792160        4292.8958457626368        1.6579178918618709E-008
   315.00000000000000        4293.0014407127992        4293.0014406964210        1.6378180589526892E-008
   315.50000000000000        4293.1054686220859        4293.1054686059069        1.6179001249838620E-008
   316.00000000000000        4293.2079526872658        4293.2079526712841        1.5981640899553895E-008
   316.50000000000000        4293.3089157478335        4293.3089157320464        1.5787009033374488E-008
   317.00000000000000        4293.4083803075255        4293.4083802919304        1.5595105651300400E-008
   317.50000000000000        4293.5063685391970        4293.5063685237919        1.5405021258629858E-008
   318.00000000000000        4293.6029022896255        4293.6029022744087        1.5216755855362862E-008
   318.50000000000000        4293.6980030842460        4293.6980030692157        1.5030309441499412E-008
   319.00000000000000        4293.7916921318210        4293.7916921169754        1.4845682017039508E-008
   319.50000000000000        4293.8839903290445        4293.8839903143798        1.4664692571386695E-008
   320.00000000000000        4293.9749182650748        4293.9749182505893        1.4485522115137428E-008
   320.50000000000000        4294.0644962260130        4294.0644962117049        1.4308170648291707E-008
   321.00000000000000        4294.1527441993112        4294.1527441851786        1.4132638170849532E-008
   321.50000000000000        4294.2396818781199        4294.2396818641600        1.3959834177512676E-008
   322.00000000000000        4294.3253286655709        4294.3253286517820        1.3788849173579365E-008
   322.50000000000000        4294.4097036790045        4294.4097036653848        1.3619683159049600E-008
   323.00000000000000        4294.4928257541314        4294.4928257406800        1.3451426639221609E-008
   323.50000000000000        4294.5747134491430        4294.5747134358562        1.3286808098200709E-008
   324.00000000000000        4294.6553850487489        4294.6553850356258        1.3123099051881582E-008
   324.50000000000000        4294.7348585681730        4294.7348585552108        1.2962118489667773E-008
   325.00000000000000        4294.8131517570800        4294.8131517442780        1.2802047422155738E-008
   325.50000000000000        4294.8902821034562        4294.8902820908115        1.2644704838749021E-008
   326.00000000000000        4294.9662668374240        4294.9662668249357        1.2488271750044078E-008
   326.50000000000000        4295.0411229350129        4295.0411229226784        1.2334567145444453E-008
   327.00000000000000        4295.1148671218643        4295.1148671096826        1.2181772035546601E-008
   327.50000000000000        4295.1875158768971        4295.1875158648654        1.2031705409754068E-008
   328.00000000000000        4295.2590854359078        4295.2590854240252        1.1882548278663307E-008
   328.50000000000000        4295.3295917951291        4295.3295917833930        1.1736119631677866E-008
   329.00000000000000        4295.3990507147291        4295.3990507031385        1.1590600479394197E-008
   329.50000000000000        4295.4674777222699        4295.4674777108221        1.1447809811215848E-008
   330.00000000000000        4295.5348881161035        4295.5348881047976        1.1305928637739271E-008
   330.50000000000000        4295.6012969687326        4295.6012969575659        1.1166775948368013E-008
   331.00000000000000        4295.6667191301121        4295.6667191190845        1.1027623258996755E-008
   331.50000000000000        4295.7311692309131        4295.7311692200228        1.0890289559029043E-008
   332.00000000000000        4295.7946616857307        4295.7946616749750        1.0755684343166649E-008
   332.50000000000000        4295.8572106962492        4295.8572106856263        1.0622898116707802E-008
   333.00000000000000        4295.9188302543625        4295.9188302438715        1.0491021384950727E-008
   333.50000000000000        4295.9795341452518        4295.9795341348918        1.0360054147895426E-008
   334.00000000000000        4296.0393359504142        4296.0393359401814        1.0232724889647216E-008
   334.50000000000000        4296.0982490506449        4296.0982490405395        1.0105395631399006E-008
   335.00000000000000        4296.1562866289905        4296.1562866190106        9.9798853625543416E-009
   335.50000000000000        4296.2134616736412        4296.2134616637859        9.8552845884114504E-009
   336.00000000000000        4296.2697869807962        4296.2697869710637        9.7325028036721051E-009
   336.50000000000000        4296.3252751574764        4296.3252751478658        9.6106305136345327E-009
   337.00000000000000        4296.3799386243072        4296.3799386148157        9.4914867077022791E-009
   337.50000000000000        4296.4337896182487        4296.4337896088764        9.3723429017700255E-009
   338.00000000000000        4296.4868401953008        4296.4868401860449        9.2559275799430907E-009
   338.50000000000000        4296.5391022331532        4296.5391022240137        9.1395122581161559E-009
   339.00000000000000        4296.5905874338132        4296.5905874247874        9.0258254203945398E-009
   339.50000000000000        4296.6413073261801        4296.6413073172671        8.9130480773746967E-009
   340.00000000000000        4296.6912732685951        4296.6912732597939        8.8011802290566266E-009
   340.50000000000000        4296.7404964513462        4296.7404964426551        8.6911313701421022E-009
   341.00000000000000        4296.7889878991391        4296.7889878905562        8.5829015006311238E-009
   341.50000000000000        4296.8367584735324        4296.8367584650568        8.4755811258219182E-009
   342.00000000000000        4296.8838188753380        4296.8838188669688        8.3691702457144856E-009
   342.50000000000000        4296.9301796469863        4296.9301796387217        8.2645783550105989E-009
   343.00000000000000        4296.9758511748560        4296.9758511666951        8.1608959590084851E-009
   343.50000000000000        4297.0208436915700        4297.0208436835110        8.0590325524099171E-009
   344.00000000000000        4297.0651672782597        4297.0651672703016        7.9580786405131221E-009
   344.50000000000000        4297.1088318667953        4297.1088318589373        7.8580342233181000E-009
   345.00000000000000        4297.1518472419848        4297.1518472342250        7.7598087955266237E-009
   345.50000000000000        4297.1942230437353        4297.1942230360737        7.6615833677351475E-009
   346.00000000000000        4297.2359687691942        4297.2359687616281        7.5660864240489900E-009
   346.50000000000000        4297.2770937748437        4297.2770937673731        7.4705894803628325E-009
   347.00000000000000        4297.3176072785836        4297.3176072712067        7.3769115260802209E-009
   347.50000000000000        4297.3575183617641        4297.3575183544799        7.2841430664993823E-009
   348.00000000000000        4297.3968359712044        4297.3968359640121        7.1922841016203165E-009
   348.50000000000000        4297.4355689211743        4297.4355689140721        7.1022441261447966E-009
   349.00000000000000        4297.4737258953446        4297.4737258883324        7.0122041506692767E-009
   349.50000000000000        4297.5113154487208        4297.5113154417968        6.9239831645973027E-009
   350.00000000000000        4297.5483460095329        4297.5483460026962        6.8366716732271016E-009
   350.50000000000000        4297.5848258811093        4297.5848258743590        6.7502696765586734E-009
   351.00000000000000        4297.6207632437190        4297.6207632370533        6.6656866692937911E-009
   351.50000000000000        4297.6561661563846        4297.6561661498035        6.5811036620289087E-009
   352.00000000000000        4297.6910425586757        4297.6910425521774        6.4983396441675723E-009
   352.50000000000000        4297.7254002724676        4297.7254002660511        6.4164851210080087E-009
   353.00000000000000        4297.7592470036816        4297.7592469973461        6.3355400925502181E-009
   353.50000000000000        4297.7925903439946        4297.7925903377391        6.2555045587942004E-009
   354.00000000000000        4297.8254377725243        4297.8254377663488        6.1754690250381827E-009
   354.50000000000000        4297.8577966574994        4297.8577966514013        6.0981619753874838E-009
   355.00000000000000        4297.8896742578836        4297.8896742518627        6.0208549257367849E-009
   355.50000000000000        4297.9210777250028        4297.9210777190574        5.9453668654896319E-009
   356.00000000000000        4297.9520141041239        4297.9520140982540        5.8698788052424788E-009
   356.50000000000000        4297.9824903360304        4297.9824903302351        5.7953002396970987E-009
   357.00000000000000        4298.0125132585608        4298.0125132528392        5.7216311688534915E-009
   357.50000000000000        4298.0420896081305        4298.0420896024816        5.6488715927116573E-009
   358.00000000000000        4298.0712260212331        4298.0712260156552        5.5779310059733689E-009
   358.50000000000000        4298.0999290359123        4298.0999290304062        5.5060809245333076E-009
   359.00000000000000        4298.1282050932241        4298.1282050877880        5.4360498324967921E-009
   359.50000000000000        4298.1560605386630        4298.1560605332961        5.3669282351620495E-009
   360.00000000000000        4298.1835016235800        4298.1835016182813        5.2987161325290799E-009
   360.50000000000000        4298.2105345065720        4298.2105345013406        5.2314135245978832E-009
   361.00000000000000        4298.2371652548563        4298.2371652496904        5.1659299060702324E-009
   361.50000000000000        4298.2633998456158        4298.2633998405163        5.0995367928408086E-009
   362.00000000000000        4298.2892441673384        4298.2892441623044        5.0340531743131578E-009
   362.50000000000000        4298.3147040211243        4298.3147040161548        4.9694790504872799E-009
   363.00000000000000        4298.3397851219797        4298.3397851170730        4.9067239160649478E-009
   363.50000000000000        4298.3644931000899        4298.3644930952451        4.8448782763443887E-009
   364.00000000000000        4298.3888335020738        4298.3888334972917        4.7821231419220567E-009
   364.50000000000000        4298.4128117922246        4298.4128117875034        4.7211869969032705E-009
