  0.000000000000000E+000  0.000000000000000E+000
  3.255208333333333E-004  2.435925588390028E-004
  6.510416666666666E-004  9.736926837405601E-004
  9.765625000000000E-004  2.188273128496951E-003
  1.302083333333333E-003  3.883973087533814E-003
  1.627604166666667E-003  6.056124788245267E-003
  1.953125000000000E-003  8.698790099861084E-003
  2.278645833333333E-003  1.180480655959408E-002
  2.604166666666667E-003  1.536584207479536E-002
  2.929687500000000E-003  1.937245743799038E-002
  3.255208333333333E-003  2.381417569267751E-002
  3.580729166666667E-003  2.867955731343652E-002
  3.906250000000000E-003  3.395628011505711E-002
  4.231770833333333E-003  3.963122278202603E-002
  4.557291666666666E-003  4.569055091085954E-002
  4.882812500000000E-003  5.211980448180795E-002
  5.208333333333333E-003  5.890398572106650E-002
  5.533854166666666E-003  6.602764637706332E-002
  5.859375000000000E-003  7.347497351154164E-002
  6.184895833333333E-003  8.122987299475601E-002
  6.510416666666666E-003  8.927604999086394E-002
  6.835937500000000E-003  9.759708582131006E-002
  7.161458333333333E-003  0.106176510697679     
  7.486979166666666E-003  0.114997871918456     
  7.812500000000000E-003  0.124044797223968     
  8.138020833333332E-003  0.133301053098623     
  8.463541666666666E-003  0.142750597897726     
  8.789062500000000E-003  0.152377629756566     
  9.114583333333332E-003  0.162166629311314     
  9.440104166666666E-003  0.172102397324048     
  9.765625000000000E-003  0.182170087357934     
  1.009114583333333E-002  0.192355233693144     
  1.041666666666667E-002  0.202643774710060     
  1.074218750000000E-002  0.213022071994045     
  1.106770833333333E-002  0.223476925436207     
  1.139322916666667E-002  0.233995584617931     
  1.171875000000000E-002  0.244565756774185     
  1.204427083333333E-002  0.255175611632560     
  1.236979166666667E-002  0.265813783422372     
  1.269531250000000E-002  0.276469370341820     
  1.302083333333333E-002  0.287131931761691     
  1.334635416666667E-002  0.297791483432209     
  1.367187500000000E-002  0.308438490945887     
  1.399739583333333E-002  0.319063861694141     
  1.432291666666667E-002  0.329658935539513     
  1.464843750000000E-002  0.340215474408918     
  1.497395833333333E-002  0.350725650996803     
  1.529947916666667E-002  0.361182036750709     
  1.562500000000000E-002  0.371577589295692     
  1.595052083333333E-002  0.381905639438578     
  1.627604166666666E-002  0.392159877878242     
  1.660156250000000E-002  0.402334341734067     
  1.692708333333333E-002  0.412423400991595     
  1.725260416666666E-002  0.422421744952081     
  1.757812500000000E-002  0.432324368761320     
  1.790364583333333E-002  0.442126560082643     
  1.822916666666666E-002  0.451823885969438     
  1.855468750000000E-002  0.461412179983813     
  1.888020833333333E-002  0.470887529600223     
  1.920572916666666E-002  0.480246263925756     
  1.953125000000000E-002  0.489484941762484     
  1.985677083333333E-002  0.498600340031657     
  2.018229166666666E-002  0.507589442574539     
  2.050781250000000E-002  0.516449429340314     
  2.083333333333333E-002  0.525177665967661     
  2.115885416666666E-002  0.533771693763285     
  2.148437500000000E-002  0.542229220077807     
  2.180989583333333E-002  0.550548109076978     
  2.213541666666666E-002  0.558726372904082     
  2.246093750000000E-002  0.566762163227671     
  2.278645833333333E-002  0.574653763167278     
  2.311197916666666E-002  0.582399579588609     
  2.343750000000000E-002  0.589998135758723     
  2.376302083333333E-002  0.597448064350984     
  2.408854166666666E-002  0.604748100788978     
  2.441406250000000E-002  0.611897076918179     
  2.473958333333333E-002  0.618893914993882     
  2.506510416666666E-002  0.625737621973748     
  2.539062500000000E-002  0.632427284103233     
  2.571614583333333E-002  0.638962061782246     
  2.604166666666666E-002  0.645341184701423     
  2.636718750000000E-002  0.651563947236605     
  2.669270833333333E-002  0.657629704090306     
  2.701822916666666E-002  0.663537866169199     
  2.734375000000000E-002  0.669287896686965     
  2.766927083333333E-002  0.674879307482109     
  2.799479166666666E-002  0.680311655540760     
  2.832031250000000E-002  0.685584539714719     
  2.864583333333333E-002  0.690697597625489     
  2.897135416666666E-002  0.695650502745286     
  2.929687500000000E-002  0.700442961646474     
  2.962239583333333E-002  0.705074711411203     
  2.994791666666666E-002  0.709545517193390     
  3.027343750000000E-002  0.713855169925590     
  3.059895833333333E-002  0.718003484163615     
  3.092447916666666E-002  0.721990296062151     
  3.125000000000000E-002  0.725815461474950     
  3.157552083333333E-002  0.729478854173522     
  3.190104166666666E-002  0.732980364178585     
  3.222656250000000E-002  0.736319896198843     
  3.255208333333333E-002  0.739497368171979     
  3.287760416666666E-002  0.742512709903067     
  3.320312500000000E-002  0.745365861795876     
  3.352864583333333E-002  0.748056773672841     
  3.385416666666666E-002  0.750585403679747     
  3.417968750000000E-002  0.752951717271448     
  3.450520833333333E-002  0.755155686275171     
  3.483072916666666E-002  0.757197288028252     
  3.515625000000000E-002  0.759076504587351     
  3.548177083333333E-002  0.760793322006445     
  3.580729166666666E-002  0.762347729681140     
  3.613281250000000E-002  0.763739719757028     
  3.645833333333333E-002  0.764969286600071     
  3.678385416666666E-002  0.766036426327178     
  3.710937500000000E-002  0.766941136395341     
  3.743489583333333E-002  0.767683415247933     
  3.776041666666666E-002  0.768263262016914     
  3.808593750000000E-002  0.768680676279934     
  3.841145833333333E-002  0.768935657871473     
  3.873697916666666E-002  0.769028206747371     
  3.906250000000000E-002  0.768958322902270     
  3.938802083333333E-002  0.768726006339691     
  3.971354166666666E-002  0.768331257094625     
  4.003906250000000E-002  0.767774075308736     
  4.036458333333333E-002  0.767054461358426     
  4.069010416666666E-002  0.766172416036201     
  4.101562500000000E-002  0.765127940785993     
  4.134114583333333E-002  0.763921037993226     
  4.166666666666666E-002  0.762551711330658     
  4.199218750000000E-002  0.761019966161179     
  4.231770833333333E-002  0.759325809998974     
  4.264322916666666E-002  0.757469253030637     
  4.296875000000000E-002  0.755450308698036     
  4.329427083333333E-002  0.753268994344940     
  4.361979166666666E-002  0.750925331929627     
  4.394531250000000E-002  0.748419348805912     
  4.427083333333333E-002  0.745751078575272     
  4.459635416666666E-002  0.742920562012965     
  4.492187500000000E-002  0.739927848071291     
  4.524739583333333E-002  0.736772994963380     
  4.557291666666666E-002  0.733456071331175     
  4.589843750000000E-002  0.729977157501499     
  4.622395833333333E-002  0.726336346834430     
  4.654947916666666E-002  0.722533747168424     
  4.687500000000000E-002  0.718569482366975     
  4.720052083333333E-002  0.714443693971872     
  4.752604166666666E-002  0.710156542968440     
  4.785156250000000E-002  0.705708211668446     
  4.817708333333333E-002  0.701098905716733     
  4.850260416666666E-002  0.696328856227916     
  4.882812500000000E-002  0.691398322059877     
  4.915364583333333E-002  0.686307592231122     
  4.947916666666666E-002  0.681056988489424     
  4.980468750000000E-002  0.675646868039553     
  5.013020833333333E-002  0.670077626438250     
  5.045572916666666E-002  0.664349700664981     
  5.078125000000000E-002  0.658463572377379     
  5.110677083333333E-002  0.652419771360634     
  5.143229166666666E-002  0.646218879180475     
  5.175781250000000E-002  0.639861533049713     
  5.208333333333333E-002  0.633348429918676     
  5.240885416666666E-002  0.626680330800153     
  5.273437500000000E-002  0.619858065339791     
  5.305989583333333E-002  0.612882536643102     
  5.338541666666666E-002  0.605754726370499     
  5.371093750000000E-002  0.598475700111924     
  5.403645833333333E-002  0.591046613052727     
  5.436197916666666E-002  0.583468715942537     
  5.468750000000000E-002  0.575743361378763     
  5.501302083333333E-002  0.567872010416264     
  5.533854166666666E-002  0.559856239514447     
  5.566406250000000E-002  0.551697747832643     
  5.598958333333333E-002  0.543398364884107     
  5.631510416666666E-002  0.534960058558203     
  5.664062500000000E-002  0.526384943519467     
  5.696614583333333E-002  0.517675289991043     
  5.729166666666666E-002  0.508833532928596     
  5.761718750000000E-002  0.499862281589082     
  5.794270833333333E-002  0.490764329496745     
  5.826822916666666E-002  0.481542664806270     
  5.859375000000000E-002  0.472200481060268     
  5.891927083333333E-002  0.462741188334962     
  5.924479166666666E-002  0.453168424764221     
  5.957031250000000E-002  0.443486068427784     
  5.989583333333333E-002  0.433698249584636     
  6.022135416666666E-002  0.423809363226950     
  6.054687500000000E-002  0.413824081923815     
  6.087239583333333E-002  0.403747368916988     
  6.119791666666666E-002  0.393584491423167     
  6.152343750000000E-002  0.383341034088722     
  6.184895833333333E-002  0.373022912533351     
  6.217447916666666E-002  0.362636386908823     
  6.250000000000000E-002  0.352188075387728     
  6.282552083333333E-002  0.341684967484994     
  6.315104166666666E-002  0.331134437101893     
  6.347656250000000E-002  0.320544255168372     
  6.380208333333333E-002  0.309922601744821     
  6.412760416666666E-002  0.299278077429026     
  6.445312500000000E-002  0.288619713898086     
  6.477864583333333E-002  0.277956983398699     
  6.510416666666666E-002  0.267299806982710     
  6.542968750000000E-002  0.256658561268352     
  6.575520833333333E-002  0.246044083491591     
  6.608072916666666E-002  0.235467674596760     
  6.640625000000000E-002  0.224941100101707     
  6.673177083333333E-002  0.214476588460474     
  6.705729166666666E-002  0.204086826636704     
  6.738281250000000E-002  0.193784952594090     
  6.770833333333333E-002  0.183584544407024     
  6.803385416666666E-002  0.173499605695881     
  6.835937500000000E-002  0.163544547097802     
  6.868489583333333E-002  0.153734163496273     
  6.901041666666666E-002  0.144083606751998     
  6.933593750000000E-002  0.134608353704157     
  6.966145833333333E-002  0.125324169245929     
  6.998697916666666E-002  0.116247064321513     
  7.031250000000000E-002  0.107393248744274     
  7.063802083333333E-002  9.877907879717412E-002
  7.096354166666666E-002  9.042099964724327E-002
  7.128906250000000E-002  8.233548268508678E-002
  7.161458333333333E-002  7.453895798760340E-002
  7.194010416666666E-002  6.704774219604512E-002
  7.226562500000000E-002  5.987796220082508E-002
  7.259114583333333E-002  5.304547512712890E-002
  7.291666666666666E-002  4.656578521911152E-002
  7.324218750000000E-002  4.045395832263989E-002
  7.356770833333333E-002  3.472453476417094E-002
  7.389322916666666E-002  2.939144151329768E-002
  7.421875000000000E-002  2.446790459543712E-002
  7.454427083333333E-002  1.996636278581829E-002
  7.486979166666666E-002  1.589838366319406E-002
  7.519531250000000E-002  1.227458312876120E-002
  7.552083333333333E-002  9.104549500236623E-003
  7.584635416666666E-002  6.396773271153251E-003
  7.617187500000000E-002  4.158583580181330E-003
  7.649739583333333E-002  2.396092364480215E-003
  7.682291666666666E-002  1.114147075437132E-003
  7.714843750000000E-002  3.162927163537640E-004
  7.747395833333333E-002  4.743822235802888E-006
  7.779947916666666E-002  1.803668452529948E-004
  7.812500000000000E-002  8.426732397949932E-004
  7.845052083333333E-002  1.989823363035385E-003
  7.877604166666666E-002  3.618641125583062E-003
  7.910156250000000E-002  5.724639147343808E-003
  7.942708333333333E-002  8.302054001248303E-003
  7.975260416666666E-002  1.134389096682129E-002
  8.007812500000000E-002  1.484197757100056E-002
  8.040364583333333E-002  1.878702506875845E-002
  8.072916666666666E-002  2.316869691377670E-002
  8.105468750000000E-002  2.797568319156571E-002
  8.138020833333333E-002  3.319577993501849E-002
  8.170572916666666E-002  3.881597221549644E-002
  8.203125000000000E-002  4.482251990035512E-002
  8.235677083333333E-002  5.120104498878273E-002
  8.268229166666666E-002  5.793661947973873E-002
  8.300781250000000E-002  6.501385278587739E-002
  8.333333333333333E-002  7.241697778265622E-002
  8.365885416666666E-002  8.012993466902203E-002
  8.398437500000000E-002  8.813645191188037E-002
  8.430989583333333E-002  9.642012364776863E-002
  8.463541666666666E-002  0.104964483018740     
  8.496093750000000E-002  0.113753071022645     
  8.528645833333333E-002  0.122769500558438     
  8.561197916666666E-002  0.131997515442746     
  8.593750000000000E-002  0.141421044263116     
  8.626302083333333E-002  0.151024249014934     
  8.658854166666666E-002  0.160791568542041     
  8.691406250000000E-002  0.170707756865182     
  8.723958333333333E-002  0.180757916537336     
  8.756510416666666E-002  0.190927527210846     
  8.789062500000000E-002  0.201202469638390     
  8.821614583333333E-002  0.211569045358636     
  8.854166666666666E-002  0.222013992338678     
  8.886718750000000E-002  0.232524496859499     
  8.919270833333333E-002  0.243088201938830     
  8.951822916666666E-002  0.253693212588355     
  8.984375000000000E-002  0.264328098200221     
  9.016927083333333E-002  0.274981892351926     
  9.049479166666666E-002  0.285644090309549     
  9.082031250000000E-002  0.296304644497730     
  9.114583333333333E-002  0.306953958191232     
  9.147135416666666E-002  0.317582877668049     
  9.179687500000000E-002  0.328182683048132     
  9.212239583333333E-002  0.338745078025475     
  9.244791666666666E-002  0.349262178684751     
  9.277343750000000E-002  0.359726501577245     
  9.309895833333333E-002  0.370130951214766     
  9.342447916666666E-002  0.380468807124629     
  9.375000000000000E-002  0.390733710593905     
  9.407552083333333E-002  0.400919651217018     
  9.440104166666666E-002  0.411020953347474     
  9.472656250000000E-002  0.421032262542095     
  9.505208333333333E-002  0.430948532074661     
  9.537760416666666E-002  0.440765009585263     
  9.570312500000000E-002  0.450477223921984     
  9.602864583333333E-002  0.460080972222724     
  9.635416666666666E-002  0.469572307277010     
  9.667968750000000E-002  0.478947525200426     
  9.700520833333333E-002  0.488203153447935     
  9.733072916666666E-002  0.497335939186584     
  9.765625000000000E-002  0.506342838043067     
  9.798177083333333E-002  0.515221003237139     
  9.830729166666666E-002  0.523967775108001     
  9.863281250000000E-002  0.532580671037349     
  9.895833333333333E-002  0.541057375769890     
  9.928385416666666E-002  0.549395732129601     
  9.960937500000000E-002  0.557593732127868     
  9.993489583333333E-002  0.565649508457848     
  0.100260416666667       0.573561326367948     
  0.100585937500000       0.581327575905995     
  0.100911458333333       0.588946764524792     
  0.101236979166667       0.596417510038901     
  0.101562500000000       0.603738533921926     
  0.101888020833333       0.610908654933130     
  0.102213541666667       0.617926783061942     
  0.102539062500000       0.624791913778689     
  0.102864583333333       0.631503122579873     
  0.103190104166667       0.638059559816275     
  0.103515625000000       0.644460445792308     
  0.103841145833333       0.650705066125137     
  0.104166666666667       0.656792767352353     
  0.104492187500000       0.662722952777174     
  0.104817708333333       0.668495078540469     
  0.105143229166667       0.674108649909201     
  0.105468750000000       0.679563217771206     
  0.105794270833333       0.684858375326565     
  0.106119791666667       0.689993754966233     
  0.106445312500000       0.694969025328876     
  0.106770833333333       0.699783888527307     
  0.107096354166667       0.704438077536249     
  0.107421875000000       0.708931353733517     
  0.107747395833333       0.713263504587107     
  0.108072916666667       0.717434341481010     
  0.108398437500000       0.721443697672941     
  0.108723958333333       0.725291426377519     
  0.109049479166667       0.728977398968783     
  0.109375000000000       0.732501503296235     
  0.109700520833333       0.735863642108957     
  0.110026041666667       0.739063731582641     
  0.110351562500000       0.742101699944682     
  0.110677083333333       0.744977486192780     
  0.111002604166667       0.747691038902781     
  0.111328125000000       0.750242315121775     
  0.111653645833333       0.752631279342711     
  0.111979166666667       0.754857902557077     
  0.112304687500000       0.756922161382430     
  0.112630208333333       0.758824037261804     
  0.112955729166667       0.760563515732261     
  0.113281250000000       0.762140585760088     
  0.113606770833333       0.763555239140348     
  0.113932291666667       0.764807469958719     
  0.114257812500000       0.765897274113773     
  0.114583333333333       0.766824648898041     
  0.114908854166667       0.767589592636399     
  0.115234375000000       0.768192104380550     
  0.115559895833333       0.768632183658518     
  0.115885416666667       0.768909830278288     
  0.116210937500000       0.769025044184926     
  0.116536458333333       0.768977825370654     
  0.116861979166667       0.768768173837596     
  0.117187500000000       0.768396089613038     
  0.117513020833333       0.767861572817284     
  0.117838541666667       0.767164623784310     
  0.118164062500000       0.766305243235676     
  0.118489583333333       0.765283432508260     
  0.118815104166667       0.764099193836638     
  0.119140625000000       0.762752530691072     
  0.119466145833333       0.761243448172281     
  0.119791666666667       0.759571953464372     
  0.120117187500000       0.757738056347481     
  0.120442708333333       0.755741769771910     
  0.120768229166667       0.753583110495726     
  0.121093750000000       0.751262099788024     
  0.121419270833333       0.748778764200247     
  0.121744791666667       0.746133136408231     
  0.122070312500000       0.743325256127804     
  0.122395833333333       0.740355171107095     
  0.122721354166667       0.737222938198870     
  0.123046875000000       0.733928624516533     
  0.123372395833333       0.730472308677667     
  0.123697916666667       0.726854082139255     
  0.124023437500000       0.723074050629033     
  0.124348958333333       0.719132335677679     
  0.124674479166667       0.715029076256887     
  0.125000000000000       0.710764430528637     
  0.125325520833333       0.706338577711341     
  0.125651041666667       0.701751720068826     
  0.125976562500000       0.697004085028495     
  0.126302083333333       0.692095927435315     
  0.126627604166667       0.687027531948661     
  0.126953125000000       0.681799215589392     
  0.127278645833333       0.676411330444900     
  0.127604166666667       0.670864266540244     
  0.127929687500000       0.665158454883852     
  0.128255208333333       0.659294370696641     
  0.128580729166667       0.653272536833778     
  0.128906250000000       0.647093527408659     
  0.129231770833333       0.640757971629046     
  0.129557291666667       0.634266557855622     
  0.129882812500000       0.627620037893573     
  0.130208333333333       0.620819231528061     
  0.130533854166667       0.613865031314750     
  0.130859375000000       0.606758407636753     
  0.131184895833333       0.599500414039543     
  0.131510416666667       0.592092192855492     
  0.131835937500000       0.584534981129762     
  0.132161458333333       0.576830116859209     
  0.132486979166667       0.568979045555853     
  0.132812500000000       0.560983327146237     
  0.133138020833333       0.552844643217568     
  0.133463541666667       0.544564804621079     
  0.133789062500000       0.536145759442305     
  0.134114583333333       0.527589601347071     
  0.134440104166667       0.518898578310895     
  0.134765625000000       0.510075101738110     
  0.135091145833333       0.501121755975350     
  0.135416666666667       0.492041308222055     
  0.135742187500000       0.482836718838322     
  0.136067708333333       0.473511152047644     
  0.136393229166667       0.464067987028933     
  0.136718750000000       0.454510829388508     
  0.137044270833333       0.444843522998526     
  0.137369791666667       0.435070162183539     
  0.137695312500000       0.425195104231405     
  0.138020833333333       0.415222982198684     
  0.138346354166667       0.405158717973762     
  0.138671875000000       0.395007535553357     
  0.138997395833333       0.384774974479563     
  0.139322916666667       0.374466903375281     
  0.139648437500000       0.364089533505703     
  0.139973958333333       0.353649432282385     
  0.140299479166667       0.343153536614396     
  0.140625000000000       0.332609165998194     
  0.140950520833333       0.322024035223984     
  0.141276041666667       0.311406266561824     
  0.141601562500000       0.300764401275378     
  0.141927083333333       0.290107410295358     
  0.142252604166667       0.279444703868366     
  0.142578125000000       0.268786139980335     
  0.142903645833333       0.258142031337267     
  0.143229166666667       0.247523150669888     
  0.143554687500000       0.236940734113467     
  0.143880208333333       0.226406482399865     
  0.144205729166667       0.215932559586422     
  0.144531250000000       0.205531589036070     
  0.144856770833333       0.195216646355756     
  0.145182291666667       0.185001248996513     
  0.145507812500000       0.174899342219157     
  0.145833333333333       0.164925281135208     
  0.146158854166667       0.155093808544245     
  0.146484375000000       0.145420028307054     
  0.146809895833333       0.135919374019491     
  0.147135416666667       0.126607572785567     
  0.147460937500000       0.117500603930420     
  0.147786458333333       0.108614652544919     
  0.148111979166667       9.996605781395242E-002
  0.148437500000000       9.157125614975102E-002
  0.148763020833333       8.344671922969957E-002
  0.149088541666667       7.560888712420187E-002
  0.149414062500000       6.807409679327962E-002
  0.149739583333333       6.085850632918474E-002
  0.150065104166667       5.397801542465166E-002
  0.150390625000000       4.744818265012915E-002
  0.150716145833333       4.128414022588572E-002
  0.151041666666667       3.550050707335017E-002
  0.151367187500000       3.011130102125767E-002
  0.151692708333333       2.512985112283262E-002
  0.152018229166667       2.056871110712601E-002
  0.152343750000000       1.643957503748687E-002
  0.152669270833333       1.275319628018084E-002
  0.152994791666667       9.519310893913821E-003
  0.153320312500000       6.746566534606572E-003
  0.153645833333333       4.442457928077861E-003
  0.153971354166667       2.613269896038469E-003
  0.154296875000000       1.264028828541513E-003
  0.154622395833333       3.984633803224613E-004
  0.154947916666667       1.897503176063256E-005
  0.155273437500000       1.266190007615158E-004
  0.155598958333333       7.210958237684273E-004
  0.155924479166667       1.800753746974807E-003
  0.156250000000000       3.362601887623184E-003
  0.156575520833333       5.402333945249476E-003
  0.156901041666667       7.914362068990623E-003
  0.157226562500000       1.089186032447472E-002
  0.157552083333333       1.432681705676812E-002
  0.157877604166667       1.821009531805464E-002
  0.158203125000000       2.253150042313466E-002
  0.158528645833333       2.727985361448629E-002
  0.158854166666667       3.244307076265913E-002
  0.159179687500000       3.800824499732239E-002
  0.159505208333333       4.396173215876372E-002
  0.159830729166667       5.028923797747283E-002
  0.160156250000000       5.697590592857098E-002
  0.160481770833333       6.400640476562293E-002
  0.160807291666667       7.136501481172901E-002
  0.161132812500000       7.903571217151224E-002
  0.161458333333333       8.700225012246496E-002
  0.161783854166667       9.524823704473696E-002
  0.162109375000000       0.103757210351869     
  0.162434895833333       0.112512705988391     
  0.162760416666667       0.121498323161154     
  0.163085937500000       0.130697784067603     
  0.163411458333333       0.140094988474455     
  0.163736979166667       0.149674063082844     
  0.164062500000000       0.159419405690317     
  0.164388020833333       0.169315724225412     
  0.164713541666667       0.179348070786770     
  0.165039062500000       0.189501870865805     
  0.165364583333333       0.199762947970330     
  0.165690104166667       0.210117543896426     
  0.166015625000000       0.220552334918109     
  0.166341145833333       0.231054444179482     
  0.166666666666667       0.241611450582925     
  0.166992187500000       0.252211394470220     
  0.167317708333333       0.262842780392101     
  0.167643229166667       0.273494577256324     
  0.167968750000000       0.284156216135659     
  0.168294270833333       0.294817586005948     
  0.168619791666667       0.305469027671074     
  0.168945312500000       0.316101326116907     
  0.169270833333333       0.326705701520585     
  0.169596354166667       0.337273799125167     
  0.169921875000000       0.347797678173135     
  0.170247395833333       0.358269800075797     
  0.170572916666667       0.368683015979476     
  0.170898437500000       0.379030553873701     
  0.171223958333333       0.389306005371662     
  0.171549479166667       0.399503312278900     
  0.171875000000000       0.409616753052831     
  0.172200520833333       0.419640929243160     
  0.172526041666667       0.429570751991629     
  0.172851562500000       0.439401428658814     
  0.173177083333333       0.449128449635916     
  0.173502604166667       0.458747575390514     
  0.173828125000000       0.468254823787179     
  0.174153645833333       0.477646457716583     
  0.174479166666667       0.486918973060172     
  0.174804687500000       0.496069087011688     
  0.175130208333333       0.505093726771669     
  0.175455729166667       0.513990018626519     
  0.175781250000000       0.522755277419757     
  0.176106770833333       0.531386996419613     
  0.176432291666667       0.539882837584136     
  0.176757812500000       0.548240622222414     
  0.177083333333333       0.556458322048333     
  0.177408854166667       0.564534050621458     
  0.177734375000000       0.572466055168070     
  0.178059895833333       0.580252708774165     
  0.178385416666667       0.587892502941179     
  0.178710937500000       0.595384040494385     
  0.179036458333333       0.602726028833333     
  0.179361979166667       0.609917273513197     
  0.179687500000000       0.616956672145616     
  0.180013020833333       0.623843208607402     
  0.180338541666667       0.630575947545421     
  0.180664062500000       0.637154029165934     
  0.180989583333333       0.643576664296785     
  0.181315104166667       0.649843129710968     
  0.181640625000000       0.655952763700271     
  0.181966145833333       0.661904961887991     
  0.182291666666667       0.667699173269946     
  0.182617187500000       0.673334896473322     
  0.182942708333333       0.678811676223256     
  0.183268229166667       0.684129100007354     
  0.183593750000000       0.689286794928732     
  0.183919270833333       0.694284424738516     
  0.184244791666667       0.699121687039122     
  0.184570312500000       0.703798310649984     
  0.184895833333333       0.708314053127796     
  0.185221354166667       0.712668698433675     
  0.185546875000000       0.716862054740035     
  0.185872395833333       0.720893952370309     
  0.186197916666667       0.724764241864999     
  0.186523437500000       0.728472792167892     
  0.186848958333333       0.732019488926600     
  0.187174479166667       0.735404232901915     
  0.187500000000000       0.738626938480775     
  0.187825520833333       0.741687532287950     
  0.188151041666667       0.744585951891869     
  0.188476562500000       0.747322144600245     
  0.188802083333333       0.749896066341511     
  0.189127604166667       0.752307680628275     
  0.189453125000000       0.754556957599301     
  0.189778645833333       0.756643873136785     
  0.190104166666667       0.758568408055898     
  0.190429687500000       0.760330547363847     
  0.190755208333333       0.761930279585913     
  0.191080729166667       0.763367596156152     
  0.191406250000000       0.764642490870660     
  0.191731770833333       0.765754959401524     
  0.192057291666667       0.766704998869768     
  0.192382812500000       0.767492607475827     
  0.192708333333333       0.768117784186272     
  0.193033854166667       0.768580528475674     
  0.193359375000000       0.768880840122749     
  0.193684895833333       0.769018719060035     
  0.194010416666667       0.768994165276610     
  0.194335937500000       0.768807178773496     
  0.194661458333333       0.768457759571598     
  0.194986979166667       0.767945907772202     
  0.195312500000000       0.767271623670252     
  0.195638020833333       0.766434907920788     
  0.195963541666667       0.765435761759134     
  0.196289062500000       0.764274187275596     
  0.196614583333333       0.762950187745623     
  0.196940104166667       0.761463768016580     
  0.197265625000000       0.759814934952472     
  0.197591145833333       0.758003697938154     
  0.197916666666667       0.756030069444774     
  0.198242187500000       0.753894065658386     
  0.198567708333333       0.751595707173912     
  0.198893229166667       0.749135019756817     
  0.199218750000000       0.746512035175111     
  0.199544270833333       0.743726792104514     
  0.199869791666667       0.740779337109855     
  0.200195312500000       0.737669725706034     
  0.200520833333333       0.734398023502126     
  0.200846354166667       0.730964307432459     
  0.201171875000000       0.727368667078785     
  0.201497395833333       0.723611206087942     
  0.201822916666667       0.719692043689679     
  0.202148437500000       0.715611316319641     
  0.202473958333333       0.711369179352791     
  0.202799479166667       0.706965808952897     
  0.203125000000000       0.702401404044002     
  0.203450520833333       0.697676188410174     
  0.203776041666667       0.692790412930115     
  0.204101562500000       0.687744357953652     
  0.204427083333333       0.682538335827381     
  0.204752604166667       0.677172693577206     
  0.205078125000000       0.671647815755790     
  0.205403645833333       0.665964127463376     
  0.205729166666667       0.660122097550775     
  0.206054687500000       0.654122242013672     
  0.206380208333333       0.647965127587805     
  0.206705729166667       0.641651375554885     
  0.207031250000000       0.635181665769496     
  0.207356770833333       0.628556740917506     
  0.207682291666667       0.621777411016846     
  0.208007812500000       0.614844558171772     
  0.208333333333333       0.607759141591948     
  0.208658854166667       0.600522202887870     
  0.208984375000000       0.593134871654291     
  0.209309895833333       0.585598371353359     
  0.209635416666667       0.577914025509148     
  0.209960937500000       0.570083264225155     
  0.210286458333333       0.562107631036122     
  0.210611979166667       0.553988790105150     
  0.210937500000000       0.545728533776628     
  0.211263020833333       0.537328790494739     
  0.211588541666667       0.528791633096547     
  0.211914062500000       0.520119287487487     
  0.212239583333333       0.511314141705785     
  0.212565104166667       0.502378755380706     
  0.212890625000000       0.493315869587589     
  0.213216145833333       0.484128417100330     
  0.213541666666667       0.474819533039280     
  0.213867187500000       0.465392565909423     
  0.214192708333333       0.455851089020050     
  0.214518229166667       0.446198912273044     
  0.214843750000000       0.436440094302162     
  0.215169270833333       0.426578954940328     
  0.215494791666667       0.416620087985974     
  0.215820312500000       0.406568374232698     
  0.216145833333333       0.396428994718956     
  0.216471354166667       0.386207444146211     
  0.216796875000000       0.375909544404746     
  0.217122395833333       0.365541458136253     
  0.217447916666667       0.355109702251366     
  0.217773437500000       0.344621161308357     
  0.218098958333333       0.334083100646476     
  0.218424479166667       0.323503179153689     
  0.218750000000000       0.312889461534166     
  0.219075520833333       0.302250429925552     
  0.219401041666667       0.291594994700353     
  0.219726562500000       0.280932504269428     
  0.220052083333333       0.270272753689083     
  0.220377604166667       0.259625991856764     
  0.220703125000000       0.249002927064183     
  0.221028645833333       0.238414730661194     
  0.221354166666667       0.227873038569376     
  0.221679687500000       0.217389950371565     
  0.222005208333333       0.206978025692969     
  0.222330729166667       0.196650277581772     
  0.222656250000000       0.186420162592868     
  0.222981770833333       0.176301567278291     
  0.223307291666667       0.166308790792851     
  0.223632812500000       0.156456523334171     
  0.223958333333333       0.146759820153526     
  0.224283854166667       0.137234070898361     
  0.224609375000000       0.127894964079840     
  0.224934895833333       0.118758446499626     
  0.225260416666667       0.109840677520017     
  0.225585937500000       0.101157978120479     
  0.225911458333333       9.272677475174496E-002
  0.226236979166667       8.456353807553611E-002
  0.226562500000000       7.668471676299626E-002
  0.226888020833333       6.910666661715630E-002
  0.227213541666667       6.184557538269442E-002
  0.227539062500000       5.491738370819323E-002
  0.227864583333333       4.833770282976237E-002
  0.228190104166667       4.212172964778398E-002
  0.228515625000000       3.628415996779237E-002
  0.228841145833333       3.083910076884865E-002
  0.229166666666667       2.579998244517285E-002
  0.229492187500000       2.117947203575103E-002
  0.229817708333333       1.698938850907596E-002
  0.230143229166667       1.324062120313053E-002
  0.230468750000000       9.943052531707942E-003
  0.230794270833333       7.105486055197210E-003
  0.231119791666667       4.735580975855552E-003
  0.231445312500000       2.839794053875042E-003
  0.231770833333333       1.423329851709456E-003
  0.232096354166667       4.901001015735981E-004
  0.232421875000000       4.269285706736398E-005
  0.232747395833333       8.235193768871334E-005
  0.233072916666667       6.089670085554160E-004
  0.233398437500000       1.621074461483050E-003
  0.233723958333333       3.115869082634279E-003
  0.234049479166667       5.089226311459835E-003
  0.234375000000000       7.535734720724988E-003
  0.234700520833333       1.044873818299437E-002
  0.235026041666667       1.382038703948661E-002
  0.235351562500000       1.764169745652454E-002
  0.235677083333333       2.190261804599813E-002
  0.236002604166667       2.659210274141532E-002
  0.236328125000000       3.169818886157528E-002
  0.236653645833333       3.720807925993754E-002
  0.236979166666667       4.310822744878847E-002
  0.237304687500000       4.938442460202708E-002
  0.237630208333333       5.602188737668860E-002
  0.237955729166667       6.300534554867065E-002
  0.238281250000000       7.031912852949927E-002
  0.238606770833333       7.794724991518197E-002
  0.238932291666667       8.587348931195043E-002
  0.239257812500000       9.408147078368057E-002
  0.239583333333333       0.102554737369046     
  0.239908854166667       0.111276821219958     
  0.240234375000000       0.120231309014295     
  0.240559895833333       0.129401902393071     
  0.240885416666667       0.138772473263293     
  0.241210937500000       0.148327113891553     
  0.241536458333333       0.158050181788893     
  0.241861979166667       0.167926339454101     
  0.242187500000000       0.177940589100096     
  0.242513020833333       0.188078302536388     
  0.242838541666667       0.198325246420194     
  0.243164062500000       0.208667603119757     
  0.243489583333333       0.219091987456827     
  0.243815104166667       0.229585459611208     
  0.244140625000000       0.240135534480067     
  0.244466145833333       0.250730187788744     
  0.244791666666667       0.261357859248999     
  0.245117187500000       0.272007453055733     
  0.245442708333333       0.282668336005017     
  0.245768229166667       0.293330333505236     
  0.246093750000000       0.303983723740158     
  0.246419270833333       0.314619230228146     
  0.246744791666667       0.325228013006083     
  0.247070312500000       0.335801658650339     
  0.247395833333333       0.346332169330609     
  0.247721354166667       0.356811951075912     
  0.248046875000000       0.367233801415870     
  0.248372395833333       0.377590896544660     
  0.248697916666667       0.387876778139921     
  0.249023437500000       0.398085339954531     
  0.249348958333333       0.408210814285689     
  0.249674479166667       0.418247758413027     
  0.250000000000000       0.428191041085776     
  0.250325520833333       0.438035829128151     
  0.250651041666667       0.447777574222188     
  0.250976562500000       0.457411999918217     
  0.251302083333333       0.466935088914954     
  0.251627604166667       0.476343070643798     
  0.251953125000000       0.485632409185273     
  0.252278645833333       0.494799791539674     
  0.252604166666667       0.503842116268748     
  0.252929687500000       0.512756482520542     
  0.253255208333333       0.521540179445615     
  0.253580729166667       0.530190676009197     
  0.253906250000000       0.538705611200858     
  0.254231770833333       0.547082784640619     
  0.254557291666667       0.555320147578238     
  0.254882812500000       0.563415794280450     
  0.255208333333333       0.571367953799423     
  0.255533854166667       0.579174982114405     
  0.255859375000000       0.586835354637403     
  0.256184895833333       0.594347659073004     
  0.256510416666667       0.601710588621756     
  0.256835937500000       0.608922935516007     
  0.257161458333333       0.615983584876870     
  0.257486979166667       0.622891508880672     
  0.257812500000000       0.629645761223210     
  0.258138020833333       0.636245471870101     
  0.258463541666667       0.642689842081593     
  0.258789062500000       0.648978139700340     
  0.259114583333333       0.655109694690819     
  0.259440104166667       0.661083894919348     
  0.259765625000000       0.666900182163863     
  0.260091145833333       0.672558048342991     
  0.260416666666667       0.678057031954250     
  0.260742187500000       0.683396714711510     
  0.261067708333333       0.688576718372284     
  0.261393229166667       0.693596701745723     
  0.261718750000000       0.698456357872566     
  0.262044270833333       0.703155411368692     
  0.262369791666667       0.707693615924261     
  0.262695312500000       0.712070751950825     
  0.263020833333333       0.716286624369117     
  0.263346354166667       0.720341060530645     
  0.263671875000000       0.724233908266487     
  0.263997395833333       0.727965034057099     
  0.264322916666667       0.731534321317243     
  0.264648437500000       0.734941668790475     
  0.264973958333333       0.738186989047953     
  0.265299479166667       0.741270207086636     
  0.265625000000000       0.744191259022236     
  0.265950520833333       0.746950090872563     
  0.266276041666667       0.749546657427216     
  0.266601562500000       0.751980921199813     
  0.266927083333333       0.754252851459215     
  0.267252604166667       0.756362423336480     
  0.267578125000000       0.758309617004494     
  0.267903645833333       0.760094416927491     
  0.268229166666667       0.761716811177886     
  0.268554687500000       0.763176790818088     
  0.268880208333333       0.764474349345149     
  0.269205729166667       0.765609482196356     
  0.269531250000000       0.766582186314036     
  0.269856770833333       0.767392459768086     
  0.270182291666667       0.768040301434918     
  0.270507812500000       0.768525710731687     
  0.270833333333333       0.768848687404908     
  0.271158854166667       0.769009231372699     
  0.271484375000000       0.769007342620128     
  0.271809895833333       0.768843021147270     
  0.272135416666667       0.768516266969823     
  0.272460937500000       0.768027080172264     
  0.272786458333333       0.767375461013741     
  0.273111979166667       0.766561410087062     
  0.273437500000000       0.765584928531344     
  0.273763020833333       0.764446018299047     
  0.274088541666667       0.763144682478337     
  0.274414062500000       0.761680925671882     
  0.274739583333333       0.760054754433399     
  0.275065104166667       0.758266177763470     
  0.275390625000000       0.756315207666319     
  0.275716145833333       0.754201859769497     
  0.276041666666667       0.751926154008581     
  0.276367187500000       0.749488115379250     
  0.276692708333333       0.746887774759311     
  0.277018229166667       0.744125169803473     
  0.277343750000000       0.741200345913918     
  0.277669270833333       0.738113357289952     
  0.277994791666667       0.734864268060281     
  0.278320312500000       0.731453153501713     
  0.278645833333333       0.727880101348367     
  0.278971354166667       0.724145213195723     
  0.279296875000000       0.720248606004194     
  0.279622395833333       0.716190413707116     
  0.279947916666667       0.711970788928436     
  0.280273437500000       0.707589904815653     
  0.280598958333333       0.703047956993899     
  0.280924479166667       0.698345165647398     
  0.281250000000000       0.693481777734851     
  0.281575520833333       0.688458069345694     
  0.281901041666667       0.683274348204484     
  0.282226562500000       0.677930956331055     
  0.282552083333333       0.672428272864479     
  0.282877604166667       0.666766717059165     
  0.283203125000000       0.660946751461882     
  0.283528645833333       0.654968885278822     
  0.283854166666667       0.648833677942146     
  0.284179687500000       0.642541742885906     
  0.284505208333333       0.636093751541478     
  0.284830729166667       0.629490437563020     
  0.285156250000000       0.622732601293783     
  0.285481770833333       0.615821114484321     
  0.285807291666667       0.608756925273931     
  0.286132812500000       0.601541063446818     
  0.286458333333333       0.594174645974647     
  0.286783854166667       0.586658882857141     
  0.287109375000000       0.578995083272464     
  0.287434895833333       0.571184662048983     
  0.287760416666667       0.563229146469746     
  0.288085937500000       0.555130183420795     
  0.288411458333333       0.546889546893824     
  0.288736979166667       0.538509145853121     
  0.289062500000000       0.529991032475894     
  0.289388020833333       0.521337410773969     
  0.289713541666667       0.512550645603613     
  0.290039062500000       0.503633272068596     
  0.290364583333333       0.494588005319777     
  0.290690104166667       0.485417750752173     
  0.291015625000000       0.476125614597918     
  0.291341145833333       0.466714914910431     
  0.291666666666667       0.457189192931520     
  0.291992187500000       0.447552224829183     
  0.292317708333333       0.437808033789167     
  0.292643229166667       0.427960902438072     
  0.292968750000000       0.418015385569968     
  0.293294270833333       0.407976323141713     
  0.293619791666667       0.397848853494850     
  0.293945312500000       0.387638426753669     
  0.294270833333333       0.377350818340029     
  0.294596354166667       0.366992142535461     
  0.294921875000000       0.356568866010323     
  0.295247395833333       0.346087821227992     
  0.295572916666667       0.335556219619305     
  0.295898437500000       0.324981664409085     
  0.296223958333333       0.314372162962060     
  0.296549479166667       0.303736138500446     
  0.296875000000000       0.293082441029738     
  0.297200520833333       0.282420357292971     
  0.297526041666667       0.271759619557293     
  0.297851562500000       0.261110413020103     
  0.298177083333333       0.250483381605856     
  0.298502604166667       0.239889631908891     
  0.298828125000000       0.229340735023233     
  0.299153645833333       0.218848725987224     
  0.299479166666667       0.208426100559933     
  0.299804687500000       0.198085809038188     
  0.300130208333333       0.187841246818180     
  0.300455729166667       0.177706241404937     
  0.300781250000000       0.167695035577211     
  0.301106770833333       0.157822266425044     
  0.301432291666667       0.148102939993624     
  0.301757812500000       0.138552401290437     
  0.302083333333333       0.129186299444027     
  0.302408854166667       0.120020547842318     
  0.302734375000000       0.111071279127148     
  0.303059895833333       0.102354794979264     
  0.303385416666667       9.388751069489040E-002
  0.303710937500000       8.568589463072032E-002
  0.304036458333333       7.776640267807691E-002
  0.304361979166667       7.014540801830549E-002
  0.304687500000000       6.283912650874601E-002
  0.305013020833333       5.586353815006063E-002
  0.305338541666667       4.923430518933274E-002
  0.305664062500000       4.296668751648722E-002
  0.305989583333333       3.707545611152305E-002
  0.306315104166667       3.157480539355655E-002
  0.306640625000000       2.647826540667999E-002
  0.306966145833333       2.179861484865828E-002
  0.307291666666667       1.754779600338061E-002
  0.307617187500000       1.373683267388938E-002
  0.307942708333333       1.037575222691259E-002
  0.308268229166667       7.473512850339946E-003
  0.308593750000000       5.037937090527131E-003
  0.308919270833333       3.075652676135013E-003
  0.309244791666667       1.592041549848294E-003
  0.309570312500000       5.911979199313976E-004
  0.309895833333333       7.589601244366202E-005
  0.310221354166667       4.756805506213521E-005
  0.310546875000000       5.062928587577334E-004
  0.310872395833333       1.450795188447942E-003
  0.311197916666667       2.878455933188925E-003
  0.311523437500000       4.785332905585249E-003
  0.311848958333333       7.166191924103359E-003
  0.312174479166667       1.001454766580329E-002
  0.312500000000000       1.332271362519655E-002
  0.312825520833333       1.708186038145693E-002
  0.313151041666667       2.128208126416394E-002
  0.313476562500000       2.591246441951053E-002
  0.313802083333333       3.096117021576537E-002
  0.314127604166667       3.641551288929202E-002
  0.314453125000000       4.226204532001064E-002
  0.314778645833333       4.848664583671326E-002
  0.315104166666667       5.507460598610227E-002
  0.315429687500000       6.201071825224237E-002
  0.315755208333333       6.927936278245057E-002
  0.316080729166667       7.686459225831233E-002
  0.316406250000000       8.475021414303972E-002
  0.316731770833333       9.291986963579950E-002
  0.317057291666667       0.101357108766548     
  0.317382812500000       0.110045461168551     
  0.317708333333333       0.118968502167680     
  0.318033854166667       0.128109913925379     
  0.318359375000000       0.137453541464267     
  0.318684895833333       0.146983443490190     
  0.319010416666667       0.156683938001286     
  0.319335937500000       0.166539642742443     
  0.319661458333333       0.176535510622321     
  0.319986979166667       0.186656860259785     
  0.320312500000000       0.196889401867227     
  0.320638020833333       0.207219258710586     
  0.320963541666667       0.217632984410129     
  0.321289062500000       0.228117576363109     
  0.321614583333333       0.238660485579987     
  0.321940104166667       0.249249623230692     
  0.322265625000000       0.259873364197226     
  0.322591145833333       0.270520547924564     
  0.322916666666667       0.281180476854001     
  0.323242187500000       0.291842912712432     
  0.323567708333333       0.302498070918273     
  0.323893229166667       0.313136613350396     
  0.324218750000000       0.323749639710821     
  0.324544270833333       0.334328677695826     
  0.324869791666667       0.344865672173602     
  0.325195312500000       0.355352973550013     
  0.325520833333333       0.365783325487856     
  0.325846354166667       0.376149852129131     
  0.326171875000000       0.386446044954705     
  0.326497395833333       0.396665749401200     
  0.326822916666667       0.406803151341418     
  0.327148437500000       0.416852763521719     
  0.327473958333333       0.426809412037933     
  0.327799479166667       0.436668222920497     
  0.328125000000000       0.446424608889306     
  0.328450520833333       0.456074256329731     
  0.328776041666667       0.465613112532861     
  0.329101562500000       0.475037373235515     
  0.329427083333333       0.484343470488894     
  0.329752604166667       0.493528060878692     
  0.330078125000000       0.502588014114158     
  0.330403645833333       0.511520401998909     
  0.330729166666667       0.520322487792187     
  0.331054687500000       0.528991715965607     
  0.331380208333333       0.537525702357357     
  0.331705729166667       0.545922224723169     
  0.332031250000000       0.554179213680988     
  0.332356770833333       0.562294744044458     
  0.332682291666667       0.570267026538659     
  0.333007812500000       0.578094399890181     
