   0.0000000000000000        198.00000000000000        198.00000000000000        0.0000000000000000     
  0.50000000000000000        200.85261267630881        200.85252046585083        9.2210457978580962E-005
   1.0000000000000000        203.74428201196733        203.74409508705139        1.8692491593697014E-004
   1.5000000000000000        206.67548361521230        206.67519974708557        2.8386812672920314E-004
   2.0000000000000000        209.64669717085516        209.64631390571594        3.8326513922015693E-004
   2.5000000000000000        212.65840642312838        212.65792107582092        4.8534730746041532E-004
   3.0000000000000000        215.71109915652346        215.71050953865051        5.8961787294720125E-004
   3.5000000000000000        218.80526717456175        218.80457067489624        6.9649966550855424E-004
   4.0000000000000000        221.94140627643773        221.94060039520264        8.0588123509528486E-004
   4.5000000000000000        225.12001623147557        225.11909818649292        9.1804498265446455E-004
   5.0000000000000000        228.34160075133741        228.34056806564331        1.0326856940992002E-003
   5.5000000000000000        231.60666745992103        231.60551738739014        1.1500725308906112E-003
   6.0000000000000000        234.91572786088500        234.91445779800415        1.2700628808488545E-003
   6.5000000000000000        238.26929730273682        238.26790452003479        1.3927827020268069E-003
   7.0000000000000000        241.66789494142105        241.66637682914734        1.5181122737146779E-003
   7.5000000000000000        245.11204370034119        245.11039710044861        1.6465998925809799E-003
   8.0000000000000000        248.60227022775081        248.60049247741699        1.7777503338152201E-003
   8.5000000000000000        252.13910485144686        252.13719296455383        1.9118868930263488E-003
   9.0000000000000000        255.72308153069872        255.72103261947632        2.0489112224026940E-003
   9.5000000000000000        259.35473780534539        259.35254883766174        2.1889676836508443E-003
   10.000000000000000        263.03461474199287        263.03228282928467        2.3319127082004343E-003
   10.500000000000000        266.76325687724290        266.76077890396118        2.4779732817137301E-003
   11.000000000000000        270.54121215788462        270.53858518600464        2.6269718799767361E-003
   11.500000000000000        274.36903187797901        274.36625289916992        2.7789788090899492E-003
   12.000000000000000        278.24727061276752        278.24433636665344        2.9342461140799969E-003
   12.500000000000000        282.17648614933285        282.17339348793030        3.0926614025474919E-003
   13.000000000000000        286.15723941394373        286.15398526191711        3.2541520266136104E-003
   13.500000000000000        290.19009439601189        290.18667531013489        3.4190858769989063E-003
   14.000000000000000        294.27561806859001        294.27203059196472        3.5874766252845802E-003
   14.500000000000000        298.41438030534152        298.41062140464783        3.7589006936968872E-003
   15.000000000000000        302.60695379390978        302.60301995277405        3.9338411357334735E-003
   15.500000000000000        306.85391394561657        306.84980225563049        4.1116899860753620E-003
   16.000000000000000        311.15583880141946        311.15154528617859        4.2935152408745125E-003
   16.500000000000000        315.51330893405702        315.50883030891418        4.4786251428377000E-003
   17.000000000000000        319.92690734631191        319.92224049568176        4.6668506301443813E-003
   17.500000000000000        324.39721936532254        324.39235997200012        4.8593933224196917E-003
   18.000000000000000        328.92483253287281        328.91977715492249        5.0553779503275109E-003
   18.500000000000000        333.51033649159172        333.50508189201355        5.2545995781656529E-003
   19.000000000000000        338.15432286699530        338.14886546134949        5.4574056458136511E-003
   19.500000000000000        342.85738514530129        342.85172104835510        5.6640969461909663E-003
   20.000000000000000        347.62011854695277        347.61424422264099        5.8743243117760358E-003
   20.500000000000000        352.44311989578159        352.43703150749207        6.0883882895268471E-003
   21.000000000000000        357.32698748375049        357.32068133354187        6.3061502086156906E-003
   21.500000000000000        362.27232093120671        362.26579356193542        6.5273692712821685E-003
   22.000000000000000        367.27972104258788        367.27296853065491        6.7525119329729932E-003
   22.500000000000000        372.34978965751668        372.34280800819397        6.9816493227108367E-003
   23.000000000000000        377.48312949722708        377.47591519355774        7.2143036693432805E-003
   23.500000000000000        382.68034400626215        382.67289280891418        7.4511973479616245E-003
   24.000000000000000        387.94203718938905        387.93434548377991        7.6917056091474478E-003
   24.500000000000000        393.26881344367638        393.26087689399719        7.9365496791865553E-003
   25.000000000000000        398.66127738568122        398.65309262275696        8.1847629242588482E-003
   25.500000000000000        404.12003367369681        404.11159634590149        8.4373277953204706E-003
   26.000000000000000        409.64568682501283        409.63699269294739        8.6941320654432275E-003
   26.500000000000000        415.23884102814225        415.22988629341125        8.9547347309917313E-003
   27.000000000000000        420.90009994997416        420.89088082313538        9.2191268387864511E-003
   27.500000000000000        426.63006653781048        426.62057900428772        9.4875335227584401E-003
   28.000000000000000        432.42934281625065        432.41958260536194        9.7602108887144823E-003
   28.500000000000000        438.29852967889173        438.28849244117737        1.0037237714357161E-002
   29.000000000000000        444.23822667481068        444.22790837287903        1.0318301931647511E-002
   29.500000000000000        450.24903178980452        450.23842835426331        1.0603435541213457E-002
   30.000000000000000        456.33154122236277        456.32064843177795        1.0892790584819068E-002
   30.500000000000000        462.48634915435389        462.47516274452209        1.1186409831793753E-002
   31.000000000000000        468.71404751640881        468.70256352424622        1.1483992162595769E-002
   31.500000000000000        475.01522574799094        475.00344014167786        1.1785606313083008E-002
   32.000000000000000        481.39047055214462        481.37837910652161        1.2091445623013897E-002
   32.500000000000000        487.84036564491936        487.82796406745911        1.2401577460252611E-002
   33.000000000000000        494.36549149947228        494.35277581214905        1.2715687323236580E-002
   33.500000000000000        500.96642508485428        500.95339131355286        1.3033771301422803E-002
   34.000000000000000        507.64373959949347        507.63038325309753        1.3356346395937635E-002
   34.500000000000000        514.39800419939070        514.38432097434998        1.3683225040722391E-002
   35.000000000000000        521.22978372105251        521.21576952934265        1.4014191709861734E-002
   35.500000000000000        528.13963839918574        528.12528920173645        1.4349197449291751E-002
   36.000000000000000        535.12812357919347        535.11343502998352        1.4688549209949997E-002
   36.500000000000000        542.19578942450460        542.18075776100159        1.5031663503009440E-002
   37.000000000000000        549.34318061879139        549.32780194282532        1.5378675966076116E-002
   37.500000000000000        556.57083606312131        556.55510592460632        1.5730138514982173E-002
   38.000000000000000        563.87928856810447        563.86320281028748        1.6085757816995283E-002
   38.500000000000000        571.26906454110519        571.25261902809143        1.6445513013763957E-002
   39.000000000000000        578.74068366858432        578.72387433052063        1.6809338063694668E-002
   39.500000000000000        586.29465859366042        586.27748131752014        1.7177276140273534E-002
   40.000000000000000        593.93149458896869        593.91394543647766        1.7549152491028508E-002
   40.500000000000000        601.65168922491978        601.63376450538635        1.7924719533425559E-002
   41.000000000000000        609.45573203345566        609.43742775917053        1.8304274285128486E-002
   41.500000000000000        617.34410416741650        617.32541584968567        1.8688317730834569E-002
   42.000000000000000        625.31727805563366        625.29820227622986        1.9075779403806337E-002
   42.500000000000000        633.37571705387893        633.35624957084656        1.9467483032372002E-002
   43.000000000000000        641.51987509179969        641.50001215934753        1.9862932452156201E-002
   43.500000000000000        649.75019631599002        649.72993350028992        2.0262815700107240E-002
   44.000000000000000        658.06711472934171        658.04644846916199        2.0666260179723395E-002
   44.500000000000000        666.47105382684208        666.44998049736023        2.1073329481851033E-002
   45.000000000000000        674.96242622798388        674.94094252586365        2.1483702120235648E-002
   45.500000000000000        683.54163330596839        683.51973509788513        2.1898208083257487E-002
   46.000000000000000        692.20906481388442        692.18674921989441        2.2315593990015259E-002
   46.500000000000000        700.96509850806626        700.94236159324646        2.2736914819802223E-002
   47.000000000000000        709.81009976882910        709.78693842887878        2.3161339950320325E-002
   47.500000000000000        718.74442121880145        718.72083163261414        2.3589586187313216E-002
   48.000000000000000        727.76840233907694        727.74438166618347        2.4020672893470874E-002
   48.500000000000000        736.88236908341798        736.85791373252869        2.4455350889297733E-002
   49.000000000000000        746.08663349075766        746.06174063682556        2.4892853932101389E-002
   49.500000000000000        755.38149329624594        755.35615897178650        2.5334324459436175E-002
   50.000000000000000        764.76723154110948        764.74145293235779        2.5778608751693355E-002
   50.500000000000000        774.24411618158865        774.21788954734802        2.6226634240629210E-002
   51.000000000000000        783.81239969723754        783.78572249412537        2.6677203112171810E-002
   51.500000000000000        793.47231869887366        793.44518828392029        2.7130414953376203E-002
   52.000000000000000        803.22409353647697        803.19650721549988        2.7586320977093237E-002
   52.500000000000000        813.06792790734653        813.03988337516785        2.8044532178682857E-002
   53.000000000000000        823.00400846483069        822.97550272941589        2.8505735414796618E-002
   53.500000000000000        833.03250442795922        833.00353503227234        2.8969395686885946E-002
   54.000000000000000        843.15356719230670        843.12413096427917        2.9436228027520883E-002
   54.500000000000000        853.36732994243857        853.33742499351501        2.9904948923558550E-002
   55.000000000000000        863.67390726628253        863.64353156089783        3.0375705384699359E-002
   55.500000000000000        874.07339477179198        874.04254508018494        3.0849691607045315E-002
   56.000000000000000        884.56586870626620        884.53454375267029        3.1324953595913030E-002
   56.500000000000000        895.15138557870137        895.11958289146423        3.1802687237131977E-002
   57.000000000000000        905.82998178556090        905.79770064353943        3.2281142021474807E-002
   57.500000000000000        916.60167324034694        916.56891131401062        3.2761926336320357E-002
   58.000000000000000        927.46645500737804        927.43321013450623        3.3244872871819098E-002
   58.500000000000000        938.42430094017038        938.39057135581970        3.3729584350680852E-002
   59.000000000000000        949.47516332483553        949.44094824790955        3.4215076925988797E-002
   59.500000000000000        960.61897252890833        960.58427023887634        3.4702290031987104E-002
   60.000000000000000        971.85563665602501        971.82044577598572        3.5190880039294825E-002
   60.500000000000000        983.18504120687862        983.14936137199402        3.5679834884604134E-002
   61.000000000000000        994.60704874687883        994.57087874412537        3.6170002753465269E-002
   61.500000000000000        1006.1214985809534        1006.0848376750946        3.6660905858752812E-002
   62.000000000000000        1017.7282064359234        1017.6910541057587        3.7152330164758496E-002
   62.500000000000000        1029.4269641508979        1029.3893191814423        3.7644969455641331E-002
   63.000000000000000        1041.2175393761245        1041.1794021129608        3.8137263163662283E-002
   63.500000000000000        1053.0996752807443        1053.0610454082489        3.8629872495448581E-002
   64.000000000000000        1065.0730902698938        1065.0339667797089        3.9123490184920229E-002
   64.500000000000000        1077.1374777115996        1077.0978610515594        3.9616660040110219E-002
   65.000000000000000        1089.2925056739141        1089.2523963451385        4.0109328775542963E-002
   65.500000000000000        1101.5378166727310        1101.4972140789032        4.0602593827770761E-002
   66.000000000000000        1113.8730274307304        1113.8319318294525        4.1095601277902460E-002
   66.500000000000000        1126.2977286478924        1126.2561414241791        4.1587223713349886E-002
   67.000000000000000        1138.8114847840129        1138.7694060802460        4.2078703766947001E-002
   67.500000000000000        1151.4138338536654        1151.3712642192841        4.2569634381379728E-002
   68.000000000000000        1164.1042872340297        1164.0612285137177        4.3058720312046717E-002
   68.500000000000000        1176.8823294860201        1176.8387820720673        4.3547413952865099E-002
   69.000000000000000        1189.7474181891271        1189.7033832073212        4.4034981805907591E-002
   69.500000000000000        1202.6989837903898        1202.6544625759125        4.4521214477299509E-002
   70.000000000000000        1215.7364294679001        1215.6914231777191        4.5006290180936048E-002
   70.500000000000000        1228.8591310092397        1228.8136413097382        4.5489699501558789E-002
   71.000000000000000        1242.0664367052357        1242.0204656124115        4.5971092824174775E-002
   71.500000000000000        1255.3576672594131        1255.3112161159515        4.6451143461581523E-002
   72.000000000000000        1268.7321157135123        1268.6851871013641        4.6928612148121829E-002
   72.500000000000000        1282.1890473894273        1282.1416442394257        4.7403150001628092E-002
   73.000000000000000        1295.7276998479115        1295.6798236370087        4.7876210902813909E-002
   73.500000000000000        1309.3472828643742        1309.2989356517792        4.8347212594990197E-002
   74.000000000000000        1323.0469784220932        1322.9981639385223        4.8814483570822631E-002
   74.500000000000000        1336.8259407231428        1336.7766616344452        4.9279088697630868E-002
   75.000000000000000        1350.6832962173203        1350.6335551738739        4.9741043446374533E-002
   75.500000000000000        1364.6181436493446        1364.5679442882538        5.0199361090790262E-002
   76.000000000000000        1378.6295541245845        1378.5788991451263        5.0654979458158778E-002
   76.500000000000000        1392.7165711935427        1392.6654641628265        5.1107030716138979E-002
   77.000000000000000        1406.8782109553215        1406.8266551494598        5.1555805861653425E-002
   77.500000000000000        1421.1134621802619        1421.0614612102509        5.2000970011022218E-002
   78.000000000000000        1435.4212864519432        1435.3688437938690        5.2442658074141946E-002
   78.500000000000000        1449.8006183286843        1449.7477385997772        5.2879728907100798E-002
   79.000000000000000        1464.2503655247046        1464.1970527172089        5.3312807495785819E-002
   79.500000000000000        1478.7694091110391        1478.7156674861908        5.3741624848271385E-002
   80.000000000000000        1493.3566037363144        1493.3024375438690        5.4166192445336492E-002
   80.500000000000000        1508.0107778674433        1507.9561917781830        5.4586089260283188E-002
   81.000000000000000        1522.7307340502948        1522.6757323741913        5.5001676103529462E-002
   81.500000000000000        1537.5152491903534        1537.4598367214203        5.5412468933127457E-002
   82.000000000000000        1552.3630748533647        1552.3072564601898        5.5818393174831726E-002
   82.500000000000000        1567.2729375859490        1567.2167184352875        5.6219150661490858E-002
   83.000000000000000        1582.2435392561181        1582.1869237422943        5.6615513823771835E-002
   83.500000000000000        1597.2735574136286        1597.2165505886078        5.7006825020835095E-002
   84.000000000000000        1612.3616456700577        1612.3042533397675        5.7392330290213067E-002
   84.500000000000000        1627.5064340984811        1627.4486615657806        5.7772532700482770E-002
   85.000000000000000        1642.7065296525943        1642.6483819484711        5.8147704123257427E-002
   85.500000000000000        1657.9605166050883        1657.9020001888275        5.8516416260772530E-002
   86.000000000000000        1673.2669570050844        1673.2080781459808        5.8878859103515424E-002
   86.500000000000000        1688.6243911543831        1688.5651547908783        5.9236363504851397E-002
   87.000000000000000        1704.0313381022725        1703.9717509746552        5.9587127617305669E-002
   87.500000000000000        1719.4862961586025        1719.4263637065887        5.9932452013754300E-002
   88.000000000000000        1734.9877434248194        1734.9274718761444        6.0271548675018494E-002
   88.500000000000000        1750.5341383426198        1750.4735343456268        6.0603996992995235E-002
   89.000000000000000        1766.1239202598526        1766.0629899501801        6.0930309672585281E-002
   89.500000000000000        1781.7555100132881        1781.6942594051361        6.1250608152022323E-002
   90.000000000000000        1797.4273105278353        1797.3657472133636        6.1563314471641206E-002
   90.500000000000000        1813.1377074317681        1813.0758378505707        6.1869581197470325E-002
   91.000000000000000        1828.8850696874974        1828.8229005336761        6.2169153821287182E-002
   91.500000000000000        1844.6677502374005        1844.6052873134613        6.2462923939165194E-002
   92.000000000000000        1860.4840866642012        1860.4213378429413        6.2748821259901888E-002
   92.500000000000000        1876.3324018653668        1876.2693736553192        6.3028210047605171E-002
   93.000000000000000        1892.2110047409653        1892.1477038860321        6.3300854933231676E-002
   93.500000000000000        1908.1181908944102        1908.0546243190765        6.3566575333652509E-002
   94.000000000000000        1924.0522433455021        1923.9884183406830        6.3825004819136666E-002
   94.500000000000000        1940.0114332551423        1939.9473569393158        6.4076315826468999E-002
   95.000000000000000        1955.9940206610968        1955.9297006130219        6.4320048074932856E-002
   95.500000000000000        1971.9982552241515        1971.9336984157562        6.4556808395309417E-002
   96.000000000000000        1988.0223769840020        1987.9575898647308        6.4787119271159099E-002
   96.500000000000000        2004.0646171241781        2003.9996087551117        6.5008369066390514E-002
   97.000000000000000        2020.1231987453277        2020.0579755306244        6.5223214703337362E-002
   97.500000000000000        2036.1963376461354        2036.1309068202972        6.5430825838120654E-002
   98.000000000000000        2052.2822431111517        2052.2166116237640        6.5631487387690868E-002
   98.500000000000000        2068.3791187048128        2068.3132951259613        6.5823578851450293E-002
   99.000000000000000        2084.4851630708868        2084.4191529750824        6.6010095804358571E-002
   99.500000000000000        2100.5985707366185        2100.5323827266693        6.6188009949200932E-002
   100.00000000000000        2116.7175329207817        2116.6511762142181        6.6356706563510670E-002
   100.50000000000000        2132.8402383449006        2132.7737195491791        6.6518795721549395E-002
   101.00000000000000        2148.9648740468547        2148.8982007503510        6.6673296503722668E-002
   101.50000000000000        2165.0896261960852        2165.0228040218353        6.6822174249864474E-002
   102.00000000000000        2181.2126809096376        2181.1457173824310        6.6963527206553408E-002
   102.50000000000000        2197.3322250682554        2197.2651288509369        6.7096217318521667E-002
   103.00000000000000        2213.4464471317410        2213.3792264461517        6.7220685589290952E-002
   103.50000000000000        2229.5535379528051        2229.4861981868744        6.7339765930682915E-002
   104.00000000000000        2245.6516915886364        2245.5842416286469        6.7449959989517083E-002
   104.50000000000000        2261.7391061094099        2261.6715524196625        6.7553689747455792E-002
   105.00000000000000        2277.8139844029720        2277.7463357448578        6.7648658114194404E-002
   105.50000000000000        2293.8745349749320        2293.8067986965179        6.7736278414031403E-002
   106.00000000000000        2309.9189727434195        2309.8511559963226        6.7816747096912877E-002
   106.50000000000000        2325.9455198277551        2325.8776299953461        6.7889832409036899E-002
   107.00000000000000        2341.9524063302915        2341.8844506740570        6.7955656234516937E-002
   107.50000000000000        2357.9378711107174        2357.8698556423187        6.8015468398698431E-002
   108.00000000000000        2373.9001625520996        2373.8320949077606        6.8067644338952960E-002
   108.50000000000000        2389.8375393179658        2389.7694270610809        6.8112256884887756E-002
   109.00000000000000        2405.7482710997515        2405.6801211833954        6.8149916356105678E-002
   109.50000000000000        2421.6306393539317        2421.5624587535858        6.8180600345840503E-002
   110.00000000000000        2437.4829380281903        2437.4147346019745        6.8203426215859508E-002
   110.50000000000000        2453.3034742759960        2453.2352540493011        6.8220226694847952E-002
   111.00000000000000        2469.0905691589564        2469.0223386287689        6.8230530187520344E-002
   111.50000000000000        2484.8425583363655        2484.7743251323700        6.8233203995532676E-002
   112.00000000000000        2500.5577927413619        2500.4895637035370        6.8229037824949046E-002
   112.50000000000000        2516.2346392431327        2516.1664206981659        6.8218544966839545E-002
   113.00000000000000        2531.8714812946437        2531.8032805919647        6.8200702678950620E-002
   113.50000000000000        2547.4667195653751        2547.3985431194305        6.8176445944573061E-002
   114.00000000000000        2563.0187725585643        2562.9506270885468        6.8145470017498155E-002
   114.50000000000000        2578.5260772125075        2578.4579684734344        6.8108739073068136E-002
   115.00000000000000        2593.9870894854621        2593.9190242290497        6.8065256412410235E-002
   115.50000000000000        2609.4002849237404        2609.3322694301605        6.8015493579878239E-002
   116.00000000000000        2624.7641592125951        2624.6962001323700        6.7959080225136859E-002
   116.50000000000000        2640.0772287095342        2640.0093324184418        6.7896291092438332E-002
   117.00000000000000        2655.3380309597246        2655.2702033519745        6.7827607750132302E-002
   117.50000000000000        2670.5451251931581        2670.4773719310760        6.7753262082078436E-002
   118.00000000000000        2685.6970928032997        2685.6294200420380        6.7672761261746928E-002
   118.50000000000000        2700.7925378069494        2700.7249515056610        6.7586301288429240E-002
   119.00000000000000        2715.8300872850823        2715.7625939846039        6.7493300478417950E-002
   119.50000000000000        2730.8083918044472        2730.7409970760345        6.7394728412637050E-002
   120.00000000000000        2745.7261258197509        2745.6588351726532        6.7290647097706824E-002
   120.50000000000000        2760.5819880562617        2760.5148074626923        6.7180593569446501E-002
   121.00000000000000        2775.3747018726986        2775.3076369762421        6.7064896456486167E-002
   121.50000000000000        2790.1030156043007        2790.0360715389252        6.6944065375537321E-002
   122.00000000000000        2804.7657028859976        2804.6988847255707        6.6818160426919349E-002
   122.50000000000000        2819.3615629556239        2819.2948758602142        6.6687095409633912E-002
   123.00000000000000        2833.8894209371433        2833.8228700160980        6.6550921045291034E-002
   123.50000000000000        2848.3481281038839        2848.2817189693451        6.6409134538844228E-002
   124.00000000000000        2862.7365621217955        2862.6702992916107        6.6262830184768973E-002
   124.50000000000000        2877.0536272727818        2876.9875161647797        6.6111108002132823E-002
   125.00000000000000        2891.2982546581593        2891.2323005199432        6.5954138216056890E-002
   125.50000000000000        2905.4694023823440        2905.4036090373993        6.5793344944722776E-002
   126.00000000000000        2919.5660557168776        2919.5004279613495        6.5627755528112175E-002
   126.50000000000000        2933.5872272449169        2933.5217711925507        6.5456052366243966E-002
   127.00000000000000        2947.5319569863518        2947.4666764736176        6.5280512734261720E-002
   127.50000000000000        2961.3993125037182        2961.3342120647430        6.5100438975150610E-002
   128.00000000000000        2975.1883889891133        2975.1234729290009        6.4916060112409468E-002
   128.50000000000000        2988.8983093323141        2988.8335826396942        6.4726692619842652E-002
   129.00000000000000        3002.5282241703417        3002.4636905193329        6.4533651008787274E-002
   129.50000000000000        3016.0773119187211        3016.0129754543304        6.4336464390635228E-002
   130.00000000000000        3029.5447787847042        3029.4806439876556        6.4134797048609471E-002
   130.50000000000000        3042.9298587627363        3042.8659284114838        6.3930351252565742E-002
   131.00000000000000        3056.2318136124759        3056.1680924892426        6.3721123233335675E-002
   131.50000000000000        3069.4499328196762        3069.3864247798920        6.3508039784210268E-002
   132.00000000000000        3082.5835335402521        3082.5202424526215        6.3291087630659604E-002
   132.50000000000000        3095.6319605278932        3095.5688893795013        6.3071148391827592E-002
   133.00000000000000        3108.5945860455513        3108.5317380428314        6.2848002719874785E-002
   133.50000000000000        3121.4708097611983        3121.4081895351410        6.2620226057333639E-002
   134.00000000000000        3134.2600586281997        3134.1976687908173        6.2389837382397673E-002
   134.50000000000000        3146.9617867507236        3146.8996312618256        6.2155488898042677E-002
   135.00000000000000        3159.5754752345456        3159.5135571956635        6.1918038882140536E-002
   135.50000000000000        3172.1006320236920        3172.0389544963837        6.1677527308347635E-002
   136.00000000000000        3184.5367917232975        3184.4753577709198        6.1433952377683454E-002
   136.50000000000000        3196.8835154091216        3196.8223273754120        6.1188033709640877E-002
   137.00000000000000        3209.1403904241383        3209.0794513225555        6.0939101582789590E-002
   137.50000000000000        3221.3070301626253        3221.2463433742523        6.0686788373004674E-002
   138.00000000000000        3233.3830738421907        3233.3226420879364        6.0431754254295811E-002
   138.50000000000000        3245.3681862641861        3245.3080127239227        6.0173540263349423E-002
   139.00000000000000        3257.2620575629171        3257.2021443843842        5.9913178532951861E-002
   139.50000000000000        3269.0644029441337        3269.0047528743744        5.9650069759300095E-002
   140.00000000000000        3280.7749624132098        3280.7155778408051        5.9384572404724167E-002
   140.50000000000000        3292.3935004934788        3292.3343837261200        5.9116767358773359E-002
   141.00000000000000        3303.9198059351629        3303.8609597682953        5.8846166867624561E-002
   141.50000000000000        3315.3536914153456        3315.2951180934906        5.8573321854964888E-002
   142.00000000000000        3326.6949932294201        3326.6366946697235        5.8298559696595476E-002
   142.50000000000000        3337.9435709744776        3337.8855493068695        5.8021667608045391E-002
   143.00000000000000        3349.0993072250521        3349.0415647029877        5.7742522064472723E-002
   143.50000000000000        3360.1621072016715        3360.1046454906464        5.7461711025098339E-002
   144.00000000000000        3371.1318984326540        3371.0747191905975        5.7179242056463409E-002
   144.50000000000000        3382.0086304095630        3381.9517362117767        5.6894197786277800E-002
   145.00000000000000        3392.7922742367691        3392.7356660366058        5.6608200163282163E-002
   145.50000000000000        3403.4828222755159        3403.4265019893646        5.6320286151276377E-002
   146.00000000000000        3414.0802877829228        3414.0242574214935        5.6030361429293407E-002
   146.50000000000000        3424.5847045463356        3424.5289657115936        5.5738834741987375E-002
   147.00000000000000        3434.9961265134107        3434.9406812191010        5.5445294309720339E-002
   147.50000000000000        3445.3146274183528        3445.2594764232635        5.5150995089206845E-002
   148.00000000000000        3455.5403004046861        3455.4854457378387        5.4854666847404587E-002
   148.50000000000000        3465.6732576449385        3465.6187007427216        5.4556902216972958E-002
   149.00000000000000        3475.7136299576259        3475.6593711376190        5.4258820006907627E-002
   149.50000000000000        3485.6615664219025        3485.6076076030731        5.3958818829414668E-002
   150.00000000000000        3495.5172339902279        3495.4635760784149        5.3657911812933889E-002
   150.50000000000000        3505.2808170994153        3505.2274615764618        5.3355522953552281E-002
   151.00000000000000        3514.9525172804092        3514.8994653224945        5.3051957914703962E-002
   151.50000000000000        3524.5325527671034        3524.4798047542572        5.2748012846222991E-002
   152.00000000000000        3534.0211581045605        3533.9687154293060        5.2442675254496862E-002
   152.50000000000000        3543.4185837569244        3543.3664472103119        5.2136546612473467E-002
   153.00000000000000        3552.7250957153442        3552.6732671260834        5.1828589260821900E-002
   153.50000000000000        3561.9409751062176        3561.8894546031952        5.1520503022402409E-002
   154.00000000000000        3571.0665178000272        3571.0153062343597        5.1211565667472314E-002
   154.50000000000000        3580.1020340210644        3580.0511319637299        5.0902057334496931E-002
   155.00000000000000        3589.0478479583139        3588.9972560405731        5.0591917740803183E-002
   155.50000000000000        3597.9042973777509        3597.8540160655975        5.0281312153401814E-002
   156.00000000000000        3606.6717332363114        3606.6217639446259        4.9969291685556527E-002
   156.50000000000000        3615.3505192977846        3615.3008620738983        4.9657223886242718E-002
   157.00000000000000        3623.9410317508487        3623.8916862010956        4.9345549753070372E-002
   157.50000000000000        3632.4436588294875        3632.3946254253387        4.9033404148758564E-002
   158.00000000000000        3640.8588004360004        3640.8100802898407        4.8720146159666911E-002
   158.50000000000000        3649.1868677668067        3649.1384608745575        4.8406892249204247E-002
   159.00000000000000        3657.4282829412496        3657.3801896572113        4.8093284038259299E-002
   159.50000000000000        3665.5834786335877        3665.5356996059418        4.7779027645901806E-002
   160.00000000000000        3673.6528977083412        3673.6054322719574        4.7465436383845372E-002
   160.50000000000000        3681.6369928591862        3681.5898416042328        4.7151254953405441E-002
   161.00000000000000        3689.5362262515337        3689.4893891811371        4.6837070396577474E-002
   161.50000000000000        3697.3510691689594        3697.3045461177826        4.6523051176791341E-002
   162.00000000000000        3705.0820016636362        3705.0357930660248        4.6208597611439473E-002
   162.50000000000000        3712.7295122108826        3712.6836178302765        4.5894380606114282E-002
   163.00000000000000        3720.2940973679747        3720.2485172748566        4.5580093118132936E-002
   163.50000000000000        3727.7762614373351        3727.7309954166412        4.5266020693816245E-002
   164.00000000000000        3735.1765161342032        3735.1315643787384        4.4951755464808230E-002
   164.50000000000000        3742.4953802589043        3742.4507420063019        4.4638252602453576E-002
   165.00000000000000        3749.7333793737948        3749.6890547275543        4.4324646240511356E-002
   165.50000000000000        3756.8910454849915        3756.8470337390900        4.4011745901570976E-002
   166.00000000000000        3763.9689167289512        3763.9252178668976        4.3698862053588527E-002
   166.50000000000000        3770.9675370639820        3770.9241507053375        4.3386358644511347E-002
   167.00000000000000        3777.8874559667483        3777.8443815708160        4.3074395932308107E-002
   167.50000000000000        3784.7292281338337        3784.6864655017853        4.2762632048379601E-002
   168.00000000000000        3791.4934131884156        3791.4509623050690        4.2450883346646151E-002
   168.50000000000000        3798.1805753920903        3798.1384356021881        4.2139789902194025E-002
   169.00000000000000        3804.7912833619016        3804.7494537830353        4.1829578866327211E-002
   169.50000000000000        3811.3261097925997        3811.2845900058746        4.1519786725075392E-002
   170.00000000000000        3817.7856311841560        3817.7444202899933        4.1210894162759359E-002
   170.50000000000000        3824.1704275745719        3824.1295254230499        4.0902151522004715E-002
   171.00000000000000        3830.4810822779782        3830.4404881000519        4.0594177926323027E-002
   171.50000000000000        3836.7181816280590        3836.6778948307037        4.0286797355292947E-002
   172.00000000000000        3842.8823147267890        3842.8423345088959        3.9980217893116787E-002
   172.50000000000000        3848.9740731985003        3848.9343988895416        3.9674308958637994E-002
   173.00000000000000        3854.9940509492690        3854.9546816349030        3.9369314366012986E-002
   173.50000000000000        3860.9428439316180        3860.9037787914276        3.9065140190359671E-002
   174.00000000000000        3866.8210499145212        3866.7822883129120        3.8761601609166974E-002
   174.50000000000000        3872.6292682587004        3872.5908095836639        3.8458675036508794E-002
   175.00000000000000        3878.3680996971898        3878.3299424648285        3.8157232361299975E-002
   175.50000000000000        3884.0381461211464        3884.0002896785736        3.7856442572774540E-002
   176.00000000000000        3889.6400103708820        3889.6024539470673        3.7556423814748996E-002
   176.50000000000000        3895.1742960320839        3895.1370384693146        3.7257562769354990E-002
   177.00000000000000        3900.6416072371926        3900.6046478748322        3.6959362360448722E-002
   177.50000000000000        3906.0425484718999        3906.0058863162994        3.6662155600424740E-002
   178.00000000000000        3911.3777243867253        3911.3413584232330        3.6365963492244191E-002
   178.50000000000000        3916.6477396136347        3916.6116688251495        3.6070788485176308E-002
   179.00000000000000        3921.8531985876493        3921.8174216747284        3.5776912920937320E-002
   179.50000000000000        3926.9947053734008        3926.9592211246490        3.5484248751799896E-002
   180.00000000000000        3932.0728634965844        3932.0376713275909        3.5192168993489759E-002
   180.50000000000000        3937.0882757802565        3937.0533745288849        3.4901251371593389E-002
   181.00000000000000        3942.0415441859182        3942.0069324970245        3.4611688893619430E-002
   181.50000000000000        3946.9332696593419        3946.8989460468292        3.4323612512707768E-002
   182.00000000000000        3951.7640519810680        3951.7300155162811        3.4036464786822762E-002
   182.50000000000000        3956.5344896215206        3956.5007388591766        3.3750762343970564E-002
   183.00000000000000        3961.2451796006844        3961.2117135524750        3.3466048209447763E-002
   183.50000000000000        3965.8967173522706        3965.8635346889496        3.3182663320985739E-002
   184.00000000000000        3970.4896965923176        3970.4567964076996        3.2900184618029016E-002
   184.50000000000000        3975.0247091921597        3974.9920899868011        3.2619205358514591E-002
   185.00000000000000        3979.5023450556914        3979.4700057506561        3.2339305035293364E-002
   185.50000000000000        3983.9231920008742        3983.8911311626434        3.2060838230790978E-002
   186.00000000000000        3988.2878356454039        3988.2560517787933        3.1783866610567202E-002
   186.50000000000000        3992.5968592964796        3992.5653512477875        3.1508048692103330E-002
   187.00000000000000        3996.8508438446015        3996.8196103572845        3.1233487316967512E-002
   187.50000000000000        4001.0503676613343        4001.0194070339203        3.0960627414060582E-002
   188.00000000000000        4005.1960065009525        4005.1653172969818        3.0689203970723611E-002
   188.50000000000000        4009.2883334059184        4009.2579143047333        3.0419101185088948E-002
   189.00000000000000        4013.3279186160994        4013.2977683544159        3.0150261683502322E-002
   189.50000000000000        4017.3153294816711        4017.2854468822479        2.9882599423217471E-002
   190.00000000000000        4021.2511303796309        4021.2215139865875        2.9616393043397693E-002
   190.50000000000000        4025.1358826338433        4025.1065309047699        2.9351729073368915E-002
   191.00000000000000        4028.9701444385605        4028.9410560131073        2.9088425453210220E-002
   191.50000000000000        4032.7544707853340        4032.7256443500519        2.8826435282098828E-002
   192.00000000000000        4036.4894133932526        4036.4608473777771        2.8566015475462336E-002
   192.50000000000000        4040.1755206424414        4040.1472134590149        2.8307183426477422E-002
   193.00000000000000        4043.8133375107391        4043.7852878570557        2.8049653683410725E-002
   193.50000000000000        4047.4034055134966        4047.3756117820740        2.7793731422661949E-002
   194.00000000000000        4050.9462626464178        4050.9187233448029        2.7539301614979195E-002
   194.50000000000000        4054.4424433313829        4054.4151570796967        2.7286251686291507E-002
   195.00000000000000        4057.8924783651732        4057.8654434680939        2.7034897079374787E-002
   195.50000000000000        4061.2968948710436        4061.2701098918915        2.6784979152125743E-002
   196.00000000000000        4064.6562162530618        4064.6296796798706        2.6536573191151547E-002
   196.50000000000000        4067.9709621531601        4067.9446723461151        2.6289807045031921E-002
   197.00000000000000        4071.2416484108207        4071.2156038284302        2.6044582390568394E-002
   197.50000000000000        4074.4687870253392        4074.4429862499237        2.5800775415518729E-002
   198.00000000000000        4077.6528861205943        4077.6273276805878        2.5558440006534511E-002
   198.50000000000000        4080.7944499122650        4080.7691321372986        2.5317774966424622E-002
   199.00000000000000        4083.8939786774263        4083.8689000606537        2.5078616772589157E-002
   199.50000000000000        4086.9519687264647        4086.9271275997162        2.4841126748469833E-002
   200.00000000000000        4089.9689123772487        4089.9443073272705        2.4605049978163152E-002
   200.50000000000000        4092.9452979314960        4092.9209272861481        2.4370645347971731E-002
   201.00000000000000        4095.8816096532746        4095.8574717044830        2.4137948791576491E-002
   201.50000000000000        4098.7783277495764        4098.7544209957123        2.3906753864139318E-002
   202.00000000000000        4101.6359283529118        4101.6122515201569        2.3676832754972565E-002
   202.50000000000000        4104.4548835058586        4104.4314348697662        2.3448636092325614E-002
   203.00000000000000        4107.2356611475143        4107.2124390602112        2.3222087303111039E-002
   203.50000000000000        4109.9787251017942        4109.9557280540466        2.2997047747594479E-002
   204.00000000000000        4112.6845350675167        4112.6617615222931        2.2773545223572000E-002
   204.50000000000000        4115.3535466102312        4115.3309948444366        2.2551765794560197E-002
   205.00000000000000        4117.9862111557177        4117.9638798236847        2.2331332032990758E-002
   205.50000000000000        4120.5829759851285        4120.5608632564545        2.2112728674073878E-002
   206.00000000000000        4123.1442842317010        4123.1223886013031        2.1895630397921195E-002
   206.50000000000000        4125.6705748789955        4125.6488950252533        2.1679853742170963E-002
   207.00000000000000        4128.1622827606288        4128.1408169269562        2.1465833672664303E-002
   207.50000000000000        4130.6198385614107        4130.5985851287842        2.1253432626508584E-002
   208.00000000000000        4133.0436688198861        4133.0226263999939        2.1042419892182807E-002
   208.50000000000000        4135.4341959321991        4135.4133627414703        2.0833190728808404E-002
   209.00000000000000        4137.7918381572517        4137.7712128162384        2.0625341013328580E-002
   209.50000000000000        4140.1170096231008        4140.0965905189514        2.0419104149368650E-002
   210.00000000000000        4142.4101203345654        4142.3899059295654        2.0214404999933322E-002
   210.50000000000000        4144.6715761819778        4144.6515648365021        2.0011345475722919E-002
   211.00000000000000        4146.9017789510626        4146.8819689750671        1.9809975995485729E-002
   211.50000000000000        4149.1011263338751        4149.0815162658691        1.9610068005931680E-002
   212.00000000000000        4151.2700119407864        4151.2506003379822        1.9411602804211725E-002
   212.50000000000000        4153.4088253134505        4153.3896102905273        1.9215022923162905E-002
   213.00000000000000        4155.5179519387357        4155.4989321231842        1.9019815551473584E-002
   213.50000000000000        4157.5977732635611        4157.5789473056793        1.8825957881745126E-002
   214.00000000000000        4159.6486667106265        4159.6300327777863        1.8633932840202760E-002
   214.50000000000000        4161.6710056949751        4161.6525623798370        1.8443315138028993E-002
   215.00000000000000        4163.6651596413740        4163.6469054222107        1.8254219163281959E-002
   215.50000000000000        4165.6314940024567        4165.6134272813797        1.8066721077047987E-002
   216.00000000000000        4167.5703702776245        4167.5524895191193        1.7880758505270933E-002
   216.50000000000000        4169.4821460326366        4169.4644496440887        1.7696388547847164E-002
   217.00000000000000        4171.3671749198948        4171.3496614694595        1.7513450435217237E-002
   217.50000000000000        4173.2258066993554        4173.2084746360779        1.7332063277535781E-002
   218.00000000000000        4175.0583872600728        4175.0412352085114        1.7152051561424742E-002
   218.50000000000000        4176.8652586423159        4176.8482849597931        1.6973682522802847E-002
   219.00000000000000        4178.6467590602506        4178.6299622058868        1.6796854363747116E-002
   219.50000000000000        4180.4032229251443        4180.3866014480591        1.6621477085209335E-002
   220.00000000000000        4182.1349808690757        4182.1185333728790        1.6447496196633438E-002
   220.50000000000000        4183.8423597691208        4183.8260847330093        1.6275036111437657E-002
   221.00000000000000        4185.5256827719804        4185.5095788240433        1.6103947937153862E-002
   221.50000000000000        4187.1852693190458        4187.1693348884583        1.5934430587549286E-002
   222.00000000000000        4188.8214351718507        4188.8056688308716        1.5766340979098459E-002
   222.50000000000000        4190.4344924379093        4190.4188926219940        1.5599815915265935E-002
   223.00000000000000        4192.0247495968988        4192.0093150138855        1.5434583013302472E-002
   223.50000000000000        4193.5925115271839        4193.5772407054901        1.5270821693775360E-002
   224.00000000000000        4195.1380795326413        4195.1229710578918        1.5108474749467860E-002
   224.50000000000000        4196.6617513697765        4196.6468036174774        1.4947752299121930E-002
   225.00000000000000        4198.1638212751068        4198.1490328311920        1.4788443914767413E-002
   225.50000000000000        4199.6445799927969        4199.6299495697021        1.4630423094786238E-002
   226.00000000000000        4201.1043148025183        4201.0898408889771        1.4473913541223737E-002
   226.50000000000000        4202.5433095475191        4202.5289907455444        1.4318801974695816E-002
   227.00000000000000        4203.9618446628929        4203.9476796388626        1.4165024030262430E-002
   227.50000000000000        4205.3601972040115        4205.3461846113205        1.4012592690960446E-002
   228.00000000000000        4206.7386408751281        4206.7247792482376        1.3861626890502521E-002
   228.50000000000000        4208.0974460581119        4208.0837341547012        1.3711903410694504E-002
   229.00000000000000        4209.4368798413134        4209.4233161211014        1.3563720212005137E-002
   229.50000000000000        4210.7572060485400        4210.7437891960144        1.3416852525551803E-002
   230.00000000000000        4212.0586852681245        4212.0454139709473        1.3271297177197994E-002
   230.50000000000000        4213.3415748820789        4213.3284478187561        1.3127063322826871E-002
   231.00000000000000        4214.6061290953157        4214.5931448936462        1.2984201669496542E-002
   231.50000000000000        4215.8525989649179        4215.8397562503815        1.2842714536418498E-002
   232.00000000000000        4217.0812324294538        4217.0685298442841        1.2702585169790837E-002
   232.50000000000000        4218.2922743383278        4218.2797106504440        1.2563687883812236E-002
   233.00000000000000        4219.4859664811338        4219.4735404253006        1.2426055833202554E-002
   233.50000000000000        4220.6625476170248        4220.6502579450607        1.2289671964026638E-002
   234.00000000000000        4221.8222535040732        4221.8100987672806        1.2154736792581389E-002
   234.50000000000000        4222.9653169286157        4222.9532959461212        1.2020982494505006E-002
   235.00000000000000        4224.0919677345719        4224.0800793170929        1.1888417478985502E-002
   235.50000000000000        4225.2024328527204        4225.1906756162643        1.1757236456105602E-002
   236.00000000000000        4226.2969363299380        4226.2853089570999        1.1627372838120209E-002
   236.50000000000000        4227.3756993583802        4227.3642007112503        1.1498647129883466E-002
   237.00000000000000        4228.4389403045861        4228.4275690317154        1.1371272870746907E-002
   237.50000000000000        4229.4868747385317        4229.4756296873093        1.1245051222431357E-002
   238.00000000000000        4230.5197154625885        4230.5085953474045        1.1120115183985035E-002
   238.50000000000000        4231.5376725403894        4231.5266762971878        1.0996243201589095E-002
   239.00000000000000        4232.5409533256116        4232.5300797224045        1.0873603207073756E-002
   239.50000000000000        4233.5297624906507        4233.5190103054047        1.0752185246019508E-002
   240.00000000000000        4234.5043020551775        4234.4936700463295        1.0632008848006080E-002
   240.50000000000000        4235.4647714145904        4235.4542583823204        1.0513032269955147E-002
   241.00000000000000        4236.4113673683350        4236.4009721875191        1.0395180815976346E-002
   241.50000000000000        4237.3442841481019        4237.3340056538582        1.0278494243721070E-002
   242.00000000000000        4238.2637134458846        4238.2535504698753        1.0162976009269187E-002
   242.50000000000000        4239.1698444418989        4239.1597958207130        1.0048621185887896E-002
   243.00000000000000        4240.0628638323597        4240.0529283881187        9.9354442409094190E-003
   243.50000000000000        4240.9429558571073        4240.9331324696541        9.8233874532525078E-003
   244.00000000000000        4241.8103023270733        4241.8005898594856        9.7124675876330002E-003
   244.50000000000000        4242.6650826515925        4242.6554800271988        9.6026243936648825E-003
   245.00000000000000        4243.5074738655539        4243.4979799985886        9.4938669653856778E-003
   245.50000000000000        4244.3376506563773        4244.3282644748688        9.3861815084892442E-003
   246.00000000000000        4245.1557853908234        4245.1465057134628        9.2796773606096394E-003
   246.50000000000000        4245.9620481416268        4245.9528739452362        9.1741963906315505E-003
   247.00000000000000        4246.7566067139560        4246.7475368976593        9.0698162966873497E-003
   247.50000000000000        4247.5396266716843        4247.5306601524353        8.9665192490429035E-003
   248.00000000000000        4248.3112713634810        4248.3024071455002        8.8642179807720822E-003
   248.50000000000000        4249.0717019487201        4249.0629389286041        8.7630201160209253E-003
   249.00000000000000        4249.8210774231884        4249.8124146461487        8.6627770397171844E-003
   249.50000000000000        4250.5595546446102        4250.5509910583496        8.5635862606068258E-003
   250.00000000000000        4251.2872883579794        4251.2788228988647        8.4654591146318126E-003
   250.50000000000000        4252.0044312206837        4251.9960628747940        8.3683458897212404E-003
   251.00000000000000        4252.7111338274462        4252.7028615474701        8.2722799761540955E-003
   251.50000000000000        4253.4075447350551        4253.3993675708771        8.1771641780505888E-003
   252.00000000000000        4254.0938104868937        4254.0857274532318        8.0830336619328591E-003
   252.50000000000000        4254.7700756372724        4254.7620857954025        7.9898418698576279E-003
   253.00000000000000        4255.4364827755544        4255.4285851120949        7.8976634595164796E-003
   253.50000000000000        4256.0931725500695        4256.0853660702705        7.8064797990009538E-003
   254.00000000000000        4256.7402836918282        4256.7325674891472        7.7162026809673989E-003
   254.50000000000000        4257.3779530380298        4257.3703261613846        7.6268766451903502E-003
   255.00000000000000        4258.0063155553471        4257.9987770318985        7.5385234486020636E-003
   255.50000000000000        4258.6255043630254        4258.6180532574654        7.4511055599941756E-003
   256.00000000000000        4259.2356507557470        4259.2282862067223        7.3645490247145062E-003
   256.50000000000000        4259.8368842263026        4259.8296052813530        7.2789449495758163E-003
   257.00000000000000        4260.4293324880446        4260.4221382141113        7.1942739332371275E-003
   257.50000000000000        4261.0131214971307        4261.0060110092163        7.1104879143604194E-003
   258.00000000000000        4261.5883754745510        4261.5813478827477        7.0275918033075868E-003
   258.50000000000000        4262.1552169279539        4262.1482713818550        6.9455460989047424E-003
   259.00000000000000        4262.7137666732515        4262.7069022059441        6.8644673074231832E-003
   259.50000000000000        4263.2641438560149        4263.2573596835136        6.7841725012840470E-003
   260.00000000000000        4263.8064659726615        4263.7997612357140        6.7047369475403684E-003
   260.50000000000000        4264.3408488914256        4264.3342227339745        6.6261574511372601E-003
   261.00000000000000        4264.8674068731243        4264.8608583807945        6.5484923297844944E-003
   261.50000000000000        4265.3862525917102        4265.3797809481621        6.4716435481386725E-003
   262.00000000000000        4265.8974971546058        4265.8911015391350        6.3956154708648683E-003
   262.50000000000000        4266.4012501228435        4266.3949297070503        6.3204157931977534E-003
   263.00000000000000        4266.8976195309842        4266.8913735151291        6.2460158551402856E-003
   263.50000000000000        4267.3867119068309        4267.3805394768715        6.1724299594061449E-003
   264.00000000000000        4267.8686322909380        4267.8625326454639        6.0996454740234185E-003
   264.50000000000000        4268.3434842559036        4268.3374566137791        6.0276421245362144E-003
   265.00000000000000        4268.8113699254673        4268.8054134845734        5.9564408938967972E-003
   265.50000000000000        4269.2723899933953        4269.2665039896965        5.8860036988335196E-003
   266.00000000000000        4269.7266437421595        4269.7208274006844        5.8163414751106757E-003
   266.50000000000000        4270.1742290614184        4270.1684816181660        5.7474432524031727E-003
   267.00000000000000        4270.6152424662905        4270.6095631420612        5.6793242292769719E-003
   267.50000000000000        4271.0497791154266        4271.0441671907902        5.6119246364687569E-003
   268.00000000000000        4271.4779328288832        4271.4723875522614        5.5452766218877514E-003
   268.50000000000000        4271.8997961057930        4271.8943167328835        5.4793729095763410E-003
   269.00000000000000        4272.3154601418410        4272.3100459575653        5.4141842756507685E-003
   269.50000000000000        4272.7250148465373        4272.7196651101112        5.3497364260692848E-003
   270.00000000000000        4273.1285488603016        4273.1232628822327        5.2859780689686886E-003
   270.50000000000000        4273.5261495713403        4273.5209266245365        5.2229468037694460E-003
   271.00000000000000        4273.9179031323456        4273.9127425253391        5.1606070064735832E-003
   271.50000000000000        4274.3038944769878        4274.2987955212593        5.0989557284992770E-003
   272.00000000000000        4274.6842073362250        4274.6791693568230        5.0379794020045665E-003
   272.50000000000000        4275.0589242544174        4275.0539465546608        4.9776997566368664E-003
   273.00000000000000        4275.4281266052585        4275.4232085049152        4.9181003432750003E-003
   273.50000000000000        4275.7918946075115        4275.7870354354382        4.8591720733384136E-003
   274.00000000000000        4276.1503073405711        4276.1455064415932        4.8008989779191324E-003
   274.50000000000000        4276.5034427598257        4276.4986994862556        4.7432735700567719E-003
   275.00000000000000        4276.8513777118505        4276.8466914296150        4.6862822355251410E-003
   275.50000000000000        4277.1941879494125        4277.1895579993725        4.6299500399982207E-003
   276.00000000000000        4277.5319481462930        4277.5273738801479        4.5742661450276501E-003
   276.50000000000000        4277.8647319119355        4277.8602127134800        4.5191984554548981E-003
   277.00000000000000        4278.1926118059173        4278.1881470382214        4.4647676959357341E-003
   277.50000000000000        4278.5156593522406        4278.5112484395504        4.4109126902185380E-003
   278.00000000000000        4278.8339450534513        4278.8295873701572        4.3576832940743770E-003
   278.50000000000000        4279.1475384045889        4279.1432333290577        4.3050755311924149E-003
   279.00000000000000        4279.4565079069571        4279.4522548615932        4.2530453638391919E-003
   279.50000000000000        4279.7609210817309        4279.7567194402218        4.2016415090984083E-003
   280.00000000000000        4280.0608444833961        4280.0566937029362        4.1507804598950315E-003
   280.50000000000000        4280.3563437130160        4280.3522432148457        4.1004981703736121E-003
   281.00000000000000        4280.6474834313385        4280.6434326171875        4.0508141510144924E-003
   281.50000000000000        4280.9343273717368        4280.9303256869316        4.0016848051891429E-003
   282.00000000000000        4281.2169383529899        4281.2129852175713        3.9531354186692624E-003
   282.50000000000000        4281.4953782918992        4281.4914731383324        3.9051535668477300E-003
   283.00000000000000        4281.7697082157511        4281.7658505141735        3.8577015775445034E-003
   283.50000000000000        4282.0399882746178        4282.0361774861813        3.8107884365672362E-003
   284.00000000000000        4282.3062777535015        4282.3025133311749        3.7644223266397603E-003
   284.50000000000000        4282.5686350843298        4282.5649164915085        3.7185928213148145E-003
   285.00000000000000        4282.8271178577934        4282.8234445750713        3.6732827220475883E-003
   285.50000000000000        4283.0817828350318        4283.0781543552876        3.6284797442931449E-003
   286.00000000000000        4283.3326859591762        4283.3291017413139        3.5842178622260690E-003
   286.50000000000000        4283.5798823667337        4283.5763418972492        3.5404694845055928E-003
   287.00000000000000        4283.8234263988325        4283.8199291825294        3.4972163030033698E-003
   287.50000000000000        4284.0633716123202        4284.0599171519279        3.4544603922768147E-003
   288.00000000000000        4284.2997707907189        4284.2963585853577        3.4122053612009040E-003
   288.50000000000000        4284.5326759550326        4284.5293055176735        3.3704373590808245E-003
   289.00000000000000        4284.7621383744245        4284.7588092088699        3.3291655545326648E-003
   289.50000000000000        4284.9882085767440        4284.9849202036858        3.2883730582398130E-003
   290.00000000000000        4285.2109363589261        4285.2076883018017        3.2480571244377643E-003
   290.50000000000000        4285.4303707972467        4285.4271625876427        3.2082096040539909E-003
   291.00000000000000        4285.6465602574453        4285.6433914303780        3.1688270673839725E-003
   291.50000000000000        4285.8595524047196        4285.8564225137234        3.1298909962060861E-003
   292.00000000000000        4286.0693942135822        4286.0663028061390        3.0914074432075722E-003
   292.50000000000000        4286.2761319775909        4286.2730785906315        3.0533869594364660E-003
   293.00000000000000        4286.4798113189454        4286.4767955094576        3.0158094878061092E-003
   293.50000000000000        4286.6804771979650        4286.6774985343218        2.9786636432618252E-003
   294.00000000000000        4286.8781739224305        4286.8752319663763        2.9419560542010004E-003
   294.50000000000000        4287.0729451568131        4287.0700394660234        2.9056907897029305E-003
   295.00000000000000        4287.2648339313655        4287.2619640976191        2.8698337464447832E-003
   295.50000000000000        4287.4538826511098        4287.4510482400656        2.8344110442048986E-003
   296.00000000000000        4287.6401331046873        4287.6373337060213        2.7993986659566872E-003
   296.50000000000000        4287.8236264731004        4287.8208616524935        2.7648206068988657E-003
   297.00000000000000        4288.0044033383374        4288.0016727000475        2.7306382899041637E-003
   297.50000000000000        4288.1825036918717        4288.1798068434000        2.6968484717144747E-003
   298.00000000000000        4288.3579669430610        4288.3553034812212        2.6634618398020393E-003
   298.50000000000000        4288.5308319274172        4288.5282014459372        2.6304814800823806E-003
   299.00000000000000        4288.7011369147785        4288.6985390335321        2.5978812464018119E-003
   299.50000000000000        4288.8689196173627        4288.8663539439440        2.5656734187577968E-003
   300.00000000000000        4289.0342171977109        4289.0316833406687        2.5338570421808981E-003
   300.50000000000000        4289.1970662765307        4289.1945638805628        2.5023959678946994E-003
   301.00000000000000        4289.3575029404237        4289.3550316244364        2.4713159873499535E-003
   301.50000000000000        4289.5155627495133        4289.5131221413612        2.4406081520282896E-003
   302.00000000000000        4289.6712807449676        4289.6688704788685        2.4102660991047742E-003
   302.50000000000000        4289.8246914564179        4289.8223111629486        2.3802934692866984E-003
   303.00000000000000        4289.9758289092761        4289.9734782427549        2.3506665211243671E-003
   303.50000000000000        4290.1247266319533        4290.1224052459002        2.3213860531541286E-003
   304.00000000000000        4290.2714176629806        4290.2691251933575        2.2924696231712005E-003
   304.50000000000000        4290.4159345580256        4290.4136706590652        2.2638989603365189E-003
   305.00000000000000        4290.5583093968207        4290.5560737252235        2.2356715971909580E-003
   305.50000000000000        4290.6985737899895        4290.6963660120964        2.2077778930906788E-003
   306.00000000000000        4290.8367588857818        4290.8345786631107        2.1802226710860850E-003
   306.50000000000000        4290.9728953767190        4290.9707423895597        2.1529871592065319E-003
   307.00000000000000        4291.1070135061382        4291.1048874258995        2.1260802386677824E-003
   307.50000000000000        4291.2391430746557        4291.2370435744524        2.0995002032577759E-003
   308.00000000000000        4291.3693134465384        4291.3672402054071        2.0732411312565091E-003
   308.50000000000000        4291.4975535559788        4291.4955062568188        2.0472991600399837E-003
   309.00000000000000        4291.6238919132975        4291.6218702495098        2.0216637876728782E-003
   309.50000000000000        4291.7483566110432        4291.7463602721691        1.9963388740507071E-003
   310.00000000000000        4291.8709753300227        4291.8690040111542        1.9713188685273053E-003
   310.50000000000000        4291.9917753452373        4291.9898287430406        1.9466021967673441E-003
   311.00000000000000        4292.1107835317380        4292.1088613495231        1.9221822149120271E-003
   311.50000000000000        4292.2280263704006        4292.2261283174157        1.8980529848704464E-003
   312.00000000000000        4292.3435299536241        4292.3416557312012        1.8742224228844861E-003
   312.50000000000000        4292.4573199909373        4292.4554693102837        1.8506806536606746E-003
   313.00000000000000        4292.5694218145409        4292.5675943940878        1.8274204530825955E-003
   313.50000000000000        4292.6798603847619        4292.6780559420586        1.8044427033601096E-003
   314.00000000000000        4292.7886602954368        4292.7868785560131        1.7817394236772088E-003
   314.50000000000000        4292.8958457792160        4292.8940864652395        1.7593139764358057E-003
   315.00000000000000        4293.0014407127992        4292.9997035488486        1.7371639505654457E-003
   315.50000000000000        4293.1054686220859        4293.1037533357739        1.7152863119918038E-003
   316.00000000000000        4293.2079526872658        4293.2062590196729        1.6936675929173362E-003
   316.50000000000000        4293.3089157478335        4293.3072434291244        1.6723187090974534E-003
   317.00000000000000        4293.4083803075255        4293.4067290797830        1.6512277425135835E-003
   317.50000000000000        4293.5063685391970        4293.5047381445765        1.6303946204061504E-003
   318.00000000000000        4293.6029022896255        4293.6012924835086        1.6098061169032007E-003
   318.50000000000000        4293.6980030842460        4293.6964136138558        1.5894703901722096E-003
   319.00000000000000        4293.7916921318210        4293.7901227474213        1.5693843997723889E-003
   319.50000000000000        4293.8839903290445        4293.8824407830834        1.5495459610974649E-003
   320.00000000000000        4293.9749182650748        4293.9733883142471        1.5299508277166751E-003
   320.50000000000000        4294.0644962260130        4294.0629856288433        1.5105971697266796E-003
   321.00000000000000        4294.1527441993112        4294.1512527167797        1.4914825314917834E-003
   321.50000000000000        4294.2396818781199        4294.2382092773914        1.4726007284480147E-003
   322.00000000000000        4294.3253286655709        4294.3238747194409        1.4539461299136747E-003
   322.50000000000000        4294.4097036790045        4294.4082681611180        1.4355178864207119E-003
   323.00000000000000        4294.4928257541314        4294.4914084374905        1.4173166409818805E-003
   323.50000000000000        4294.5747134491430        4294.5733141079545        1.3993411885167006E-003
   324.00000000000000        4294.6553850487489        4294.6540034636855        1.3815850634273374E-003
   324.50000000000000        4294.7348585681730        4294.7334945276380        1.3640405350088258E-003
   325.00000000000000        4294.8131517570800        4294.8118050396442        1.3467174358083867E-003
   325.50000000000000        4294.8902821034562        4294.8889524936676        1.3296097886268399E-003
   326.00000000000000        4294.9662668374240        4294.9649541229010        1.3127145230100723E-003
   326.50000000000000        4295.0411229350129        4295.0398269146681        1.2960203448528773E-003
   327.00000000000000        4295.1148671218643        4295.1135875880718        1.2795337925126660E-003
   327.50000000000000        4295.1875158768971        4295.1862526237965        1.2632531006602221E-003
   328.00000000000000        4295.2590854359078        4295.2578382641077        1.2471718000597320E-003
   328.50000000000000        4295.3295917951291        4295.3283605054021        1.2312897270021494E-003
   329.00000000000000        4295.3990507147291        4295.3978351131082        1.2156016209701193E-003
   329.50000000000000        4295.4674777222699        4295.4662776067853        1.2001154846075224E-003
   330.00000000000000        4295.5348881161035        4295.5337033048272        1.1848112762891105E-003
   330.50000000000000        4295.6012969687326        4295.6001272723079        1.1696964247676078E-003
   331.00000000000000        4295.6667191301121        4295.6655643582344        1.1547718777364935E-003
   331.50000000000000        4295.7311692309131        4295.7300291955471        1.1400353660064866E-003
   332.00000000000000        4295.7946616857307        4295.7935362011194        1.1254846112933592E-003
   332.50000000000000        4295.8572106962492        4295.8560995906591        1.1111055900983047E-003
   333.00000000000000        4295.9188302543625        4295.9177333451807        1.0969091817969456E-003
   333.50000000000000        4295.9795341452518        4295.9784512557089        1.0828895428858232E-003
   334.00000000000000        4296.0393359504142        4296.0382669083774        1.0690420367609477E-003
   334.50000000000000        4296.0982490506449        4296.0971936844289        1.0553662159509258E-003
   335.00000000000000        4296.1562866289905        4296.1552447676659        1.0418613246656605E-003
   335.50000000000000        4296.2134616736412        4296.2124331481755        1.0285254656992038E-003
   336.00000000000000        4296.2697869807962        4296.2687716260552        1.0153547409572639E-003
   336.50000000000000        4296.3252751574764        4296.3242728114128        1.0023460636148229E-003
   337.00000000000000        4296.3799386243072        4296.3789491243660        9.8949994116992457E-004
   337.50000000000000        4296.4337896182487        4296.4328128062189        9.7681202987587312E-004
   338.00000000000000        4296.4868401953008        4296.4858759082854        9.6428701544937212E-004
   338.50000000000000        4296.5391022331532        4296.5381503142416        9.5191891159629449E-004
   339.00000000000000        4296.5905874338132        4296.5896477289498        9.3970486341277137E-004
   339.50000000000000        4296.6413073261801        4296.6403796859086        9.2764027158409590E-004
   340.00000000000000        4296.6912732685951        4296.6903575398028        9.1572879227896919E-004
   340.50000000000000        4296.7404964513462        4296.7395924888551        9.0396249106561299E-004
   341.00000000000000        4296.7889878991391        4296.7880955524743        8.9234666484117042E-004
   341.50000000000000        4296.8367584735324        4296.8358775973320        8.8087620042642811E-004
   342.00000000000000        4296.8838188753380        4296.8829493299127        8.6954542530293111E-004
   342.50000000000000        4296.9301796469863        4296.9293212890625        8.5835792378929909E-004
   343.00000000000000        4296.9758511748560        4296.9750038608909        8.4731396509596379E-004
   343.50000000000000        4297.0208436915700        4297.0200072824955        8.3640907450899249E-004
   344.00000000000000        4297.0651672782597        4297.0643416419625        8.2563629712240072E-004
   344.50000000000000        4297.1088318667953        4297.1080168634653        8.1500332998984959E-004
   345.00000000000000        4297.1518472419848        4297.1510427407920        8.0450119276065379E-004
   345.50000000000000        4297.1942230437353        4297.1934289149940        7.9412874129047850E-004
   346.00000000000000        4297.2359687691942        4297.2351848818362        7.8388735801127041E-004
   346.50000000000000        4297.2770937748437        4297.2763199992478        7.7377559591695899E-004
   347.00000000000000        4297.3176072785836        4297.3168434873223        7.6379126130632358E-004
   347.50000000000000        4297.3575183617641        4297.3567644283175        7.5393344650365179E-004
   348.00000000000000        4297.3968359712044        4297.3960917741060        7.4419709835638059E-004
   348.50000000000000        4297.4355689211743        4297.4348343349993        7.3458617498545209E-004
   349.00000000000000        4297.4737258953446        4297.4730007983744        7.2509697019995656E-004
   349.50000000000000        4297.5113154487208        4297.5105997212231        7.1572749766346533E-004
   350.00000000000000        4297.5483460095329        4297.5476395301521        7.0647938082402106E-004
   350.50000000000000        4297.5848258811093        4297.5841285362840        6.9734482531202957E-004
   351.00000000000000        4297.6207632437190        4297.6200749203563        6.8832336273771944E-004
   351.50000000000000        4297.6561661563846        4297.6554867401719        6.7941621273348574E-004
   352.00000000000000        4297.6910425586757        4297.6903719380498        6.7062062589684501E-004
   352.50000000000000        4297.7254002724676        4297.7247383370996        6.6193536804348696E-004
   353.00000000000000        4297.7592470036816        4297.7585936412215        6.5336246007063892E-004
   353.50000000000000        4297.7925903439946        4297.7919454462826        6.4489771193620982E-004
   354.00000000000000        4297.8254377725243        4297.8248012326658        6.3653985853306949E-004
   354.50000000000000        4297.8577966574994        4297.8571683689952        6.2828850423102267E-004
   355.00000000000000        4297.8896742578836        4297.8890541158617        6.2014202194404788E-004
   355.50000000000000        4297.9210777250028        4297.9204656258225        6.1209918021631893E-004
   356.00000000000000        4297.9520141041239        4297.9514099471271        6.0415699681470869E-004
   356.50000000000000        4297.9824903360304        4297.9818940199912        5.9631603926391108E-004
   357.00000000000000        4298.0125132585608        4298.0119246840477        5.8857451313087950E-004
   357.50000000000000        4298.0420896081305        4298.0415086764842        5.8093164625461213E-004
   358.00000000000000        4298.0712260212331        4298.0706526357681        5.7338546503160615E-004
   358.50000000000000        4298.0999290359123        4298.0993631016463        5.6593426597828511E-004
   359.00000000000000        4298.1282050932241        4298.1276465151459        5.5857807819847949E-004
   359.50000000000000        4298.1560605386630        4298.1555092222989        5.5131636418082053E-004
   360.00000000000000        4298.1835016235800        4298.1829574760050        5.4414757505583111E-004
   360.50000000000000        4298.2105345065720        4298.2099974360317        5.3707054030383006E-004
   361.00000000000000        4298.2371652548563        4298.2366351727396        5.3008211671112804E-004
   361.50000000000000        4298.2633998456158        4298.2628766614944        5.2318412144813919E-004
   362.00000000000000        4298.2892441673384        4298.2887277938426        5.1637349588418147E-004
   362.50000000000000        4298.3147040211243        4298.3141943719238        5.0964920046681073E-004
   363.00000000000000        4298.3397851219797        4298.3392821121961        5.0300978364248294E-004
   363.50000000000000        4298.3644931000899        4298.3639966454357        4.9645465423964197E-004
   364.00000000000000        4298.3888335020738        4298.3883435185999        4.8998347392625874E-004
   364.50000000000000        4298.4128117922246        4298.4123281966895        4.8359553511545528E-004
