   0.0000000000000000        2.0033350003968464        1.9999933253921611        3.33500048E-03   6.67460790E-06
   1.0000000000000000E-002   2.0335777734381590        2.0301940829176086        3.37693770E-03   6.75292176E-06
   2.0000000000000000E-002   2.0642260877523628        2.0607998747187914        3.41938087E-03   6.83213511E-06
   2.9999999999999999E-002   2.0952850401573087        2.0918157916665590        3.46233626E-03   6.91225887E-06
   4.0000000000000001E-002   2.1267597889565484        2.1232469860491432        3.50580970E-03   6.99330349E-06
   5.0000000000000003E-002   2.1586555546603980        2.1550986722924255        3.54980701E-03   7.07527852E-06
   6.0000000000000005E-002   2.1909776207153162        2.1873761276885637        3.59433494E-03   7.15819488E-06
   7.0000000000000007E-002   2.2237313342416147        2.2200846931328870        3.63939907E-03   7.24206348E-06
   8.0000000000000002E-002   2.2569221067796912        2.2532297738693514        3.68500594E-03   7.32689477E-06
   8.9999999999999997E-002   2.2905554150447829        2.2868168402444669        3.73116205E-03   7.41269923E-06
   9.9999999999999992E-002   2.3246368016904033        2.3208514284699242        3.77787370E-03   7.49948913E-06
  0.10999999999999999        2.3591718760805636        2.3553391413939928        3.82514740E-03   7.58727401E-06
  0.11999999999999998        2.3941663150708261        2.3902856492817364        3.87298968E-03   7.67606616E-06
  0.12999999999999998        2.4296258637983219        2.4256966906041972        3.92140727E-03   7.76587694E-06
  0.13999999999999999        2.4655563364808564        2.4615780728366343        3.97040695E-03   7.85671818E-06
  0.14999999999999999        2.5019636172251110        2.4979356732658355        4.01999522E-03   7.94859989E-06
  0.16000000000000000        2.5388536608442434        2.5347754398069182        4.07017954E-03   8.04153569E-06
  0.17000000000000001        2.5762324936847154        2.5721033918292164        4.12096642E-03   8.13553561E-06
  0.18000000000000002        2.6141062144626783        2.6099256209917638        4.17236285E-03   8.23061418E-06
  0.19000000000000003        2.6524809951099675        2.6482482920884540        4.22437629E-03   8.32678052E-06
  0.20000000000000004        2.6913630816297132        2.6870776439026396        4.27701371E-03   8.42405007E-06
  0.21000000000000005        2.7307587949618166        2.7264199900717752        4.33028257E-03   8.52243284E-06
  0.22000000000000006        2.7706745318583161        2.7662817199618379        4.38418984E-03   8.62194247E-06
  0.23000000000000007        2.8111167657687837        2.8066692995516824        4.43874346E-03   8.72259079E-06
  0.24000000000000007        2.8520920477358875        2.8475892723277916        4.49395087E-03   8.82439235E-06
  0.25000000000000006        2.8936070073011129        2.8890482601889480        4.54981998E-03   8.92735807E-06
  0.26000000000000006        2.9356683534210166        2.9310529643615353        4.60635778E-03   9.03150340E-06
  0.27000000000000007        2.9782828753937891        2.9736101663250740        4.66357218E-03   9.13683925E-06
  0.28000000000000008        3.0214574437965709        3.0167267287486221        4.72147157E-03   9.24338110E-06
  0.29000000000000009        3.0651990114333834        3.0604095964376081        4.78006387E-03   9.35114076E-06
  0.30000000000000010        3.1095146142939587        3.1046657972917377        4.83935699E-03   9.46013279E-06
  0.31000000000000011        3.1544113725235019        3.1495024432736316        4.89935884E-03   9.57037173E-06
  0.32000000000000012        3.1998964914036749        3.1949267313888163        4.96007828E-03   9.68187032E-06
  0.33000000000000013        3.2459772623445287        3.2409459446765942        5.02152322E-03   9.79464403E-06
  0.34000000000000014        3.2926610638880467        3.2875674532125005        5.08370204E-03   9.90870649E-06
  0.35000000000000014        3.3399553627230456        3.3347987151221887        5.14662359E-03   1.00240723E-05
  0.36000000000000015        3.3878677147116338        3.3826472776066980        5.21029625E-03   1.01407559E-05
  0.37000000000000016        3.4364057659275185        3.4311207779797988        5.27472934E-03   1.02587719E-05
  0.38000000000000017        3.4855772537059564        3.4802269447166609        5.33993077E-03   1.03781367E-05
  0.39000000000000018        3.5353900077060620        3.5299735985151637        5.40591031E-03   1.04988640E-05
  0.40000000000000019        3.5858519509847744        3.5803686533686885        5.47267683E-03   1.06209700E-05
  0.41000000000000020        3.6369711010836183        3.6314201176517469        5.54023916E-03   1.07444703E-05
  0.42000000000000021        3.6887555711273881        3.6831360952173404        5.60860662E-03   1.08693794E-05
  0.43000000000000022        3.7412135709356469        3.7355247865076131        5.67778852E-03   1.09957145E-05
  0.44000000000000022        3.7943534081468879        3.7885944896764845        5.74779510E-03   1.11234913E-05
  0.45000000000000023        3.8481834893554439        3.8423536017254891        5.81863476E-03   1.12527250E-05
  0.46000000000000024        3.9027123212614803        3.8968106196526975        5.89031819E-03   1.13834340E-05
  0.47000000000000025        3.9579485118339632        3.9519741416141723        5.96285472E-03   1.15156327E-05
  0.48000000000000026        4.0139007714869219        4.0078528680992020        6.03625411E-03   1.16493393E-05
  0.49000000000000027        4.0705779142693794        4.0644556031188728        6.11052662E-03   1.17845702E-05
  0.50000000000000022        4.1279888590684317        4.1217912554078868        6.18568249E-03   1.19213428E-05
  0.51000000000000023        4.1861426308263612        4.1798688396404913        6.26173150E-03   1.20596733E-05
  0.52000000000000024        4.2450483617715076        4.2386974776598443        6.33868435E-03   1.21995818E-05
  0.53000000000000025        4.3047152926632295        4.2982863997219081        6.41655177E-03   1.23410828E-05
  0.54000000000000026        4.3651527740508174        4.3586449457527534        6.49534399E-03   1.24841963E-05
  0.55000000000000027        4.4263702675472301        4.4197825666212660        6.57507218E-03   1.26289406E-05
  0.56000000000000028        4.4883773471167894        4.4817088254251711        6.65574614E-03   1.27753328E-05
  0.57000000000000028        4.5511837003779139        4.5444333987926351        6.73737843E-03   1.29233922E-05
  0.58000000000000029        4.6147991299206650        4.6079660781982792        6.81997836E-03   1.30731369E-05
  0.59000000000000030        4.6792335546389721        4.6723167712940947        6.90355897E-03   1.32245859E-05
  0.60000000000000031        4.7444970110785176        4.7374955032557828        6.98813004E-03   1.33777594E-05
  0.61000000000000032        4.8105996547995620        4.8035124181443427        7.07370415E-03   1.35326754E-05
  0.62000000000000033        4.8775517617554485        4.8703777802828503        7.16029201E-03   1.36893541E-05
  0.63000000000000034        4.9453637296867239        4.9381019756493796        7.24790618E-03   1.38478154E-05
  0.64000000000000035        5.0140460795314192        5.0066955132855719        7.33655831E-03   1.40080792E-05
  0.65000000000000036        5.0836094568506898        5.0761690267209767        7.42626004E-03   1.41701657E-05
  0.66000000000000036        5.1540646332715703        5.1465332754141029        7.51702394E-03   1.43340949E-05
  0.67000000000000037        5.2254225079453089        5.2177991462094333        7.60886166E-03   1.44998885E-05
  0.68000000000000038        5.2976941090228982        5.2899776548111834        7.70178670E-03   1.46675666E-05
  0.69000000000000039        5.3708905951470145        5.3630799472738211        7.79581070E-03   1.48371500E-05
  0.70000000000000040        5.4450232569610781        5.4371173015094225        7.89094716E-03   1.50086607E-05
  0.71000000000000041        5.5201035186352767        5.5121011288121142        7.98720773E-03   1.51821205E-05
  0.72000000000000042        5.5961429394104192        5.5880429754005112        8.08460638E-03   1.53575511E-05
  0.73000000000000043        5.6731532151586430        5.6649545239764389        8.18315614E-03   1.55349735E-05
  0.74000000000000044        5.7511461799624621        5.7428475953026679        8.28287005E-03   1.57144113E-05
  0.75000000000000044        5.8301338077111122        5.8217341497972885        8.38376209E-03   1.58958883E-05
  0.76000000000000045        5.9101282137158364        5.9016262891474609        8.48584529E-03   1.60794243E-05
  0.77000000000000046        5.9911416563429123        5.9825362579407209        8.58913362E-03   1.62650431E-05
  0.78000000000000047        6.0731865386653530        6.0644764453149174        8.69364012E-03   1.64527701E-05
  0.79000000000000048        6.1562754101333264        6.1474593866268252        8.79938062E-03   1.66426271E-05
  0.80000000000000049        6.2404209682637592        6.2314977651400731        8.90636817E-03   1.68346396E-05
  0.81000000000000050        6.3256360603490371        6.3166044137321471        9.01461765E-03   1.70288295E-05
  0.82000000000000051        6.4119336851844668        6.4027923166196379        9.12414305E-03   1.72252221E-05
  0.83000000000000052        6.4993269948168111        6.4900746111054621        9.23496019E-03   1.74238412E-05
  0.84000000000000052        6.5878292963108533        6.5784645893432714        9.34708212E-03   1.76247158E-05
  0.85000000000000053        6.6774540535373452        6.6679757001234581        9.46052559E-03   1.78278660E-05
  0.86000000000000054        6.7682148889804941        6.7586215506790284        9.57530458E-03   1.80333191E-05
  0.87000000000000055        6.8601255855668768        6.8504159085123737        9.69143584E-03   1.82411022E-05
  0.88000000000000056        6.9532000885134542        6.9433727032415042        9.80893429E-03   1.84512392E-05
  0.89000000000000057        7.0474525071980247        7.0375060284683348        9.92781483E-03   1.86637590E-05
  0.90000000000000058        7.1428971170507820        7.1328301436685697        1.00480951E-02   1.88786871E-05
  0.91000000000000059        7.2395483614659621        7.2293594761011297        1.01697892E-02   1.90960491E-05
  0.92000000000000060        7.3374208537366297        7.3271086227408286        1.02929147E-02   1.93158739E-05
  0.93000000000000060        7.4365293790111124        7.4260923522331366        1.04174884E-02   1.95381872E-05
  0.94000000000000061        7.5368888962706420        7.5263256068691913        1.05435262E-02   1.97630179E-05
  0.95000000000000062        7.6385145403303527        7.6278235045853684        1.06710456E-02   1.99903970E-05
  0.96000000000000063        7.7414216238630633        7.7306013409845020        1.08000627E-02   2.02203482E-05
  0.97000000000000064        7.8456256394449291        7.8346745913793781        1.09305950E-02   2.04529024E-05
  0.98000000000000065        7.9511422616250087        7.9400589128604837        1.10626603E-02   2.06880886E-05
  0.99000000000000066        8.0579873490187897        8.0467701463871997        1.11962771E-02   2.09259379E-05
   1.0000000000000007        8.1661769464238070        8.1548243189006939        1.13314614E-02   2.11664756E-05
   1.0100000000000007        8.2757272869609526        8.2642376454639628        1.14682317E-02   2.14097363E-05
   1.0200000000000007        8.3866547942386109        8.3750265314229075        1.16066067E-02   2.16557492E-05
   1.0300000000000007        8.4989760845423294        8.4872075745942812        1.17466059E-02   2.19045432E-05
   1.0400000000000007        8.6127079690486035        8.6007975674766612        1.18882451E-02   2.21561513E-05
   1.0500000000000007        8.7278674560640184        8.7158134994875844        1.20315459E-02   2.24106043E-05
   1.0600000000000007        8.8444717532892607        8.8322725592250055        1.21765258E-02   2.26679349E-05
   1.0700000000000007        8.9625382701097749        8.9501921367560513        1.23232054E-02   2.29281741E-05
   1.0800000000000007        9.0820846199106668        9.0695898259286096        1.24716023E-02   2.31913527E-05
   1.0900000000000007        9.2031286224195856        9.1904834267127118        1.26217380E-02   2.34575073E-05
   1.1000000000000008        9.3256883060746070        9.3128909475653021        1.27736321E-02   2.37266686E-05
   1.1100000000000008        9.4497819104200946        9.4368306078241044        1.29273040E-02   2.39988713E-05
   1.1200000000000008        9.5754278885284521        9.5623208401263575        1.30827744E-02   2.42741480E-05
   1.1300000000000008        9.7026449094498073        9.6893802928562263        1.32400645E-02   2.45525334E-05
   1.1400000000000008        9.8314518606901640        9.8180278326205990        1.33991940E-02   2.48340639E-05
   1.1500000000000008        9.9618678507153540        9.9482825467498035        1.35601852E-02   2.51187721E-05
   1.1600000000000008        10.093912211486476        10.080163745831012        1.37230586E-02   2.54066963E-05
   1.1700000000000008        10.227604501020247        10.213690966265718        1.38878366E-02   2.56978692E-05
   1.1800000000000008        10.362964505981818        10.348883972859593        1.40545405E-02   2.59923290E-05
   1.1900000000000008        10.500012244303790        10.485762761439485        1.42231928E-02   2.62901121E-05
   1.2000000000000008        10.638767967837513        10.624347561501152        1.43938148E-02   2.65912549E-05
   1.2100000000000009        10.779252165031837        10.764658838886019        1.45664299E-02   2.68957956E-05
   1.2200000000000009        10.921485563643916        10.906717298487768        1.47410613E-02   2.72037723E-05
   1.2300000000000009        11.065489133480042        11.050543886992786        1.49177313E-02   2.75152233E-05
   1.2400000000000009        11.211284089166583        11.196159795645409        1.50964633E-02   2.78301850E-05
   1.2500000000000009        11.358891892954002        11.343586463051267        1.52772814E-02   2.81486991E-05
   1.2600000000000009        11.508334257549889        11.492845578006010        1.54602090E-02   2.84708058E-05
   1.2700000000000009        11.659633148986702        11.643959082360812        1.56452693E-02   2.87965413E-05
   1.2800000000000009        11.812810789519810        11.796949173916779        1.58324894E-02   2.91259494E-05
   1.2900000000000009        11.967889660559992        11.951838309355621        1.60218924E-02   2.94590700E-05
   1.3000000000000009        12.124892505636174        12.108649207197200        1.62135027E-02   2.97959468E-05
   1.3100000000000009        12.283842333395166        12.267404850798844        1.64073464E-02   3.01366163E-05
   1.3200000000000010        12.444762420632303        12.428128491380194        1.66034475E-02   3.04811256E-05
   1.3300000000000010        12.607676315357883        12.590843651088717        1.68018341E-02   3.08295166E-05
   1.3400000000000010        12.772607839896908        12.755574126094764        1.70025323E-02   3.11818294E-05
   1.3500000000000010        12.939581094025064        12.922343989724759        1.72055662E-02   3.15381112E-05
   1.3600000000000010        13.108620458139340        13.091177595629038        1.74109638E-02   3.18984021E-05
   1.3700000000000010        13.279750596463911        13.262099580983149        1.76187530E-02   3.22627529E-05
   1.3800000000000010        13.452996460293141        13.435134869729001        1.78289600E-02   3.26312038E-05
   1.3900000000000010        13.628383291269673        13.610308675848476        1.80416107E-02   3.30038019E-05
   1.4000000000000010        13.805936624701950        13.787646506678353        1.82567369E-02   3.33805947E-05
   1.4100000000000010        13.985682292915765        13.967174166257195        1.84743647E-02   3.37616257E-05
   1.4200000000000010        14.167646428645849        14.148917758715026        1.86945237E-02   3.41469458E-05
   1.4300000000000010        14.351855468465221        14.332903691698222        1.89172402E-02   3.45365988E-05
   1.4400000000000011        14.538336156252548        14.519158679832671        1.91425458E-02   3.49306356E-05
   1.4500000000000011        14.727115546698851        14.707709748227945        1.93704702E-02   3.53291034E-05
   1.4600000000000011        14.918221008853379        14.898584236019564        1.96010415E-02   3.57320532E-05
   1.4700000000000011        15.111680229711052        15.091809799951680        1.98342893E-02   3.61395360E-05
   1.4800000000000011        15.307521217836758        15.287414417998647        2.00702474E-02   3.65515989E-05
   1.4900000000000011        15.505772307034245        15.485426393029668        2.03089453E-02   3.69682930E-05
   1.5000000000000011        15.706462160052578        15.685874356511480        2.05504131E-02   3.73896728E-05
   1.5100000000000011        15.909619772338509        15.888787272256796        2.07946841E-02   3.78157856E-05
   1.5200000000000011        16.115274475827231        16.094194440211758        2.10417882E-02   3.82466897E-05
   1.5300000000000011        16.323455942776906        16.302125500285001        2.12917607E-02   3.86824322E-05
   1.5400000000000011        16.534194189647874        16.512610436224715        2.15446297E-02   3.91230715E-05
   1.5500000000000012        16.747519581022893        16.725679579533736        2.18004324E-02   3.95686620E-05
   1.5600000000000012        16.963462833574191        16.941363613433012        2.20592003E-02   4.00192584E-05
   1.5700000000000012        17.182055020071282        17.159693576864498        2.23209690E-02   4.04749117E-05
   1.5800000000000012        17.403327573438073        17.380700868545134        2.25857701E-02   4.09356835E-05
   1.5900000000000012        17.627312290853233        17.604417251062600        2.28536390E-02   4.14016286E-05
   1.6000000000000012        17.854041337896295        17.830874855016397        2.31246110E-02   4.18728050E-05
   1.6100000000000012        18.083547252740747        18.060106183207804        2.33987197E-02   4.23492711E-05
   1.6200000000000012        18.315862950395619        18.292144114876773        2.36760043E-02   4.28310850E-05
   1.6300000000000012        18.551021726992364        18.527021909983844        2.39564981E-02   4.33183050E-05
   1.6400000000000012        18.789057264121208        18.764773213542732        2.42402405E-02   4.38109928E-05
   1.6500000000000012        19.030003633216715        19.005432060000437        2.45272648E-02   4.43092067E-05
   1.6600000000000013        19.273895299989348        19.249032877665400        2.48176102E-02   4.48130086E-05
   1.6700000000000013        19.520767128912460        19.495610493189432        2.51113139E-02   4.53224638E-05
   1.6800000000000013        19.770654387754224        19.745200136095075        2.54084133E-02   4.58376344E-05
   1.6900000000000013        20.023592752161253        19.997837443353813        2.57089511E-02   4.63585784E-05
   1.7000000000000013        20.279618310299604        20.253558464022742        2.60129608E-02   4.68853686E-05
   1.7100000000000013        20.538767567537516        20.512399663923844        2.63204854E-02   4.74180597E-05
   1.7200000000000013        20.801077451189617        20.774397930380697        2.66315639E-02   4.79567243E-05
   1.7300000000000013        21.066585315309712        21.039590577008521        2.69462373E-02   4.85014280E-05
   1.7400000000000013        21.335328945538908        21.308015348556246        2.72645447E-02   4.90522361E-05
   1.7500000000000013        21.607346564007020        21.579710425803942        2.75865290E-02   4.96092180E-05
   1.7600000000000013        21.882676834291988        21.854714430514903        2.79122312E-02   5.01724389E-05
   1.7700000000000014        22.161358866427957        22.133066430442078        2.82416940E-02   5.07419682E-05
   1.7800000000000014        22.443432221978195        22.414805944392576        2.85749603E-02   5.13178820E-05
   1.7900000000000014        22.728936919160066        22.699972947348456        2.89120711E-02   5.19002424E-05
   1.8000000000000014        23.017913438023459        22.988607875641147        2.92530730E-02   5.24891257E-05
   1.8100000000000014        23.310402725698683        23.280751632191517        2.95980088E-02   5.30846082E-05
   1.8200000000000014        23.606446201690542        23.576445591801257        2.99469233E-02   5.36867519E-05
   1.8300000000000014        23.906085763240977        23.875731606507003        3.02998610E-02   5.42956404E-05
   1.8400000000000014        24.209363790746071        24.178652010995890        3.06568686E-02   5.49113465E-05
   1.8500000000000014        24.516323153236282        24.485249628074740        3.10179908E-02   5.55339429E-05
   1.8600000000000014        24.827007213916371        24.795567774209900        3.13832760E-02   5.61635061E-05
   1.8700000000000014        25.141459835771936        25.109650265123836        3.17527689E-02   5.68001160E-05
   1.8800000000000014        25.459725387231376        25.427541421453945        3.21265236E-02   5.74438454E-05
   1.8900000000000015        25.781848747896237        25.749286074474927        3.25045772E-02   5.80947817E-05
   1.9000000000000015        26.107875314336045        26.074929571889701        3.28869894E-02   5.87529976E-05
   1.9100000000000015        26.437851005945131        26.404517783679236        3.32738049E-02   5.94185767E-05
   1.9200000000000015        26.771822270865183        26.738097108018763        3.36650722E-02   6.00915992E-05
   1.9300000000000015        27.109836091977787        27.075714477265187        3.40608433E-02   6.07721486E-05
   1.9400000000000015        27.451939992957001        27.417417364002237        3.44611704E-02   6.14603050E-05
   1.9500000000000015        27.798182044401180        27.763253787166473        3.48661020E-02   6.21561630E-05
   1.9600000000000015        28.148610870017158        28.113272318226549        3.52756903E-02   6.28597918E-05
   1.9700000000000015        28.503275652891872        28.467522087446799        3.56899947E-02   6.35712859E-05
   1.9800000000000015        28.862226141814233        28.826052790201793        3.61090600E-02   6.42907398E-05
   1.9900000000000015        29.225512657690260        29.188914693387861        3.65329459E-02   6.50182265E-05
   2.0000000000000013        29.593186100005468        29.556158641876582        3.69617045E-02   6.57538476E-05
   2.0100000000000011        29.965297953383356        29.927836065067563        3.73953916E-02   6.64976833E-05
   2.0200000000000009        30.341900294196471        30.303998983491507        3.78340594E-02   6.72498281E-05
   2.0300000000000007        30.723045797265407        30.684700015505342        3.82777713E-02   6.80103767E-05
   2.0400000000000005        31.108787742628145        31.069992384049698        3.87265794E-02   6.87794236E-05
   2.0500000000000003        31.499180022381339        31.459929923489874        3.91805433E-02   6.95570488E-05
   2.0600000000000001        31.894277147603837        31.854567086525396        3.96397188E-02   7.03433689E-05
   2.0699999999999998        32.294134255354471        32.253958951184984        4.01041657E-02   7.11384637E-05
   2.0799999999999996        32.698807115747989        32.658161227894453        4.05739471E-02   7.19424352E-05
   2.0899999999999994        33.108352139112711        33.067230266627078        4.10491154E-02   7.27553779E-05
   2.0999999999999992        33.522826383221364        33.481223064126105        4.15297411E-02   7.35774011E-05
   2.1099999999999990        33.942287560612698        33.900197271220463        4.20158803E-02   7.44085919E-05
   2.1199999999999988        34.366794045984676        34.324211200208701        4.25075963E-02   7.52490669E-05
   2.1299999999999986        34.796404883676672        34.753323832335091        4.30049524E-02   7.60989133E-05
   2.1399999999999983        35.231179795236216        35.187594825347631        4.35080118E-02   7.69582402E-05
   2.1499999999999981        35.671179187059458        35.627084521129973        4.40168381E-02   7.78271569E-05
   2.1599999999999979        36.116464158135024        36.071853953442805        4.45314981E-02   7.87057652E-05
   2.1699999999999977        36.567096507854295        36.521964855716263        4.50520590E-02   7.95941742E-05
   2.1799999999999975        37.023138743924015        36.977479668964563        4.55785841E-02   8.04924857E-05
   2.1899999999999973        37.484654090362561        37.438461549769045        4.61111404E-02   8.14008163E-05
   2.1999999999999971        37.951706495576680        37.904974378344647        4.66497988E-02   8.23192750E-05
   2.2099999999999969        38.424360640545878        38.377082766722168        4.71946262E-02   8.32479782E-05
   2.2199999999999966        38.902681947081767        38.854852066994127        4.77456935E-02   8.41870278E-05
   2.2299999999999964        39.386736586189379        39.338348379669362        4.83030714E-02   8.51365476E-05
   2.2399999999999962        39.876591486513028        39.827638562110984        4.88668270E-02   8.60966466E-05
   2.2499999999999960        40.372314342888053        40.322790237078124        4.94370386E-02   8.70674412E-05
   2.2599999999999958        40.873973624977104        40.823871801354088        5.00137731E-02   8.80490625E-05
   2.2699999999999956        41.381638586008755        41.330952434476984        5.05971089E-02   8.90416122E-05
   2.2799999999999954        41.895379271608839        41.844102107559593        5.11871204E-02   9.00452214E-05
   2.2899999999999952        42.415266528737654        42.363391592220026        5.17838784E-02   9.10600138E-05
   2.2999999999999949        42.941372014716698        42.888892469598460        5.23874573E-02   9.20861057E-05
   2.3099999999999947        43.473768206365897        43.420677139484063        5.29979430E-02   9.31236209E-05
   2.3199999999999945        44.012528409235678        43.958818829539659        5.36154062E-02   9.41726976E-05
   2.3299999999999943        44.557726766943510        44.503391604628305        5.42399287E-02   9.52334449E-05
   2.3399999999999941        45.109438270615946        45.054470376244630        5.48715889E-02   9.63060083E-05
   2.3499999999999939        45.667738768435477        45.612130912051768        5.55104651E-02   9.73905117E-05
   2.3599999999999937        46.232704975292542        46.176449845525674        5.61566427E-02   9.84870858E-05
   2.3699999999999934        46.804414482544480        46.747504685701628        5.68102002E-02   9.95958617E-05
   2.3799999999999932        47.382945767885680        47.325373827038014        5.74712232E-02   1.00716978E-04
   2.3899999999999930        47.968378205326793        47.910136559381584        5.81397936E-02   1.01850572E-04
   2.3999999999999928        48.560792075281960        48.501873078046081        5.88160008E-02   1.02996775E-04
   2.4099999999999926        49.160268574771131        49.100664494004548        5.94999269E-02   1.04155733E-04
   2.4199999999999924        49.766889827737153        49.706592844195356        6.01916574E-02   1.05327577E-04
   2.4299999999999922        50.380738895474757        50.319741101943009        6.08912818E-02   1.06512460E-04
   2.4399999999999920        51.001899787173947        50.940193187484965        6.15988895E-02   1.07710519E-04
   2.4499999999999917        51.630457470587380        51.568033978634979        6.23145700E-02   1.08921908E-04
   2.4599999999999915        52.266497882814981        52.203349321553986        6.30384162E-02   1.10146757E-04
   2.4699999999999913        52.910107941194433        52.846226041626494        6.37705177E-02   1.11385227E-04
   2.4799999999999911        53.561375554336614        53.496751954492368        6.45109639E-02   1.12637470E-04
   2.4899999999999909        54.220389633264070        54.155015877167152        6.52598515E-02   1.13903625E-04
   2.4999999999999907        54.887240102682696        54.821107639301474        6.60172775E-02   1.15183859E-04
   2.5099999999999905        55.562017912379233        55.495118094578174        6.67833388E-02   1.16478324E-04
   2.5199999999999902        56.244815048736626        56.177139132200601        6.75581321E-02   1.17787167E-04
   2.5299999999999900        56.935724546388741        56.867263688548348        6.83417469E-02   1.19110555E-04
   2.5399999999999898        57.634840499999726        57.565585758936294        6.91342950E-02   1.20448647E-04
   2.5499999999999896        58.342258076167738        58.272200409510141        6.99358657E-02   1.21801604E-04
   2.5599999999999894        59.058073525472906        58.987203789282802        7.07465634E-02   1.23169593E-04
   2.5699999999999892        59.782384194651414        59.710693142295476        7.15664998E-02   1.24552767E-04
   2.5799999999999890        60.515288538912046        60.442766819919186        7.23957643E-02   1.25951308E-04
   2.5899999999999888        61.256886134369978        61.183524293279362        7.32344761E-02   1.27365391E-04
   2.5999999999999885        62.007277690649317        61.933066165843137        7.40827322E-02   1.28795160E-04
   2.6099999999999883        62.766565063598264        62.691494186127613        7.49406368E-02   1.30240805E-04
   2.6199999999999881        63.534851268162370        63.458911260550295        7.58083016E-02   1.31702502E-04
   2.6299999999999879        64.312240491391023        64.235421466428960        7.66858459E-02   1.33180423E-04
   2.6399999999999877        65.098838105593146        65.021130065123288        7.75733665E-02   1.34674759E-04
   2.6499999999999875        65.894750681638911        65.816143515326061        7.84709826E-02   1.36185670E-04
   2.6599999999999873        66.700086002407474        66.620569486488876        7.93788061E-02   1.37713345E-04
   2.6699999999999871        67.514953076383208        67.434516872412260        8.02969486E-02   1.39257972E-04
   2.6799999999999868        68.339462151403993        68.258095804975412        8.12255293E-02   1.40819742E-04
   2.6899999999999866        69.173724728567962        69.091417668036740        8.21646601E-02   1.42398829E-04
   2.6999999999999864        70.017853576275954        69.934595111451074        8.31144676E-02   1.43995450E-04
   2.7099999999999862        70.871962744458713        70.787742065293088        8.40750709E-02   1.45609767E-04
   2.7199999999999860        71.736167578934825        71.650973754189621        8.50465819E-02   1.47241983E-04
   2.7299999999999858        72.610584735937053        72.524406711842744        8.60291347E-02   1.48892315E-04
   2.7399999999999856        73.495332196813465        73.408158795711188        8.70228410E-02   1.50560940E-04
   2.7499999999999853        74.390529282863568        74.302349201827155        8.80278349E-02   1.52248060E-04
   2.7599999999999851        75.296296670373394        75.207098479825035        8.90442356E-02   1.53953893E-04
   2.7699999999999849        76.212756405779899        76.122528548081419        9.00721774E-02   1.55678630E-04
   2.7799999999999847        77.140031921043558        77.048762709082098        9.11117867E-02   1.57422488E-04
   2.7899999999999845        78.078248049143170        77.985925664892250        9.21631977E-02   1.59185671E-04
   2.7999999999999843        79.027531039798035        78.934143532866983        9.32265371E-02   1.60968397E-04
   2.8099999999999841        79.988008575316613        79.893543861486833        9.43019465E-02   1.62770870E-04
   2.8199999999999839        80.959809786650524        80.864255646386397        9.53895450E-02   1.64593323E-04
   2.8299999999999836        81.943065269607715        81.846409346565395        9.64894891E-02   1.66435959E-04
   2.8399999999999834        82.937907101258176        82.840136900762204        9.76018980E-02   1.68299011E-04
   2.8499999999999832        83.944468856522278        83.845571744037983        9.87269282E-02   1.70182713E-04
   2.8599999999999830        84.962885624923231        84.862848824507481        9.98647138E-02   1.72087268E-04
   2.8699999999999828        85.993294027558406        85.892104620289075       0.101015396       1.74012908E-04
   2.8799999999999826        87.035832234217011        86.933477156614799       0.102179118       1.75959882E-04
   2.8899999999999824        88.090639980733684        87.987106023158276       0.103356026       1.77928421E-04
   2.8999999999999821        89.157858586489866        89.053132391522738       0.104546279       1.79918745E-04
   2.9099999999999819        90.237630972141844        90.131699032949186       0.105750009       1.81931100E-04
   2.9199999999999817        91.330101677532824        91.222950336212207       0.106967375       1.83965734E-04
   2.9299999999999815        92.435416879790452        92.327032325697402       0.108198531       1.86022895E-04
   2.9399999999999813        93.553724411655267        93.444092679714529       0.109443627       1.88102815E-04
   2.9499999999999811        94.685173779983231        94.574280748978609       0.110702828       1.90205756E-04
   2.9599999999999809        95.829916184464977        95.717747575308920       0.111976281       1.92331980E-04
   2.9699999999999807        96.988104536557515        96.874645910550313       0.113264143       1.94481720E-04
   2.9799999999999804        98.159893478612744        98.045130235672175       0.114566587       1.96655237E-04
   2.9899999999999802        99.345439403221278        99.229356780096225       0.115883768       1.98852809E-04
   2.9999999999999800        100.54490047278362        100.42748354125116       0.117215857       2.01074683E-04
   3.0099999999999798        101.75843663927536        101.63967030431527       0.118563011       2.03321135E-04
   3.0199999999999796        102.98620966426311        102.86607866221401       0.119925410       2.05592427E-04
   3.0299999999999794        104.22838313908896        104.10687203578063       0.121303216       2.07888836E-04
   3.0399999999999792        105.48512250533973        105.36221569421197       0.122696601       2.10210652E-04
   3.0499999999999790        106.75659507550462        106.63227677569637       0.124105744       2.12558123E-04
   3.0599999999999787        108.04297005386941        107.91722430829530       0.125530809       2.14931555E-04
   3.0699999999999785        109.34441855763522        109.21722923103491       0.126971990       2.17331224E-04
   3.0799999999999783        110.66111363829376        110.53246441526380       0.128429472       2.19757407E-04
   3.0899999999999781        111.99323030320866        111.86310468620938       0.129903406       2.22210423E-04
   3.0999999999999779        113.34094553746820        113.20932684481126       0.131393999       2.24690535E-04
   3.1099999999999777        114.70443832593344        114.57130968975210       0.132901445       2.27198048E-04
   3.1199999999999775        116.08388967558409        115.94923403976668       0.134425908       2.29733283E-04
   3.1299999999999772        117.47948263807328        117.34328275618961       0.135967582       2.32296516E-04
   3.1399999999999770        118.89140233254591        118.75364076573948       0.137526676       2.34888081E-04
   3.1499999999999768        120.31983596870643        120.18049508357304       0.139103383       2.37508269E-04
   3.1599999999999766        121.76497287014453        121.62403483658838       0.140697882       2.40157387E-04
   3.1699999999999764        123.22700449790031        123.08445128694882       0.142310381       2.42835784E-04
   3.1799999999999762        124.70612447432498        124.56193785593894       0.143941075       2.45543750E-04
   3.1899999999999760        126.20252860718463        126.05669014803783       0.145590171       2.48281605E-04
   3.1999999999999758        127.71641491401195        127.56890597524799       0.147257894       2.51049700E-04
   3.2099999999999755        129.24798364676346        129.09878538171861       0.148944423       2.53848382E-04
   3.2199999999999753        130.79743731672264        130.64653066864500       0.150649965       2.56677915E-04
   3.2299999999999751        132.36498071968580        132.21234641940021       0.152374759       2.59538734E-04
   3.2399999999999749        133.95082096144077        133.79643952502104       0.154119000       2.62431102E-04
   3.2499999999999747        135.55516748348847        135.39901920987154       0.155882925       2.65355367E-04
   3.2599999999999745        137.17823208909292        137.02029705768800       0.157666713       2.68311938E-04
   3.2699999999999743        138.82022896959253        138.66048703786166       0.159470633       2.71301134E-04
   3.2799999999999740        140.48137473100721        140.31980553201532       0.161294878       2.74323305E-04
   3.2899999999999738        142.16188842093229        141.99847136086569       0.163139686       2.77378829E-04
   3.2999999999999736        143.86199155575522        143.69670581142663       0.165005282       2.80468055E-04
   3.3099999999999734        145.58190814813227        145.41473266444501       0.166891888       2.83591362E-04
   3.3199999999999732        147.32186473480763        147.15277822219343       0.168799758       2.86749098E-04
   3.3299999999999730        149.08209040471260        148.91107133656095       0.170729131       2.89941672E-04
   3.3399999999999728        150.86281682737732        150.68984343740010       0.172680214       2.93169462E-04
   3.3499999999999726        152.66427828168926        152.48932856129090       0.174653292       2.96432845E-04
   3.3599999999999723        154.48671168490191        154.30976338050999       0.176648572       2.99732230E-04
   3.3699999999999721        156.33035662204546        156.15138723239897       0.178666323       3.03067965E-04
   3.3799999999999719        158.19545537558210        158.01444214900681       0.180706784       3.06440488E-04
   3.3899999999999717        160.08225295545483        159.89917288710151       0.182770222       3.09850177E-04
   3.3999999999999715        161.99099712942339        161.80582695847951       0.184856877       3.13297438E-04
   3.4099999999999713        163.92193845375400        163.73465466061978       0.186967015       3.16782709E-04
   3.4199999999999711        165.87533030423739        165.68590910766756       0.189100891       3.20306397E-04
   3.4299999999999708        167.85142890757496        167.65984626181043       0.191258773       3.23868910E-04
   3.4399999999999706        169.85049337306177        169.65672496490495       0.193440944       3.27470683E-04
   3.4499999999999704        171.87278572466195        171.67680697052432       0.195647642       3.31112125E-04
   3.4599999999999702        173.91857093343074        173.72035697636051       0.197879165       3.34793702E-04
   3.4699999999999700        175.98811695026907        175.78764265694670       0.200135782       3.38515849E-04
   3.4799999999999698        178.08169473906898        177.87893469675373       0.202417761       3.42278974E-04
   3.4899999999999696        180.19957831021568        179.99450682366287       0.204725400       3.46083543E-04
   3.4999999999999694        182.34204475441797        182.13463584277932       0.207058981       3.49930022E-04
   3.5099999999999691        184.50937427700180        184.29960167067347       0.209418789       3.53818847E-04
   3.5199999999999689        186.70185023248817        186.48968736993601       0.211805105       3.57750483E-04
   3.5299999999999687        188.91975915959304        188.70517918412585       0.214218244       3.61725455E-04
   3.5399999999999685        191.16339081664077        190.94636657317136       0.216658503       3.65744170E-04
   3.5499999999999683        193.43303821730584        193.21354224907139       0.219126165       3.69807094E-04
   3.5599999999999681        195.72899766677236        195.50700221199568       0.221621543       3.73914780E-04
   3.5699999999999679        198.05156879833700        197.82704578688069       0.224144951       3.78067663E-04
   3.5799999999999677        200.40105461035151        200.17397566032378       0.226696685       3.82266269E-04
   3.5899999999999674        202.77776150360293        202.54809791792943       0.229277074       3.86511063E-04
   3.5999999999999672        205.18199931906761        204.94972208200244       0.231886432       3.90802568E-04
   3.6099999999999670        207.61408137617818        207.37916114983148       0.234525084       3.95141309E-04
   3.6199999999999668        210.07432451138894        209.83673163214760       0.237193346       3.99527780E-04
   3.6299999999999666        212.56304911724723        212.32275359221589       0.239891559       4.03962506E-04
   3.6399999999999664        215.08057918184417        214.83755068521802       0.242620051       4.08446009E-04
   3.6499999999999662        217.62724232877841        217.38145019816454       0.245379150       4.12978843E-04
   3.6599999999999659        220.20336985745809        219.95478309019651       0.248169199       4.17561532E-04
   3.6699999999999657        222.80929678389464        222.55788403329524       0.250990570       4.22194600E-04
   3.6799999999999655        225.44536188196952        225.19109145353980       0.253843546       4.26878658E-04
   3.6899999999999653        228.11190772512185        227.85474757274898       0.256728530       4.31614200E-04
   3.6999999999999651        230.80928072849071        230.54919845056853       0.259645879       4.36401780E-04
   3.7099999999999649        233.53783119154906        233.27479402704697       0.262595922       4.41242039E-04
   3.7199999999999647        236.29791334117550        236.03188816572208       0.265579045       4.46135498E-04
   3.7299999999999645        239.08988537523322        238.82083869710888       0.268595606       4.51082742E-04
   3.7399999999999642        241.91410950658388        241.64200746267136       0.271645963       4.56084381E-04
   3.7499999999999640        244.77095200762443        244.49576035934177       0.274730504       4.61140997E-04
   3.7599999999999638        247.66078325531561        247.38246738448376       0.277849615       4.66253172E-04
   3.7699999999999636        250.58397777665101        250.30250268132258       0.281003684       4.71421517E-04
   3.7799999999999634        253.54091429468889        253.25624458493053       0.284193069       4.76646674E-04
   3.7899999999999632        256.53197577508132        256.24407566870622       0.287418187       4.81929223E-04
   3.7999999999999630        259.55754947304393        259.26638279131089       0.290679425       4.87269805E-04
   3.8099999999999627        262.61802698095943        262.32355714420163       0.293977171       4.92669060E-04
   3.8199999999999625        265.71380427641594        265.41599429966800       0.297311842       4.98127658E-04
   3.8299999999999623        268.84528177076555        268.54409425926247       0.300683856       5.03646152E-04
   3.8399999999999621        272.01286435829667        271.70826150302759       0.304093629       5.09225298E-04
   3.8499999999999619        275.21696146587254        274.90890503897936       0.307541549       5.14865736E-04
   3.8599999999999617        278.45798710316097        278.14643845337434       0.311028093       5.20568050E-04
   3.8699999999999615        281.73635991335283        281.42127996132797       0.314553618       5.26333053E-04
   3.8799999999999613        285.05250322454850        284.73385245817508       0.318118602       5.32161328E-04
   3.8899999999999610        288.40684510155933        288.08458357119702       0.321723491       5.38053573E-04
   3.8999999999999608        291.79981839843657        291.47390571211315       0.325368673       5.44010487E-04
   3.9099999999999606        295.23186081143530        294.90225612999689       0.329054654       5.50032826E-04
   3.9199999999999604        298.70341493266886        298.37007696487126       0.332781851       5.56121231E-04
   3.9299999999999602        302.21492830429492        301.87781530184304       0.336550713       5.62276517E-04
   3.9399999999999600        305.76685347328402        305.42592322579662       0.340361744       5.68499323E-04
   3.9499999999999598        309.35964804686188        309.01485787683822       0.344215393       5.74790349E-04
   3.9599999999999596        312.99377474844044        312.64508150609623       0.348112106       5.81150525E-04
   3.9699999999999593        316.66970147432772        316.31706153243084       0.352052361       5.87580376E-04
   3.9799999999999591        320.38790135088385        320.03127059951447       0.356036663       5.94080833E-04
   3.9899999999999589        324.14885279242748        323.78818663368298       0.360065520       6.00652595E-04
   3.9999999999999587        327.95303955973901        327.58829290238032       0.364139348       6.07296475E-04
   4.0099999999999589        331.80095081916357        331.43207807318799       0.368258744       6.14013174E-04
   4.0199999999999587        335.69308120248132        335.32003627369033       0.372424126       6.20803563E-04
   4.0299999999999585        339.62993086727801        339.25266715170648       0.376636058       6.27668458E-04
   4.0399999999999583        343.61200555806300        343.23047593640575       0.380895019       6.34608616E-04
   4.0499999999999581        347.63981666810361        347.25397350007881       0.385201544       6.41624851E-04
   4.0599999999999579        351.71388130184476        351.32367642045108       0.389556170       6.48717978E-04
   4.0699999999999577        355.83472233804508        355.44010704380412       0.393959403       6.55888929E-04
   4.0799999999999574        360.00286849363471        359.60379354875909       0.398411810       6.63138460E-04
   4.0899999999999572        364.21885438821556        363.81527001069230       0.402913898       6.70467503E-04
   4.0999999999999570        368.48322060936590        368.07507646699514       0.407466263       6.77876873E-04
   4.1099999999999568        372.79651377855879        372.38375898293953       0.412069440       6.85367384E-04
   4.1199999999999566        377.15928661778258        376.74186971818614       0.416723967       6.92940084E-04
   4.1299999999999564        381.57209801708797        381.14996699431310       0.421430439       7.00595730E-04
   4.1399999999999562        386.03551310264373        385.60861536281021       0.426189393       7.08335254E-04
   4.1499999999999559        390.55010330563385        390.11838567382085       0.431001484       7.16159586E-04
   4.1599999999999557        395.11644643194751        394.67985514589770       0.435867220       7.24069658E-04
   4.1699999999999555        399.73512673260240        399.29360743624324       0.440787226       7.32066401E-04
   4.1799999999999553        404.40673497486438        403.96023271181031       0.445762098       7.40150746E-04
   4.1899999999999551        409.13186851428515        408.68032772129692       0.450792462       7.48323568E-04
   4.1999999999999549        413.91113136741632        413.45449586770155       0.455878913       7.56585971E-04
   4.2099999999999547        418.74513428539609        418.28334728189839       0.461022079       7.64938886E-04
   4.2199999999999545        423.63449482825212        423.16749889688566       0.466222554       7.73383246E-04
   4.2299999999999542        428.57983744015081        428.10757452293768       0.471480995       7.81920098E-04
   4.2399999999999540        433.58179352531459        433.10420492338477       0.476798058       7.90550373E-04
   4.2499999999999538        438.64100152489408        438.15802789153406       0.482174367       7.99275236E-04
   4.2599999999999536        443.75810699466444        443.26968832817914       0.487610579       8.08095559E-04
   4.2699999999999534        448.93376268344116        448.43983832002993       0.493107349       8.17012391E-04
   4.2799999999999532        454.16862861258085        453.66913721902324       0.498665363       8.26026895E-04
   4.2899999999999530        459.46337215614210        458.95825172253939       0.504285276       8.35140119E-04
   4.2999999999999527        464.81866812206351        464.30785595437231       0.509967804       8.44352995E-04
   4.3099999999999525        470.23519883417737        469.71863154678590       0.515713632       8.53666745E-04
   4.3199999999999523        475.71365421501343        475.19126772308755       0.521523416       8.63082416E-04
   4.3299999999999521        481.25473186984198        480.72646138176594       0.527397871       8.72601115E-04
   4.3399999999999519        486.85913717117717        486.32491718074760       0.533337772       8.82224005E-04
   4.3499999999999517        492.52758334457656        491.98734762323909       0.539343774       8.91952077E-04
   4.3599999999999515        498.26079155518516        497.71447314406686       0.545416653       9.01786669E-04
   4.3699999999999513        504.05949099531983        503.50702219731045       0.551557064       9.11728828E-04
   4.3799999999999510        509.92441897299148        509.36573134461383       0.557765841       9.21779778E-04
   4.3899999999999508        515.85632100131977        515.29134534458944       0.564043701       9.31940565E-04
   4.3999999999999506        521.85595088898242        521.28461724316287       0.570391417       9.42212588E-04
   4.4099999999999504        527.92407083175010        527.34630846496430       0.576809764       9.52596893E-04
   4.4199999999999502        534.06145150486839        533.47718890574629       0.583299518       9.63094761E-04
   4.4299999999999500        540.26887215645149        539.67803702552135       0.589861453       9.73707414E-04
   4.4399999999999498        546.54712070212088        545.94963994324894       0.596496344       9.84436134E-04
   4.4499999999999496        552.89699382032029        552.29279353196705       0.603205025       9.95282200E-04
   4.4599999999999493        559.31929704905190        558.70830251549899       0.609988272       1.00624666E-03
   4.4699999999999491        565.81484488331159        565.19698056570076       0.616846979       1.01733115E-03
   4.4799999999999489        572.38446087392265        571.75965040134611       0.623781919       1.02853682E-03
   4.4899999999999487        579.02897772719359        578.39714388752259       0.630793989       1.03986484E-03
   4.4999999999999485        585.74923740580391        585.11030213654647       0.637883961       1.05131674E-03
   4.5099999999999483        592.54609123067883        591.89997560964105       0.645052731       1.06289377E-03
   4.5199999999999481        599.42039998418284        598.76702422009191       0.652301192       1.07459736E-03
   4.5299999999999478        606.37303401422844        605.71231743725104       0.659630120       1.08642888E-03
   4.5399999999999476        613.40487333956150        612.73673439169625       0.667040586       1.09838962E-03
   4.5499999999999474        620.51680775633702        619.84116398166486       0.674533308       1.11048098E-03
   4.5599999999999472        627.70973694568386        627.02650498065861       0.682109237       1.12270447E-03
   4.5699999999999470        634.98457058254860        634.29366614596825       0.689769387       1.13506150E-03
   4.5799999999999468        642.34222844570456        641.64356632876047       0.697514534       1.14755356E-03
   4.5899999999999466        649.78364052899440        649.07713458511375       0.705345750       1.16018206E-03
   4.5999999999999464        657.30974715364130        656.59531028826154       0.713263929       1.17294840E-03
   4.6099999999999461        664.92149908204954        664.19904324222796       0.721269965       1.18585420E-03
   4.6199999999999459        672.61985763254290        671.88929379652404       0.729364932       1.19890098E-03
   4.6299999999999457        680.40579479568339        679.66703296230537       0.737549722       1.21209014E-03
   4.6399999999999455        688.28029335146528        687.53324252945151       0.745825410       1.22542342E-03
   4.6499999999999453        696.24434698827133        695.48891518548703       0.754192889       1.23890222E-03
   4.6599999999999451        704.29896042264761        703.53505463506269       0.762653232       1.25252816E-03
   4.6699999999999449        712.44514952072097        711.67267572144874       0.771207511       1.26630289E-03
   4.6799999999999446        720.68394142076488        719.90280454888477       0.779856622       1.28022803E-03
   4.6899999999999444        729.01637465724878        728.22647860646612       0.788601756       1.29430508E-03
   4.6999999999999442        737.44349928608688        736.64474689338977       0.797443867       1.30853569E-03
   4.7099999999999440        745.96637701127395        745.15867004534925       0.806384027       1.32292183E-03
   4.7199999999999438        754.58608131316953        753.76932046278455       0.815423369       1.33746478E-03
   4.7299999999999436        763.30369757768028        762.47778243985522       0.824562967       1.35216652E-03
   4.7399999999999434        772.12032322739208        771.28515229554262       0.833803892       1.36702857E-03
   4.7499999999999432        781.03706785369684        780.19253850554537       0.843147278       1.38205290E-03
   4.7599999999999429        790.05505335057921        789.20106183597227       0.852594256       1.39724114E-03
   4.7699999999999427        799.17541405003465        798.31185547866130       0.862145960       1.41259492E-03
   4.7799999999999425        808.39929685840264        807.52606518736900       0.871803582       1.42811635E-03
   4.7899999999999423        817.72786139480320        816.84484941605706       0.881568193       1.44380704E-03
   4.7999999999999421        827.16228013077841        826.26937945838381       0.891440988       1.45966886E-03
   4.8099999999999419        836.70373853145736        835.80083958874411       0.901423216       1.47570367E-03
   4.8199999999999417        846.35343519828427        845.44042720491632       0.911516070       1.49191334E-03
   4.8299999999999415        856.11258201337239        855.18935297209168       0.921720743       1.50829984E-03
   4.8399999999999412        865.98240428540964        865.04884096892442       0.932038426       1.52486493E-03
   4.8499999999999410        875.96414089703092        875.02012883445639       0.942470431       1.54161069E-03
   4.8599999999999408        886.05904445400915        885.10446791744812       0.953018010       1.55853899E-03
   4.8699999999999406        896.26838143586815        895.30312342660898       0.963682353       1.57565193E-03
   4.8799999999999404        906.59343234833591        905.61737458302957       0.974464834       1.59295136E-03
   4.8899999999999402        917.03549187718613        916.04851477383966       0.985366642       1.61043939E-03
   4.8999999999999400        927.59586904408002        926.59785170790656       0.996389210       1.62811799E-03
   4.9099999999999397        938.27588736396569        937.26670757304737        1.00753379       1.64598925E-03
   4.9199999999999395        949.07688500393283        948.05641919481127        1.01880181       1.66405539E-03
   4.9299999999999393        960.00021494440921        958.96833819743472        1.03019440       1.68231840E-03
   4.9399999999999391        971.04724514146005        970.00383116598789        1.04171324       1.70078024E-03
   4.9499999999999389        982.21935869120193        981.16427981067295        1.05335939       1.71944348E-03
   4.9599999999999387        993.51795399611524        992.45108113294953        1.06513453       1.73830998E-03
   4.9699999999999385        1004.9444449328232        1003.8656475931966        1.07703996       1.75738195E-03
   4.9799999999999383        1016.5002610219060        1015.4094072802402        1.08907712       1.77666184E-03
   4.9899999999999380        1028.1868475996700        1027.0838040831181        1.10124731       1.79615163E-03
