   0.0000000000000000        2.0208985344653119        1.9997376386287653        2.08985340E-02   2.62361369E-04
   1.0000000000000000E-002   2.0513621205670769        2.0299353968489755        2.11612843E-02   2.65438983E-04
   2.0000000000000000E-002   2.0822339123381997        2.0605381548837411        2.14272048E-02   2.68551958E-04
   2.9999999999999999E-002   2.1135190378483810        2.0915510032141857        2.16963347E-02   2.71700701E-04
   4.0000000000000001E-002   2.1452226870120663        2.1229790937344410        2.19687074E-02   2.74885620E-04
   5.0000000000000003E-002   2.1773501123135937        2.1548276404719178        2.22443640E-02   2.78107094E-04
   6.0000000000000005E-002   2.2099066295406486        2.1871019203158255        2.25233436E-02   2.81365559E-04
   7.0000000000000007E-002   2.2428976185261487        2.2198072737540628        2.28056833E-02   2.84661452E-04
   8.0000000000000002E-002   2.2763285238986599        2.2529491056185953        2.30914224E-02   2.87995150E-04
   8.9999999999999997E-002   2.3102048558413983        2.2865328858393377        2.33806036E-02   2.91367091E-04
   9.9999999999999992E-002   2.3445321908599825        2.3205641502067680        2.36732624E-02   2.94777739E-04
  0.10999999999999999        2.3793161725589611        2.3550485011432141        2.39694435E-02   2.98227533E-04
  0.11999999999999998        2.4145625124272629        2.3899916084830521        2.42691878E-02   3.01716878E-04
  0.12999999999999998        2.4502769906326680        2.4253992102618240        2.45725345E-02   3.05246213E-04
  0.13999999999999999        2.4864654568253721        2.4612771135144160        2.48795263E-02   3.08816030E-04
  0.14999999999999999        2.5231338309507847        2.4976311950824006        2.51902100E-02   3.12426797E-04
  0.16000000000000000        2.5602881040716299        2.5344674024306268        2.55046226E-02   3.16078920E-04
  0.17000000000000001        2.5979343391994831        2.5717917544731717        2.58228127E-02   3.19772895E-04
  0.18000000000000002        2.6360786721358309        2.6096103424087658        2.61448212E-02   3.23509186E-04
  0.19000000000000003        2.6747273123227799        2.6479293305658058        2.64706928E-02   3.27288290E-04
  0.20000000000000004        2.7138865437034991        2.6867549572570191        2.68004760E-02   3.31110699E-04
  0.21000000000000005        2.7535627255925239        2.7260935356439506        2.71342136E-02   3.34976852E-04
  0.22000000000000006        2.7937622935560427        2.7659514546113475        2.74719521E-02   3.38887301E-04
  0.23000000000000007        2.8344917603022393        2.8063351796515428        2.78137382E-02   3.42842482E-04
  0.24000000000000007        2.8757577165818522        2.8472512537589885        2.81596202E-02   3.46842950E-04
  0.25000000000000006        2.9175668320990242        2.8887062983350109        2.85096448E-02   3.50889226E-04
  0.26000000000000006        2.9599258564326067        2.9307070141029583        2.88638603E-02   3.54981748E-04
  0.27000000000000007        3.0028416199679664        2.9732601820337639        2.92223170E-02   3.59121128E-04
  0.28000000000000008        3.0463210348394876        3.0163726642821622        2.95850635E-02   3.63307860E-04
  0.29000000000000009        3.0903710958838468        3.0600514051335863        2.99521480E-02   3.67542438E-04
  0.30000000000000010        3.1349988816041883        3.1043034319619092        3.03236246E-02   3.71825474E-04
  0.31000000000000011        3.1802115551453256        3.1491358561981255        3.06995418E-02   3.76157433E-04
  0.32000000000000012        3.2260163652801062        3.1945558743101294        3.10799517E-02   3.80538957E-04
  0.33000000000000013        3.2724206474070252        3.2405707687936727        3.14649083E-02   3.84970539E-04
  0.34000000000000014        3.3194318245592860        3.2871879091747047        3.18544619E-02   3.89452733E-04
  0.35000000000000014        3.3670574084253548        3.3344147530231001        3.22486684E-02   3.93986178E-04
  0.36000000000000015        3.4153050003811849        3.3822588469780044        3.26475836E-02   3.98571370E-04
  0.37000000000000016        3.4641822925342636        3.4307278277849327        3.30512561E-02   4.03208978E-04
  0.38000000000000017        3.5136970687795284        3.4798294233446376        3.34597453E-02   4.07899497E-04
  0.39000000000000018        3.5638572058674169        3.5295714537740426        3.38731073E-02   4.12643596E-04
  0.40000000000000019        3.6146706744840418        3.5799618324792313        3.42914015E-02   4.17441857E-04
  0.41000000000000020        3.6661455403437482        3.6310085672407233        3.47146764E-02   4.22294892E-04
  0.42000000000000021        3.7182899652941237        3.6827197613111191        3.51429991E-02   4.27203282E-04
  0.43000000000000022        3.7711122084336295        3.7351036145253178        3.55764255E-02   4.32167697E-04
  0.44000000000000022        3.8246206272419556        3.7881684244233340        3.60150151E-02   4.37188748E-04
  0.45000000000000023        3.8788236787233403        3.8419225873860037        3.64588238E-02   4.42267075E-04
  0.46000000000000024        3.9337299205628611        3.8963745997836203        3.69079188E-02   4.47403290E-04
  0.47000000000000025        3.9893480122959541        3.9515330591376387        3.73623557E-02   4.52598120E-04
  0.48000000000000026        4.0456867164912742        4.0074066652957230        3.78221981E-02   4.57852148E-04
  0.49000000000000027        4.1027548999470103        4.0640042216200483        3.82875130E-02   4.63166070E-04
  0.50000000000000022        4.1605615349008973        4.1213346361893475        3.87583598E-02   4.68540558E-04
  0.51000000000000023        4.2191157002539423        4.1794069230144659        3.92348021E-02   4.73976310E-04
  0.52000000000000024        4.2784265828081871        4.2382302032679222        3.97169068E-02   4.79473965E-04
  0.53000000000000025        4.3385034785185228        4.2978137065274167        4.02047373E-02   4.85034281E-04
  0.54000000000000026        4.3993557937587475        4.3581667720334814        4.06983644E-02   4.90657927E-04
  0.55000000000000027        4.4609930466021162        4.4192988499615486        4.11978513E-02   4.96345572E-04
  0.56000000000000028        4.5234248681164058        4.4812195027084245        4.17032689E-02   5.02098061E-04
  0.57000000000000028        4.5866610036737985        4.5439384061934796        4.22146805E-02   5.07915975E-04
  0.58000000000000029        4.6507113142756058        4.6074653511746169        4.27321643E-02   5.13800187E-04
  0.59000000000000030        4.7155857778921426        4.6718102445792562        4.32557836E-02   5.19751280E-04
  0.60000000000000031        4.7812944908177935        4.7369831108503968        4.37856093E-02   5.25770185E-04
  0.61000000000000032        4.8478476690415917        4.8029940933082029        4.43217196E-02   5.31857484E-04
  0.62000000000000033        4.9152556496332345        4.8698534555267328        4.48641814E-02   5.38014108E-04
  0.63000000000000034        4.9835288921450829        4.9375715827267692        4.54130694E-02   5.44240756E-04
  0.64000000000000035        5.0526779800299444        5.0061589831841307        4.59684581E-02   5.50538185E-04
  0.65000000000000036        5.1227136220750058        5.0756262896541848        4.65304255E-02   5.56907209E-04
  0.66000000000000036        5.1936466538521788        5.1459842608125870        4.70990427E-02   5.63348702E-04
  0.67000000000000037        5.2654880391848131        5.2172437827122726        4.76743914E-02   5.69863361E-04
  0.68000000000000038        5.3382488716311478        5.2894158702571463        4.82565500E-02   5.76452119E-04
  0.69000000000000039        5.4119403759846190        5.3625116686924406        4.88455929E-02   5.83115732E-04
  0.70000000000000040        5.4865739097912236        5.4365424551120611        4.94415984E-02   5.89855073E-04
  0.71000000000000041        5.5621609648841126        5.5115196399830877        5.00446558E-02   5.96670958E-04
  0.72000000000000042        5.6387131689356327        5.5874547686875049        5.06548360E-02   6.03564258E-04
  0.73000000000000043        5.7162422870269793        5.6643595230815622        5.12722284E-02   6.10535848E-04
  0.74000000000000044        5.7947602232357447        5.7422457230727941        5.18969148E-02   6.17586658E-04
  0.75000000000000044        5.8742790222413674        5.8211253282149249        5.25289774E-02   6.24717446E-04
  0.76000000000000045        5.9548108709489824        5.9010104393209595        5.31685017E-02   6.31929259E-04
  0.77000000000000046        6.0363681001315701        5.9819133000945373        5.38155772E-02   6.39222912E-04
  0.78000000000000047        6.1189631860908236        6.0638462987798860        5.44702895E-02   6.46599277E-04
  0.79000000000000048        6.2026087523368485        6.1468219698303708        5.51327243E-02   6.54059404E-04
  0.80000000000000049        6.2873175712868363        6.2308529955960301        5.58029711E-02   6.61604165E-04
  0.81000000000000050        6.3731025659832738        6.3159522080305051        5.64811230E-02   6.69234549E-04
  0.82000000000000051        6.4599768118312859        6.4021325904168647        5.71672693E-02   6.76951429E-04
  0.83000000000000052        6.5479535383560084        6.4894072791134461        5.78615032E-02   6.84755854E-04
  0.84000000000000052        6.6370461309796518        6.5777895653192466        5.85639179E-02   6.92648755E-04
  0.85000000000000053        6.7272681328189279        6.6672928968594922        5.92746064E-02   7.00631121E-04
  0.86000000000000054        6.8186332465026531        6.7579308799912914        5.99936619E-02   7.08703999E-04
  0.87000000000000055        6.9111553360102036        6.8497172812300491        6.07211851E-02   7.16868381E-04
  0.88000000000000056        7.0048484285304866        6.9426660291961122        6.14572726E-02   7.25125312E-04
  0.89000000000000057        7.0997267163422997        7.0367912164829045        6.22020252E-02   7.33475725E-04
  0.90000000000000058        7.1958045587158317        7.1321071015458086        6.29555359E-02   7.41920783E-04
  0.91000000000000059        7.2930964838357220        7.2286281106127062        6.37179092E-02   7.50461535E-04
  0.92000000000000060        7.3916171907459116        7.3263688396159585        6.44892529E-02   7.59098970E-04
  0.93000000000000060        7.4913815513166213        7.4253440561465416        6.52696639E-02   7.67834252E-04
  0.94000000000000061        7.5924046122334339        7.5255687014300259        6.60592392E-02   7.76668487E-04
  0.95000000000000062        7.6947015970090291        7.6270578923251406        6.68581054E-02   7.85602664E-04
  0.96000000000000063        7.7982879080177092        7.7298269233449544        6.76663443E-02   7.94638006E-04
  0.97000000000000064        7.9031791285528641        7.8338912687008149        6.84840828E-02   8.03775562E-04
  0.98000000000000065        8.0093910249076998        7.9392665843694452        6.93114251E-02   8.13016552E-04
  0.99000000000000066        8.1169395484798308        8.0459687101838089        7.01484755E-02   8.22362141E-04
   1.0000000000000007        8.2258408378991597        8.1540136719469043        7.09953532E-02   8.31813435E-04
   1.0100000000000007        8.3361112211803707        8.2634176835702728        7.18521625E-02   8.41371657E-04
   1.0200000000000007        8.4477672178993188        8.3741971492360801        7.27190301E-02   8.51037912E-04
   1.0300000000000007        8.5608255413944505        8.4863686655841839        7.35960603E-02   8.60813539E-04
   1.0400000000000007        8.6753031009927852        8.5999490239234486        7.44833797E-02   8.70699703E-04
   1.0500000000000007        8.7912170042612203        8.7149552124683218        7.53810927E-02   8.80697626E-04
   1.0600000000000007        8.9085845592833337        8.8314044186008420        7.62893334E-02   8.90808587E-04
   1.0700000000000007        9.0274232769618585        8.9493140311579626        7.72082135E-02   9.01033753E-04
   1.0800000000000007        9.1477508733471389        9.0687016427447702        7.81378597E-02   9.11374518E-04
   1.0900000000000007        9.2695852719920246        9.1895850520740670        7.90783912E-02   9.21832165E-04
   1.1000000000000008        9.3929446063333017        9.3119822663320821        8.00299346E-02   9.32407915E-04
   1.1100000000000008        9.5178472221000376        9.4359115035712957        8.09926167E-02   9.43103107E-04
   1.1200000000000008        9.6443116797491228        9.5613911951297954        8.19665641E-02   9.53919138E-04
   1.1300000000000008        9.7723567569283816        9.6884399880785690        8.29519108E-02   9.64857289E-04
   1.1400000000000008        9.9020014509674894        9.8170767476959764        8.39487836E-02   9.75919014E-04
   1.1500000000000008        10.033264981396925        9.9473205599703025        8.49573165E-02   9.87105537E-04
   1.1600000000000008        10.166166792495467        10.079190734130593        8.59776363E-02   9.98418429E-04
   1.1700000000000008        10.300726555866476        10.212706805206222        8.70098919E-02   1.00985891E-03
   1.1800000000000008        10.436964173043123        10.347888536614994        8.80542099E-02   1.02142862E-03
   1.1900000000000008        10.574899778123225        10.484755922780934        8.91107246E-02   1.03312882E-03
   1.2000000000000008        10.714553740433544        10.623329191781060        9.01795849E-02   1.04496093E-03
   1.2100000000000009        10.855946667224451        10.763628808022622        9.12609324E-02   1.05692667E-03
   1.2200000000000009        10.999099406394734        10.905675474950016        9.23549011E-02   1.06902735E-03
   1.2300000000000009        11.144033049247405        11.049490137782712        9.34616476E-02   1.08126446E-03
   1.2400000000000009        11.290768933276205        11.195093986283553        9.45813060E-02   1.09363953E-03
   1.2500000000000009        11.439328644984123        11.342508457559079        9.57140326E-02   1.10615417E-03
   1.2600000000000009        11.589734022733012        11.491755238890349        9.68599766E-02   1.11880992E-03
   1.2700000000000009        11.742007159625807        11.642856270596498        9.80192795E-02   1.13160827E-03
   1.2800000000000009        11.896170406421170        11.795833748930418        9.91921052E-02   1.14455097E-03
   1.2900000000000009        12.052246374480909        11.950710129007119       0.100378603       1.15763943E-03
   1.3000000000000009        12.210257938750445        12.107508127764447       0.101578936       1.17087539E-03
   1.3100000000000009        12.370228240773322        12.266250726958466       0.102793254       1.18426047E-03
   1.3200000000000010        12.532180691739249        12.426961176191249       0.104021721       1.19779631E-03
   1.3300000000000010        12.696138975566704        12.589662995973731       0.105264492       1.21148466E-03
   1.3400000000000010        12.862127052020092        12.754379980822476       0.106521741       1.22532714E-03
   1.3500000000000010        13.030169159862304        12.921136202391734       0.107793629       1.23932539E-03
   1.3600000000000010        13.200289820042492        13.089956012640636       0.109080330       1.25348137E-03
   1.3700000000000010        13.372513838919907        13.260864047035867       0.110381998       1.26779673E-03
   1.3800000000000010        13.546866311523907        13.433885227790759       0.111698814       1.28227309E-03
   1.3900000000000010        13.723372624850803        13.609044767140597       0.113030948       1.29691255E-03
   1.4000000000000010        13.902058461197669        13.786368170654756       0.114378572       1.31171662E-03
   1.4100000000000010        14.082949801533886        13.965881240586429       0.115741871       1.32668728E-03
   1.4200000000000010        14.266072928910333        14.147610079259751       0.117121026       1.34182640E-03
   1.4300000000000010        14.451454431907273        14.331581092495233       0.118516207       1.35713583E-03
   1.4400000000000011        14.639121208120550        14.517820993073306       0.119927600       1.37261744E-03
   1.4500000000000011        14.829100467687752        14.706356804237776       0.121355392       1.38827309E-03
   1.4600000000000011        15.021419736853090        14.897215863237436       0.122799769       1.40410487E-03
   1.4700000000000011        15.216106861573365        15.090425824908889       0.124260925       1.42011454E-03
   1.4800000000000011        15.413190011163636        15.286014665298305       0.125739038       1.43630430E-03
   1.4900000000000011        15.612697681984258        15.484010685324717       0.127234325       1.45267602E-03
   1.5000000000000011        15.814658701169421        15.684442514484614       0.128746957       1.46923168E-03
   1.5100000000000011        16.019102230397564        15.887339114597522       0.130277142       1.48597348E-03
   1.5200000000000011        16.226057769704056        16.092729783594322       0.131825089       1.50290329E-03
   1.5300000000000011        16.435555161336680        16.300644159347744       0.133390978       1.52002333E-03
   1.5400000000000011        16.647624593654726        16.511112223546139       0.134975031       1.53733580E-03
   1.5500000000000012        16.862296605071506        16.724164305610408       0.136577457       1.55484257E-03
   1.5600000000000012        17.079602088041725        16.939831086656014       0.138198450       1.57254608E-03
   1.5700000000000012        17.299572293092680        17.158143603497521       0.139838248       1.59044832E-03
   1.5800000000000012        17.522238832901891        17.379133252700296       0.141497031       1.60855148E-03
   1.5900000000000012        17.747633686419618        17.602831794676273       0.143175036       1.62685802E-03
   1.6000000000000012        17.975789203038119        17.829271357826116       0.144872472       1.64537004E-03
   1.6100000000000012        18.206738106807535        18.058484442728084       0.146589577       1.66408974E-03
   1.6200000000000012        18.440513500699367        18.290503926373958       0.148326561       1.68301957E-03
   1.6300000000000012        18.677148870917250        18.525363066451757       0.150083646       1.70216186E-03
   1.6400000000000012        18.916678091256642        18.763095505677484       0.151861072       1.72151881E-03
   1.6500000000000012        19.159135427513519        19.003735276175430       0.153659061       1.74109300E-03
   1.6600000000000013        19.404555541941605        19.247316803906287       0.155477852       1.76088675E-03
   1.6700000000000013        19.652973497760897        19.493874913147014       0.157317683       1.78090250E-03
   1.6800000000000013        19.904424763715838        19.743444831019431       0.159178793       1.80114270E-03
   1.6900000000000013        20.158945218684821        19.996062192069857       0.161061421       1.82160991E-03
   1.7000000000000013        20.416571156341789        20.251763042900787       0.162965804       1.84230646E-03
   1.7100000000000013        20.677339289869437        20.510583846853908       0.164892212       1.86323514E-03
   1.7200000000000013        20.941286756725830        20.772561488745467       0.166840866       1.88439840E-03
   1.7300000000000013        21.208451123464101        21.037733279655601       0.168812051       1.90579880E-03
   1.7400000000000013        21.478870390606417        21.306136961770225       0.170805991       1.92743901E-03
   1.7500000000000013        21.752582997572347        21.577810713278296       0.172822967       1.94932171E-03
   1.7600000000000013        22.029627827662750        21.852793153322981       0.174863219       1.97144970E-03
   1.7700000000000014        22.310044213098934        22.131123347009037       0.176927045       1.99382543E-03
   1.7800000000000014        22.593871940119215        22.412840810465891       0.179014683       2.01645191E-03
   1.7900000000000014        22.881151254132007        22.697985515968160       0.181126401       2.03933171E-03
   1.8000000000000014        23.171922864925676        22.986597897111626       0.183262497       2.06246763E-03
   1.8100000000000014        23.466227951938734        23.278718854049458       0.185423240       2.08586268E-03
   1.8200000000000014        23.764108169588027        23.574389758786733       0.187608898       2.10951967E-03
   1.8300000000000014        24.065605652656146        23.873652460532295       0.189819753       2.13344162E-03
   1.8400000000000014        24.370763021739705        24.176549291112988       0.192056105       2.15763133E-03
   1.8500000000000014        24.679623388758216        24.483123070446123       0.194318220       2.18209159E-03
   1.8600000000000014        24.992230362525760        24.793417112076352       0.196606427       2.20682565E-03
   1.8700000000000014        25.308628054383774        25.107475228771577       0.198920995       2.23183655E-03
   1.8800000000000014        25.628861083896595        25.425341738182027       0.201262221       2.25712708E-03
   1.8900000000000015        25.952974584612093        25.747061468564059       0.203630418       2.28270073E-03
   1.9000000000000015        26.281014209886450        26.072679764567596       0.206025884       2.30856030E-03
   1.9100000000000015        26.613026138772881        26.402242493086746       0.208448932       2.33470928E-03
   1.9200000000000015        26.949057081977514        26.735796049177782       0.210899889       2.36115046E-03
   1.9300000000000015        27.289154287880876        27.073387362041711       0.213379040       2.38788733E-03
   1.9400000000000015        27.633365548628461        27.415063901076053       0.215886727       2.41492316E-03
   1.9500000000000015        27.981739206287415        27.760873681991981       0.218423262       2.44226144E-03
   1.9600000000000015        28.334324159072452        28.110865272999948       0.220988974       2.46990495E-03
   1.9700000000000015        28.691169867642429        28.465087801066385       0.223584205       2.49785767E-03
   1.9800000000000015        29.052326361466783        28.823590958239048       0.226209283       2.52612261E-03
   1.9900000000000015        29.417844245262671        29.186425008043173       0.228864536       2.55470350E-03
   2.0000000000000013        29.787774705504006        29.553640791948414       0.231550306       2.58360384E-03
   2.0100000000000011        30.162169517004457        29.925289735909871       0.234266952       2.61282688E-03
   2.0200000000000009        30.541081049572398        30.301423856980737       0.237014815       2.64237635E-03
   2.0300000000000007        30.924562274741305        30.682095769998938       0.239794254       2.67225597E-03
   2.0400000000000005        31.312666772574943        31.067358694349281       0.242605612       2.70246901E-03
   2.0500000000000003        31.705448738548483        31.457266460800515       0.245449260       2.73301965E-03
   2.0600000000000001        32.102962990506597        31.851873518418397       0.248325557       2.76391138E-03
   2.0699999999999998        32.505264975699305        32.251234941557158       0.251234889       2.79514818E-03
   2.0799999999999996        32.912410777896184        32.655406436927734       0.254177600       2.82673351E-03
   2.0899999999999994        33.324457124580562        33.064444350746491       0.257154107       2.85867136E-03
   2.0999999999999992        33.741461394222853        33.478405675961191       0.260164768       2.89096567E-03
   2.1099999999999990        34.163481623636329        33.897348059560734       0.263209939       2.92362017E-03
   2.1199999999999988        34.590576515414284        34.321329809963970       0.266290069       2.95663928E-03
   2.1299999999999986        35.022805445450615        34.750409904492919       0.269405514       2.99002673E-03
   2.1399999999999983        35.460228470543797        35.184647996927254       0.272556692       3.02378670E-03
   2.1499999999999981        35.902906336085863        35.624104425144942       0.275743991       3.05792317E-03
   2.1599999999999979        36.350900483837876        36.068840218848521       0.278967828       3.09244031E-03
   2.1699999999999977        36.804273059790972        36.518917107374044       0.282228619       3.12734256E-03
   2.1799999999999975        37.263086922115718        36.974397527591911       0.285526752       3.16263386E-03
   2.1899999999999973        37.727405649200449        37.435344631892519       0.288862705       3.19831865E-03
   2.1999999999999971        38.197293547778173        37.901822296261464       0.292236865       3.23440135E-03
   2.2099999999999969        38.672815661145449        38.373895128446570       0.295649648       3.27088614E-03
   2.2199999999999966        39.154037777471586        38.851628476213484       0.299101532       3.30777792E-03
   2.2299999999999964        39.641026438201976        39.335088435695788       0.302592933       3.34508042E-03
   2.2399999999999962        40.133848946552746        39.824341859835293       0.306124300       3.38279898E-03
   2.2499999999999960        40.632573376103124        40.319456366919674       0.309696078       3.42093757E-03
   2.2599999999999958        41.137268579480804        40.820500349212331       0.313308716       3.45950131E-03
   2.2699999999999956        41.648004197145895        41.327542981680836       0.316962719       3.49849439E-03
   2.2799999999999954        42.164850666271860        41.840654230820832       0.320658505       3.53792193E-03
   2.2899999999999952        42.687879229725468        42.359904863578556       0.324396580       3.57778859E-03
   2.2999999999999949        43.217161945147410        42.885366456374555       0.328177392       3.61809926E-03
   2.3099999999999947        43.752771694133003        43.417111404224734       0.332001418       3.65885883E-03
   2.3199999999999945        44.294782191516390        43.955212929966613       0.335869193       3.70007218E-03
   2.3299999999999943        44.843267994756957        44.499745093585261       0.339781165       3.74174444E-03
   2.3399999999999941        45.398304513430332        45.050782801643834       0.343737841       3.78388050E-03
   2.3499999999999939        45.959968018826373        45.608401816820923       0.347739726       3.82648571E-03
   2.3599999999999937        46.528335653653016        46.172678767552526       0.351787329       3.86956497E-03
   2.3699999999999934        47.103485441847511        46.743691157780695       0.355881155       3.91312363E-03
   2.3799999999999932        47.685496298497867        47.321517376812103       0.360021740       3.95716727E-03
   2.3899999999999930        48.274448039875040        47.906236709286425       0.364209622       4.00170079E-03
   2.3999999999999928        48.870421393574929        48.497929345253453       0.368445307       4.04672977E-03
   2.4099999999999926        49.473498008775664        49.096676390366035       0.372729361       4.09225933E-03
   2.4199999999999924        50.083760466606918        49.702559876182512       0.377062291       4.13829554E-03
   2.4299999999999922        50.701292290635479        50.315662770586755       0.381444663       4.18484397E-03
   2.4399999999999920        51.326177957467849        50.936068988321949       0.385877073       4.23190976E-03
   2.4499999999999917        51.958502907469608        51.563863401643687       0.390359998       4.27949894E-03
   2.4599999999999915        52.598353555605684        52.199131851089930       0.394894093       4.32761712E-03
   2.4699999999999913        53.245817302398564        52.841961156369784       0.399479866       4.37627034E-03
   2.4799999999999911        53.900982545011459        53.492439127377679       0.404117942       4.42546466E-03
   2.4899999999999909        54.563938688452652        54.150654575325255       0.408808917       4.47520567E-03
   2.4999999999999907        55.234776156904218        54.816697323997921       0.413553327       4.52549895E-03
   2.5099999999999905        55.913586405178251        55.490658221139832       0.418351829       4.57635196E-03
   2.5199999999999902        56.600461930299218        56.172629149961928       0.423205018       4.62776935E-03
   2.5299999999999900        57.295496283215073        56.862703040778619       0.428113490       4.67975810E-03
   2.5399999999999898        57.998784080638643        57.560973882774526       0.433077872       4.73232474E-03
   2.5499999999999896        58.710421017021531        58.267536735902013       0.438098818       4.78547532E-03
   2.5599999999999894        59.430503876658520        58.982487742909200       0.443176925       4.83921589E-03
   2.5699999999999892        60.159130545930168        59.705924141505612       0.448312849       4.89355344E-03
   2.5799999999999890        60.896400025677963        60.437944276657241       0.453507245       4.94849449E-03
   2.5899999999999888        61.642412443718115        61.178647613022882       0.458760798       5.00404555E-03
   2.5999999999999885        62.397269067495301        61.928134747525711       0.464074105       5.06021362E-03
   2.6099999999999883        63.161072316875618        62.686507422068040       0.469447881       5.11700474E-03
   2.6199999999999881        63.933925777082209        63.453868536382288       0.474882811       5.17442683E-03
   2.6299999999999879        64.715934211773970        64.230322161028596       0.480379552       5.23248594E-03
   2.6399999999999877        65.507203576270399        65.015973550535094       0.485938847       5.29118953E-03
   2.6499999999999875        66.307841030921679        65.810929156683940       0.491561323       5.35054412E-03
   2.6599999999999873        67.117954954629397        66.615296641945974       0.497247756       5.41055808E-03
   2.6699999999999871        67.937654958514770        67.429184893063095       0.502998829       5.47123747E-03
   2.6799999999999868        68.767051899740238        68.252704034781644       0.508815289       5.53258974E-03
   2.6899999999999866        69.606257895484873        69.085965443740804       0.514697850       5.59462328E-03
   2.6999999999999864        70.455386337071388        69.929081762508360       0.520647228       5.65734459E-03
   2.7099999999999862        71.314551904255893        70.782166913782405       0.526664257       5.72076114E-03
   2.7199999999999860        72.183870579669360        71.645336114738441       0.532749593       5.78488130E-03
   2.7299999999999858        73.063459663424453        72.518705891547754       0.538904071       5.84971253E-03
   2.7399999999999856        73.953437787882081        73.402394094047679       0.545128405       5.91526274E-03
   2.7499999999999853        74.853924932581208        74.296519910578297       0.551423490       5.98153938E-03
   2.7599999999999851        75.765042439336185        75.201203882984089       0.557789981       6.04855083E-03
   2.7699999999999849        76.686913027499656        76.116567921780884       0.564228773       6.11630501E-03
   2.7799999999999847        77.619660809395839        77.042735321491136       0.570740700       6.18481031E-03
   2.7899999999999845        78.563411305922273        77.979830776147608       0.577326477       6.25407463E-03
   2.7999999999999843        79.518291462330467        78.927980394974654       0.583986938       6.32410636E-03
   2.8099999999999841        80.484429664174058        79.887311718235154       0.590723038       6.39491435E-03
   2.8199999999999839        81.461955753438247        80.857953733257702       0.597535491       6.46650651E-03
   2.8299999999999836        82.451001044847203        81.840036890643418       0.604425251       6.53889170E-03
   2.8399999999999834        83.451698342351278        82.833693120646089       0.611393154       6.61207922E-03
   2.8499999999999832        84.464181955798949        83.839055849741655       0.618440032       6.68607699E-03
   2.8599999999999830        85.488587717788619        84.856260017372122       0.625566781       6.76089432E-03
   2.8699999999999828        86.525053000714479        85.885442092884617       0.632774353       6.83654053E-03
   2.8799999999999826        87.573716733993479        86.926740092649439       0.640063643       6.91302400E-03
   2.8899999999999824        88.634719421488398        87.980293597374214       0.647435486       6.99035404E-03
   2.8999999999999821        89.708203159122036        89.046243769605738       0.654890835       7.06854044E-03
   2.9099999999999819        90.794311652685110        90.124733371426728       0.662430704       7.14759249E-03
   2.9199999999999817        91.893190235844713        91.215906782350586       0.670055926       7.22751953E-03
   2.9299999999999815        93.004985888348187        92.319910017410692       0.677767515       7.30833132E-03
   2.9399999999999813        94.129847254431070        93.436890745452104       0.685566485       7.39003718E-03
   2.9499999999999811        95.267924661428310        94.566998307626704       0.693453729       7.47264689E-03
   2.9599999999999809        96.419370138590352        95.710383736087934       0.701430202       7.55617116E-03
   2.9699999999999807        97.584337436110104        96.867199772903405       0.709497035       7.64061930E-03
   2.9799999999999804        98.762982044356022        98.037600889160998       0.717655182       7.72600155E-03
   2.9899999999999802        99.955461213322451        99.221743304300858       0.725905597       7.81232864E-03
   2.9999999999999800        101.16193397229256        100.41978500565256       0.734249353       7.89961033E-03
   3.0099999999999798        102.38256114971875        101.63188576819232       0.742687523       7.98785686E-03
   3.0199999999999796        103.61750539332650        102.85820717451837       0.751221120       8.07708036E-03
   3.0299999999999794        104.86693119043355        104.09891263504392       0.759851277       8.16728920E-03
   3.0399999999999792        106.13100488850159        105.35416740842039       0.768579006       8.25849641E-03
   3.0499999999999790        107.40989471590933        106.62413862217603       0.777405381       8.35071132E-03
   3.0599999999999787        108.70377080295884        107.90899529359525       0.786331534       8.44394602E-03
   3.0699999999999785        110.01280520311195        109.20890835081894       0.795358658       8.53821170E-03
   3.0799999999999783        111.33717191446271        110.52405065418209       0.804487765       8.63351859E-03
   3.0899999999999781        112.67704690144592        111.85459701778575       0.813719988       8.72987881E-03
   3.0999999999999779        114.03260811678854        113.20072423131239       0.823056579       8.82730447E-03
   3.1099999999999777        115.40403552369833        114.56261108207438       0.832498610       8.92580580E-03
   3.1199999999999775        116.79151111830424        115.94043837731135       0.842047334       9.02539585E-03
   3.1299999999999772        118.19521895233856        117.33438896673333       0.851703882       9.12608579E-03
   3.1399999999999770        119.61534515607502        118.74464776531261       0.861469507       9.22788866E-03
   3.1499999999999768        121.05207796151672        120.17140177632791       0.871345341       9.33081564E-03
   3.1599999999999766        122.50560772584106        121.61484011466105       0.881332755       9.43487976E-03
   3.1699999999999764        123.97612695510372        123.07515403035170       0.891432822       9.54009220E-03
   3.1799999999999762        125.46383032820552        124.55253693241544       0.901646912       9.64646693E-03
   3.1899999999999760        126.96891472112372        126.04718441292285       0.911976278       9.75401700E-03
   3.1999999999999758        128.49157923140797        127.55929427134068       0.922422230       9.86275356E-03
   3.2099999999999755        130.03202520295156        129.08906653914929       0.932985961       9.97269060E-03
   3.2199999999999753        131.59045625103147        130.63670350472523       0.943668902       1.00838421E-02
   3.2299999999999751        133.16707828762787        132.20240973850153       0.954472303       1.01962192E-02
   3.2399999999999749        134.76209954702449        133.78639211840834       0.965397596       1.03098378E-02
   3.2499999999999747        136.37573061168416        135.38885985558693       0.976446033       1.04247099E-02
   3.2599999999999745        138.00818443842024        137.01002452039506       0.987619042       1.05408495E-02
   3.2699999999999743        139.65967638485074        138.65010006869809       0.998918056       1.06582707E-02
   3.2799999999999740        141.33042423614279        140.30930286844489        1.01034439       1.07769873E-02
   3.2899999999999738        143.02064823205694        141.98785172654223        1.02189946       1.08970134E-02
   3.2999999999999736        144.73057109428737        143.68596791602499        1.03358483       1.10183638E-02
   3.3099999999999734        146.46041805410414        145.40387520352363        1.04540181       1.11410525E-02
   3.3199999999999732        148.21041688030050        147.14179987703906        1.05735195       1.12650944E-02
   3.3299999999999730        149.98079790744805        148.89997077402032        1.06943667       1.13905044E-02
   3.3399999999999728        151.77179406446180        150.67861930974809        1.08165741       1.15172975E-02
   3.3499999999999726        153.58364090348732        152.47797950604601        1.09401596       1.16454884E-02
   3.3599999999999723        155.41657662909483        154.29828802028953        1.10651350       1.17750922E-02
   3.3699999999999721        157.27084212780892        156.13978417475008        1.11915183       1.19061256E-02
   3.3799999999999719        159.14668099794767        158.00270998624902        1.13193238       1.20386034E-02
   3.3899999999999717        161.04433957980837        159.88731019615557        1.14485681       1.21725416E-02
   3.3999999999999715        162.96406698617443        161.79383230070198        1.15792668       1.23079550E-02
   3.4099999999999713        164.90611513315707        163.72252658163185        1.17114365       1.24448622E-02
   3.4199999999999711        166.87073877138755        165.67364613719792        1.18450940       1.25832772E-02
   3.4299999999999708        168.85819551754344        167.64744691349287        1.19802535       1.27232168E-02
   3.4399999999999706        170.86874588622845        169.64418773612951        1.21169341       1.28646996E-02
   3.4499999999999704        172.90265332219565        171.66413034225897        1.22551525       1.30077405E-02
   3.4599999999999702        174.96018423293867        173.70753941296553        1.23949242       1.31523572E-02
   3.4699999999999700        177.04160802162710        175.77468260599005        1.25362682       1.32985665E-02
   3.4799999999999698        179.14719712041619        177.86583058883639        1.26792014       1.34463869E-02
   3.4899999999999696        181.27722702411825        179.98125707222769        1.28237414       1.35958353E-02
   3.4999999999999694        183.43197632424426        182.12123884394168        1.29699051       1.37469284E-02
   3.5099999999999691        185.61172674342515        184.28605580301186        1.31177127       1.38996867E-02
   3.5199999999999689        187.81676317020424        186.47599099430704        1.32671809       1.40541261E-02
   3.5299999999999687        190.04737369422264        188.69133064349236        1.34183276       1.42102661E-02
   3.5399999999999685        192.30384964178279        190.93236419237590        1.35711730       1.43681252E-02
   3.5499999999999683        194.58648561181258        193.19938433464975        1.37257361       1.45277213E-02
   3.5599999999999681        196.89557951221354        195.49268705200265        1.38820338       1.46890748E-02
   3.5699999999999679        199.23143259662220        197.81257165066253        1.40400875       1.48522034E-02
   3.5799999999999677        201.59434950156901        200.15934079831763        1.41999161       1.50171285E-02
   3.5899999999999674        203.98463828404351        202.53330056145106        1.43615389       1.51838679E-02
   3.5999999999999672        206.40261045948000        204.93476044308659        1.45249760       1.53524419E-02
   3.6099999999999670        208.84858104015825        207.36403342095340        1.46902478       1.55228702E-02
   3.6199999999999668        211.32286857402437        209.82143598606254        1.48573744       1.56951733E-02
   3.6299999999999666        213.82579518394300        212.30728818171596        1.50263762       1.58693735E-02
   3.6399999999999664        216.35768660737313        214.82191364293672        1.51972747       1.60454884E-02
   3.6499999999999662        218.91887223649906        217.36563963634612        1.53700900       1.62235405E-02
   3.6599999999999659        221.50968515877685        219.93879710046144        1.55448449       1.64035521E-02
   3.6699999999999657        224.13046219794592        222.54172068645212        1.57215595       1.65855419E-02
   3.6799999999999655        226.78154395548427        225.17474879933206        1.59002566       1.67695321E-02
   3.6899999999999653        229.46327485252436        227.83822363962477        1.60809565       1.69555470E-02
   3.6999999999999651        232.17600317222355        230.53249124545945        1.62636828       1.71436071E-02
   3.7099999999999649        234.92008110260440        233.25790153515064        1.64484584       1.73337348E-02
   3.7199999999999647        237.69586477986445        236.01480835023744        1.66353047       1.75259504E-02
   3.7299999999999645        240.50371433216492        238.80356949900155        1.68242455       1.77202802E-02
   3.7399999999999642        243.34399392389696        241.62454680045485        1.70153034       1.79167464E-02
   3.7499999999999640        246.21707180043336        244.47810612881617        1.72085035       1.81153715E-02
   3.7599999999999638        249.12332033338566        247.36461745848510        1.74038672       1.83161795E-02
   3.7699999999999636        252.06311606633039        250.28445490948607        1.76014197       1.85191929E-02
   3.7799999999999634        255.03683976107004        253.23799679343861        1.78011858       1.87244378E-02
   3.7899999999999632        258.04487644438541        256.22562566002301        1.80031884       1.89319383E-02
   3.7999999999999630        261.08761545529546        259.24772834394389        1.82074535       1.91417169E-02
   3.8099999999999627        264.16545049285583        262.30469601243220        1.84140062       1.93538014E-02
   3.8199999999999625        267.27877966446613        265.39692421325918        1.86228728       1.95682142E-02
   3.8299999999999623        270.42800553470852        268.52481292325507        1.88340759       1.97849814E-02
   3.8399999999999621        273.61353517473708        271.68876659741386        1.90476441       2.00041309E-02
   3.8499999999999619        276.83578021219409        274.88919421847862        1.92636025       2.02256870E-02
   3.8599999999999617        280.09515688168040        278.12650934711513        1.94819784       2.04496738E-02
   3.8699999999999615        283.39208607578212        281.40113017261336        1.97027981       2.06761211E-02
   3.8799999999999613        286.72699339665587        284.71347956415440        1.99260879       2.09050551E-02
   3.8899999999999610        290.10030920817417        288.06398512263178        2.01518750       2.11365018E-02
   3.8999999999999608        293.51246868866110        291.45307923306274        2.03801894       2.13704892E-02
   3.9099999999999606        296.96391188418102        294.88119911754274        2.06110573       2.16070451E-02
   3.9199999999999604        300.45508376243606        298.34878688881213        2.08445072       2.18461975E-02
   3.9299999999999602        303.98643426724539        301.85628960439544        2.10805678       2.20879745E-02
   3.9399999999999600        307.55841837361413        305.40415932132760        2.13192654       2.23324038E-02
   3.9499999999999598        311.17149614342497        308.99285315150820        2.15606356       2.25795154E-02
   3.9599999999999596        314.82613278172175        312.62283331762461        2.18047023       2.28293389E-02
   3.9699999999999593        318.52279869362837        316.29456720972513        2.20514965       2.30819024E-02
   3.9799999999999591        322.26196954187890        320.00852744239370        2.23010492       2.33372375E-02
   3.9899999999999589        326.04412630498337        323.76519191255261        2.25533891       2.35953741E-02
   3.9999999999999587        329.86975533603436        327.56504385790532        2.28085518       2.38563418E-02
   4.0099999999999589        333.73934842215021        331.40857191600929        2.30665636       2.41201706E-02
   4.0199999999999587        337.65340284459035        335.29627018402829        2.33274579       2.43868940E-02
   4.0299999999999585        341.61242143949949        339.22863827908424        2.35912657       2.46565416E-02
   4.0399999999999583        345.61691265934178        343.20618139932935        2.38580203       2.49291454E-02
   4.0499999999999581        349.66739063500290        347.22941038565159        2.41277552       2.52047386E-02
   4.0599999999999579        353.76437523856839        351.29884178406581        2.44005013       2.54833549E-02
   4.0699999999999577        357.90839214679636        355.41499790879931        2.46762919       2.57650241E-02
   4.0799999999999574        362.09997290528008        359.57840690605462        2.49551630       2.60497816E-02
   4.0899999999999572        366.33965499331680        363.78960281847321        2.52371454       2.63376590E-02
   4.0999999999999570        370.62798188949455        368.04912565032106        2.55222750       2.66286936E-02
   4.1099999999999568        374.96550313798343        372.35752143337044        2.58105874       2.69229170E-02
   4.1199999999999566        379.35277441556309        376.71534229351136        2.61021185       2.72203647E-02
   4.1299999999999564        383.79035759938733        381.12314651809538        2.63968992       2.75210720E-02
   4.1399999999999562        388.27882083548275        385.58149862401450        2.66949725       2.78250743E-02
   4.1499999999999559        392.81873860800260        390.09096942652405        2.69963670       2.81324070E-02
   4.1599999999999557        397.41069180924251        394.65213610882688        2.73011255       2.84431074E-02
   4.1699999999999555        402.05526781041726        399.26558229241556        2.76092839       2.87572108E-02
   4.1799999999999553        406.75306053321265        403.93189810817211        2.79208755       2.90747546E-02
   4.1899999999999551        411.50467052213435        408.65168026828775        2.82359457       2.93957759E-02
   4.1999999999999549        416.31070501762497        413.42553213891142        2.85545254       2.97203138E-02
   4.2099999999999547        421.17177803001186        418.25406381364320        2.88766575       3.00484076E-02
   4.2199999999999545        426.08851041423304        423.13789218781386        2.92023802       3.03800926E-02
   4.2299999999999542        431.06152994541299        428.07764103357505        2.95317340       3.07154097E-02
   4.2399999999999540        436.09147139523566        433.07394107580848        2.98647594       3.10543980E-02
   4.2499999999999538        441.17897660918470        438.12743006889724        3.02014947       3.13970968E-02
   4.2599999999999536        446.32469458460037        443.23875287428399        3.05419827       3.17435488E-02
   4.2699999999999534        451.52928154960773        448.40856153893236        3.08862615       3.20937932E-02
   4.2799999999999532        456.79340104290986        453.63751537460513        3.12343788       3.24478708E-02
   4.2899999999999530        462.11772399444362        458.92628103804401        3.15863705       3.28058228E-02
   4.2999999999999527        467.50292880693223        464.27553261200620        3.19422841       3.31676938E-02
   4.3099999999999525        472.94970143831415        469.68595168718821        3.23021626       3.35335247E-02
   4.3199999999999523        478.45873548508462        475.15822744505340        3.26660466       3.39033604E-02
   4.3299999999999521        484.03073226655988        480.69305674158051        3.30339837       3.42772417E-02
   4.3399999999999519        489.66640091003228        486.29114419188073        3.34060144       3.46552134E-02
   4.3499999999999517        495.36645843688530        491.95320225580627        3.37821889       3.50373201E-02
   4.3599999999999515        501.13162984964356        497.67995132443292        3.41625500       3.54236066E-02
   4.3699999999999513        506.96264821996601        503.47211980753929        3.45471430       3.58141176E-02
   4.3799999999999510        512.86025477762178        509.33044422201664        3.49360156       3.62089016E-02
   4.3899999999999508        518.82519900041279        515.25566928124226        3.53292179       3.66080031E-02
   4.3999999999999506        524.85823870508921        521.24854798543981        3.57267928       3.70114706E-02
   4.4099999999999504        530.96014013928925        527.30984171303965        3.61287904       3.74193490E-02
   4.4199999999999502        537.13167807442915        533.44032031302049        3.65352607       3.78316864E-02
   4.4299999999999500        543.37363589965571        539.64076219825677        3.69462514       3.82485352E-02
   4.4399999999999498        549.68680571680579        545.91195443990739        3.73618126       3.86699401E-02
   4.4499999999999496        556.07198843640526        552.25469286282635        3.77819967       3.90959531E-02
   4.4599999999999493        562.52999387472119        558.66978214200708        3.82068515       3.95266190E-02
   4.4699999999999491        569.06164085187265        565.15803590009784        3.86364293       3.99619974E-02
   4.4799999999999489        575.66775729101755        571.72027680598183        3.90707827       4.04021330E-02
   4.4899999999999487        582.34918031861616        578.35733667440570        3.95099664       4.08470780E-02
   4.4999999999999485        589.10675636579981        585.07005656674698        3.99540281       4.12968881E-02
   4.5099999999999483        595.94134127084089        591.85928689283776        4.04030275       4.17516120E-02
   4.5199999999999481        602.85380038274525        598.72588751392630        4.08570147       4.22113054E-02
   4.5299999999999478        609.84500866598682        605.67072784677021        4.13160467       4.26760204E-02
   4.5399999999999476        616.91585080634923        612.69468696882029        4.17801809       4.31458130E-02
   4.5499999999999474        624.06722131798051        619.79865372461802        4.22494698       4.36207391E-02
   4.5599999999999472        631.30002465157486        626.98352683332780        4.27239704       4.41008508E-02
   4.5699999999999470        638.61517530374840        634.25021499741069        4.32037401       4.45862114E-02
   4.5799999999999468        646.01359792761014        641.59963701254446        4.36888409       4.50768694E-02
   4.5899999999999466        653.49622744455155        649.03272187870834        4.41793251       4.55728881E-02
   4.5999999999999464        661.06400915722861        656.55040891248757        4.46752596       4.60743234E-02
   4.6099999999999461        668.71789886381794        664.15364786060229        4.51766968       4.65812348E-02
   4.6199999999999459        676.45886297347988        671.84339901468275        4.56837034       4.70936820E-02
   4.6299999999999457        684.28787862312129        679.62063332731702        4.61963367       4.76117246E-02
   4.6399999999999455        692.20593379538332        687.48633252928937        4.67146587       4.81354222E-02
   4.6499999999999453        700.21402743798717        695.44148924822457        4.72387314       4.86648381E-02
   4.6599999999999451        708.31316958431125        703.48710712840136        4.77686262       4.92000356E-02
   4.6699999999999449        716.50438147533714        711.62420095196160        4.83043957       4.97410707E-02
   4.6799999999999446        724.78869568288883        719.85379676138803        4.88461113       5.02880141E-02
   4.6899999999999444        733.16715623425807        728.17693198336656        4.93938351       5.08409292E-02
   4.6999999999999442        741.64081873814484        736.59465555395252        4.99476337       5.13998754E-02
   4.7099999999999440        750.21075051200933        745.10802804515572        5.05075741       5.19649237E-02
   4.7199999999999438        758.87803071079179        753.71812179283449        5.10737276       5.25361337E-02
   4.7299999999999436        767.64375045704764        762.42602102607100        5.16461563       5.31135798E-02
   4.7399999999999434        776.50901297250584        771.23282199791004        5.22249365       5.36973253E-02
   4.7499999999999432        785.47493371104156        780.13963311750547        5.28101301       5.42874411E-02
   4.7599999999999429        794.54264049311314        789.14757508373702        5.34018135       5.48839942E-02
   4.7699999999999427        803.71327364170702        798.25778102033894        5.40000534       5.54870516E-02
   4.7799999999999425        812.98798611966504        807.47139661236361        5.46049261       5.60966916E-02
   4.7899999999999423        822.36794366861795        816.78958024427754        5.52165031       5.67129776E-02
   4.7999999999999421        831.85432494936413        826.21350313946402        5.58348560       5.73359877E-02
   4.8099999999999419        841.44832168381618        835.74434950132218        5.64600658       5.79657927E-02
   4.8199999999999417        851.15113879847013        845.38331665584371        5.70921946       5.86024635E-02
   4.8299999999999415        860.96399456945619        855.13161519576568        5.77313328       5.92460744E-02
   4.8399999999999412        870.88812076916383        864.99046912631786        5.83775473       5.98967075E-02
   4.8499999999999410        880.92476281447580        874.96111601253506        5.90309238       6.05544336E-02
   4.8599999999999408        891.07517991660097        885.04480712818531        5.96915340       6.12193272E-02
   4.8699999999999406        901.34064523255438        895.24280760630393        6.03594637       6.18914738E-02
   4.8799999999999404        911.72244601828788        905.55639659139433        6.10347843       6.25709444E-02
   4.8899999999999402        922.22188378348346        915.98686739328059        6.17175865       6.32578209E-02
   4.8999999999999400        932.84027444803814        926.53552764263952        6.24079466       6.39521852E-02
   4.9099999999999397        943.57894850025605        937.20369944819197        6.31059504       6.46541119E-02
   4.9199999999999395        954.43925115675665        947.99271955567144        6.38116789       6.53636977E-02
   4.9299999999999393        965.42254252414659        958.90393950849375        6.45252180       6.60810098E-02
   4.9399999999999391        976.53019776241763        969.93872581013727        6.52466583       6.68061376E-02
   4.9499999999999389        987.76360725015184        981.09846008835882        6.59760809       6.75391629E-02
   4.9599999999999387        999.12417675154757        992.38453926119257        6.67135715       6.82801828E-02
   4.9699999999999385        1010.6133275851971        1003.7983757046977        6.74592257       6.90292716E-02
   4.9799999999999383        1022.2324967947698        1015.3413974225792        6.82131290       6.97865188E-02
   4.9899999999999380        1033.9831373215329        1027.0150482176912        6.89753723       7.05520138E-02
