                    1  0.91000000000000003       0.90999996360000002        9.9999999999988987E-005
                    2  0.29811599999999994       0.29811610864671517        3.6400000014147338E-008
                    3  0.76164397598015987       0.76164413565988043        1.0864671523558300E-007
                    4  0.66081444459318850       0.66081414044025044        1.5967972055719315E-007
                    5  0.81586492045307091       0.81586527653344676        3.0415293805763355E-007
                    6  0.54683484137891769       0.54683402257283520        3.5608037585177499E-007
                    7  0.90201565138416229       0.90201593055991580        8.1880608249207398E-007
                    8  0.32171563439349044       0.32171481733680363        2.7917575351477097E-007
                    9  0.79430145332823543       0.79430039285961263        8.1705668680820409E-007
                   10  0.59472742263075407       0.59472969469614678        1.0604686228044002E-006
                   11  0.87733724406231361       0.87733567719170047        2.2720653927166268E-006
                   12  0.39172443944618701       0.39172874365454219        1.5668706131455323E-006
                   13  0.86732610687179768       0.86732949957972916        4.3042083551769750E-006
                   14  0.41886037360588763       0.41885130100816098        3.3927079314821640E-006
                   15  0.88603555414419100       0.88603019469303224        9.0725977266448155E-006
                   16  0.36755464540917809       0.36756970717834508        5.3594511587595761E-006
                   17  0.84614795009221377       0.84616247185714155        1.5061769166990757E-005
                   18  0.47386101179492818       0.47382441680302345        1.4521764927777348E-005
                   19  0.90751298199603891       0.90750601339324533        3.6594991904725926E-005
                   20  0.30551673699709370       0.30553741053597278        6.9686027935889072E-006
                   21  0.77232158789874228       0.77235085672816062        2.0673538879079079E-005
                   22  0.64006106806207963       0.64000303945555037        2.9268829418338527E-005
                   23  0.83859374585644653       0.83865290215327570        5.8028606529259008E-005
                   24  0.49268956197151637       0.49254373118191647        5.9156296829177002E-005
                   25  0.90980546928482742       0.90979763076133735        1.4583078959989892E-004
                   26  0.29869649753304223       0.29871988263351640        7.8385234900668621E-006
                   27  0.76249591561610941       0.76253018424468189        2.3385100474171416E-005
                   28  0.65918905519689175       0.65912356459205035        3.4268628572475812E-005
                   29  0.81775819472809630       0.81783407593713120        6.5490604841400568E-005
                   30  0.54246821604663409       0.54229266063041137        7.5881209034900365E-005
                   31  0.90343508027797181       0.90348924431875510        1.7555541622271686E-004
                   32  0.31755409504402743       0.31739500417745103        5.4164040783288847E-005
                   33  0.78883711002385837       0.78862571242235469        1.5909086657639460E-004
                   34  0.60632617089795859       0.60677052118842512        2.1139760150368225E-004
                   35  0.86884887319112825       0.86850420313075349        4.4435029046652197E-004
                   36  0.41477985183411142       0.41570493428088484        3.4467006037475212E-004
                   37  0.88356459590156566       0.88413540449929262        9.2508244677341755E-004
                   38  0.37447665080596187       0.37288156727700000        5.7080859772695725E-004
                   39  0.85264775525788616       0.85118089078585513        1.5950835289618714E-003
                   40  0.45732800099012944       0.46108601428654600        1.4668644720310375E-003
                   41  0.90337192582182579       0.90448795424585082        3.7580132964165625E-003
                   42  0.31773956563000100       0.31445776132682363        1.1160284240250284E-003
                   43  0.78908332799026371       0.78468964271205177        3.2818043031773714E-003
                   44  0.60580821930018802       0.61498457869024292        4.3936852782119340E-003
                   45  0.86924881945182486       0.86187390985487555        9.1763593900549001E-003
                   46  0.41370532597369847       0.43333207505349730        7.3749095969493084E-003
                   47  0.88289375441428752       0.89382161153131212        1.9626749079798833E-002
                   48  0.37634823710313386       0.34545251937880428        1.0927857117024597E-002
                   49  0.85434527917828973       0.82305887749045381        3.0895717724329586E-002
                   50  0.45295950017157804       0.53010398049557306        3.1286401687835919E-002
                   51  0.90194537660824781       0.90670125130429269        7.7144480323995013E-002
                   52  0.32192128777264400       0.30792249556258217        4.7558746960448817E-003
                   53  0.79456821899526542       0.77570668553230127        1.3998792210061839E-002
                   54  0.59415561426296470       0.63330839773216563        1.8861533462964153E-002
                   55  0.87773038190206021       0.84531309078246131        3.9152783469200925E-002
                   56  0.39064392126077047       0.47596228437671967        3.2417291119598901E-002
                   57  0.86647014287571722       0.90789676514851603        8.5318363115949203E-002
                   58  0.42114666914557114       0.30437763349220998        4.1426622272798808E-002
                   59  0.88736703405590955       0.77070407858768641       0.11676903565336116     
                   60  0.36380628257328923       0.64325825868300990       0.11666295546822314     
                   61  0.84248262765391535       0.83529653960156713       0.27945197610972067     
                   62  0.48304856510918126       0.50077747913362158        7.1860880523482162E-003
                   63  0.90895404183271811       0.90999779971535633        1.7728914024440323E-002
                   64  0.30123399367400777       0.29812256739198228        1.0437578826382188E-003
                   65  0.76619115201434485       0.76165362802108683        3.1114262820254868E-003
                   66  0.65207786494496456       0.66079605935398600        4.5375239932580191E-003
                   67  0.82581525569736336       0.81588644335827520        8.7181944090214403E-003
                   68  0.52359368572369669       0.54678534784495147        9.9288123390881555E-003
                   69  0.90797375029805605       0.90203251766637793        2.3191662121254786E-002
                   70  0.30414900540657147       0.32166627124935404        5.9412326316781172E-003
                   71  0.77037829201702412       0.79423737553120333        1.7517265842782570E-002
                   72  0.64389990830968291       0.59486469529945507        2.3859083514179202E-002
                   73  0.83462585165401204       0.87724251009209930        4.9035213010227841E-002
                   74  0.50241296343357078       0.39198464242906100        4.2616658438087263E-002
                   75  0.90997880649118446       0.86753096440491295       0.11042832100450978     
                   76  0.29817925675015272       0.41831240434108435        4.2447842086271503E-002
                   77  0.76173693084244842       0.88571077764429440       0.12013314759093163     
                   78  0.66063735568075843       0.36846699347288259       0.12397384680184598     
                   79  0.81607212945401231       0.84702460822593173       0.29217036220787584     
                   80  0.54635820869595819       0.47164907347972451        3.0952478771919423E-002
                   81  0.90217733601086725       0.90707425887420878        7.4709135216233680E-002
                   82  0.32124234105309524       0.30681759385372970        4.8969228633415351E-003
                   83  0.79368634569887242       0.77415723095815647        1.4424747199365540E-002
                   84  0.59604392247415439       0.63640963827661601        1.9529114740715947E-002
                   85  0.87642305643903418       0.84226837453028369        4.0365715802461621E-002
                   86  0.39423268459518834       0.48358258965888673        3.4154681908750484E-002
                   87  0.86928032097109509       0.90901890584119693        8.9349905063698387E-002
                   88  0.41362064213828537       0.30104086617867110        3.9738584870101845E-002
                   89  0.88284052778884814       0.76591155757140228       0.11257977595961427     
                   90  0.37649659422777654       0.65261939852182094       0.11692897021744586     
                   91  0.85447874789608802       0.82521464186920890       0.27612280429404440     
                   92  0.45261513493567890       0.52501698963853127        2.9264106026879122E-002
                   93  0.90182701540872345       0.90772190683510923        7.2401854702852375E-002
                   94  0.32226758086329182       0.30489676193974274        5.8948914263857732E-003
                   95  0.79501672136364121       0.77144240445418555        1.7370818923549081E-002
                   96  0.59319308818168559       0.64180123667343447        2.3574316909455661E-002
                   97  0.87838677586718439       0.83680836977150008        4.8608148491748882E-002
                   98  0.38883735016976728       0.49707884426878668        4.1578406095684306E-002
                   99  0.86502002962910474       0.90996893933106615       0.10824149409901940     
                  100  0.42500777580922572       0.29820870637288860        4.4948909701961415E-002
                  101  0.88952924537175126       0.76178019669132080       0.12679906943633712     
                  102  0.35769175988041496       0.66055490817772233       0.12774904868043047     
                  103  0.83628404785040211       0.81616852211455715       0.30286314829730737     
                  104  0.49836346254730840       0.54613637487098432        2.0115525735844964E-002
                  105  0.90999025115240417       0.90225202308610097        4.7772912323675920E-002
                  106  0.29814509801435835       0.32102364812022555        7.7382280663031988E-003
                  107  0.76168673870149606       0.79340157430281810        2.2878550105867201E-002
                  108  0.66073298486750076       0.59665247895572560        3.1714835601322044E-002
                  109  0.81596026357512497       0.87599620585463533        6.4080505911775165E-002
                  110  0.54661556710319681       0.39540174558582408        6.0035942279510368E-002
                  111  0.90209023960927637       0.87017550683156664       0.15121382151737273     
                  112  0.32149731872787518       0.41121114267685371        3.1914732777709731E-002
                  113  0.79401792571433050       0.88130420128751008        8.9713823948978533E-002
                  114  0.59533459206545847       0.38076986613299812        8.7286275573179584E-002
                  115  0.87691718862279389       0.85825439764812683       0.21456472593246034     
                  116  0.39287769583130877       0.44281978309943126        1.8662790974667054E-002
                  117  0.86823031549650909       0.89809873897454229        4.9942087268122493E-002
                  118  0.41643942248760263       0.33312331425784047        2.9868423478033201E-002
                  119  0.88458417278429247       0.80863390519079370        8.3316108229762154E-002
