   1.0000000000000000E-002  -2.9238122075886115     
   1.1000000047497452E-002  -2.8372387903442191     
   1.2000000094994903E-002  -2.7582034529768498     
   1.3000000142492354E-002  -2.6854979907411112     
   1.4000000189989805E-002  -2.6181832469976314     
   1.5000000237487257E-002  -2.5555147200091994     
   1.6000000284984710E-002  -2.4968922281782602     
   1.7000000332482161E-002  -2.4418248617755069     
   1.8000000379979612E-002  -2.3899059677943089     
   1.9000000427477064E-002  -2.3407949072123166     
   2.0000000474974515E-002  -2.2942034970082879     
   2.1000000522471966E-002  -2.2498857635271907     
   2.2000000569969418E-002  -2.2076300817250361     
   2.3000000617466869E-002  -2.1672530632039573     
   2.4000000664964320E-002  -2.1285947459920713     
   2.5000000712461772E-002  -2.0915147669172613     
   2.6000000759959223E-002  -2.0558892851395028     
   2.7000000807456674E-002  -2.0216084866074815     
   2.8000000854954125E-002  -1.9885745425820287     
   2.9000000902451577E-002  -1.9566999265560654     
   3.0000000949949028E-002  -1.9259060166222388     
   3.1000000997446479E-002  -1.8961219270952261     
   3.2000001044943931E-002  -1.8672835256927269     
   3.3000001092441382E-002  -1.8393326019971785     
   3.4000001139938833E-002  -1.8122161600876430     
   3.5000001187436285E-002  -1.7858858137353117     
   3.6000001234933736E-002  -1.7602972668192536     
   3.7000001282431187E-002  -1.7354098649468657     
   3.8000001329928638E-002  -1.7111862068810246     
   3.9000001377426090E-002  -1.6875918064495863     
   4.0000001424923541E-002  -1.6645947972657209     
   4.1000001472420992E-002  -1.6421656739145061     
   4.2000001519918444E-002  -1.6202770643314561     
   4.3000001567415895E-002  -1.5989035289679483     
   4.4000001614913346E-002  -1.5780213830475787     
   4.5000001662410798E-002  -1.5576085387990659     
   4.6000001709908249E-002  -1.5376443650306686     
   4.7000001757405700E-002  -1.5181095618077871     
   4.8000001804903152E-002  -1.4989860483255220     
   4.9000001852400603E-002  -1.4802568623433607     
   5.0000001899898054E-002  -1.4619060697801673     
   5.1000001947395505E-002  -1.4439186832620237     
   5.2000001994892957E-002  -1.4262805885796153     
   5.3000002042390408E-002  -1.4089784781510608     
   5.4000002089887859E-002  -1.3919997907042649     
   5.5000002137385311E-002  -1.3753326564940185     
   5.6000002184882762E-002  -1.3589658474553887     
   5.7000002232380213E-002  -1.3428887317689626     
   5.8000002279877665E-002  -1.3270912323776767     
   5.9000002327375116E-002  -1.3115637890497189     
   6.0000002374872567E-002  -1.2962973236299054     
   6.1000002422370019E-002  -1.2812832081633267     
   6.2000002469867470E-002  -1.2665132356109123     
   6.3000002517364928E-002  -1.2519795929080788     
   6.4000002564862379E-002  -1.2376748361450784     
   6.5000002612359831E-002  -1.2235918676715865     
   6.6000002659857282E-002  -1.2097239149492951     
   6.7000002707354733E-002  -1.1960645109947714     
   6.8000002754852185E-002  -1.1826074762711449     
   6.9000002802349636E-002  -1.1693469019018026     
   7.0000002849847087E-002  -1.1562771340918903     
   7.1000002897344539E-002  -1.1433927596548052     
   7.2000002944841990E-002  -1.1306885925510313     
   7.3000002992339441E-002  -1.1181596613553806     
   7.4000003039836892E-002  -1.1058011975770496     
   7.5000003087334344E-002  -1.0936086247636079     
   7.6000003134831795E-002  -1.0815775483267329     
   7.7000003182329246E-002  -1.0697037460330734     
   7.8000003229826698E-002  -1.0579831591087079     
   7.9000003277324149E-002  -1.0464118839103174     
   8.0000003324821600E-002  -1.0349861641202962     
   8.1000003372319052E-002  -1.0237023834268146     
   8.2000003419816503E-002  -1.0125570586530235     
   8.3000003467313954E-002  -1.0015468333027937     
   8.4000003514811405E-002 -0.99066847149314041     
   8.5000003562308857E-002 -0.97991885224572250     
   8.6000003609806308E-002 -0.96929496411235139     
   8.7000003657303759E-002 -0.95879390011130639     
   8.8000003704801211E-002 -0.94841285295315281     
   8.9000003752298662E-002 -0.93814911053640937     
   9.0000003799796113E-002 -0.92800005169503696     
   9.1000003847293565E-002 -0.91796314218105357     
   9.2000003894791016E-002 -0.90803593086681034     
   9.3000003942288467E-002 -0.89821604615276451     
   9.4000003989785919E-002 -0.88850119256752147     
   9.5000004037283370E-002 -0.87888914754796543     
   9.6000004084780821E-002 -0.86937775838818721     
   9.7000004132278272E-002 -0.85996493934671914     
   9.8000004179775724E-002 -0.85064866890232171     
   9.9000004227273175E-002 -0.84142698714931952     
  0.10000000427477063      -0.83229799332410170     
  0.10100000432226808      -0.82325984345489445     
  0.10200000436976553      -0.81431074812764570     
  0.10300000441726298      -0.80544897036111274     
  0.10400000446476043      -0.79667282358497371     
  0.10500000451225788      -0.78798066971495462     
  0.10600000455975533      -0.77937091731953378     
  0.10700000460725279      -0.77084201987307976     
  0.10800000465475024      -0.76239247409058442     
  0.10900000470224769      -0.75402081833955381     
  0.11000000474974514      -0.74572563112479928     
  0.11100000479724259      -0.73750552964223193     
  0.11200000484474004      -0.72935916839796111     
  0.11300000489223749      -0.72128523788923138     
  0.11400000493973494      -0.71328246334396050     
  0.11500000498723240      -0.70534960351585607     
  0.11600000503472985      -0.69748544953221625     
  0.11700000508222730      -0.68968882379175778     
  0.11800000512972475      -0.68195857890997313     
  0.11900000517722220      -0.67429359670957123     
  0.12000000522471965      -0.66669278725385639     
  0.12100000527221710      -0.65915508792088440     
  0.12200000531971456      -0.65167946251646913     
  0.12300000536721201      -0.64426490042414042     
  0.12400000541470946      -0.63691041579030894     
  0.12500000546220691      -0.62961504674301361     
  0.12600000550970436      -0.62237785464265549     
  0.12700000555720181      -0.61519792336328238     
  0.12800000560469926      -0.60807435860301029     
  0.12900000565219671      -0.60100628722230343     
  0.13000000569969417      -0.59399285660886503     
  0.13100000574719162      -0.58703323406796126     
  0.13200000579468907      -0.58012660623712597     
  0.13300000584218652      -0.57327217852414569     
  0.13400000588968397      -0.56646917456739843     
  0.13500000593718142      -0.55971683571761011     
  0.13600000598467887      -0.55301442054014682     
  0.13700000603217632      -0.54636120433700575     
  0.13800000607967378      -0.53975647868778165     
  0.13900000612717123      -0.53319955100882233     
  0.14000000617466868      -0.52668974412991654     
  0.14100000622216613      -0.52022639588784569     
  0.14200000626966358      -0.51380885873620152     
  0.14300000631716103      -0.50743649937088253     
  0.14400000636465848      -0.50110869837076322     
  0.14500000641215594      -0.49482484985295144     
  0.14600000645965339      -0.48858436114227238     
  0.14700000650715084      -0.48238665245442081     
  0.14800000655464829      -0.47623115659245885     
  0.14900000660214574      -0.47011731865621059     
  0.15000000664964319      -0.46404459576423701     
  0.15100000669714064      -0.45801245678804886     
  0.15200000674463809      -0.45202038209825002     
  0.15300000679213555      -0.44606786332233511     
  0.15400000683963300      -0.44015440311390691     
  0.15500000688713045      -0.43427951493306810     
  0.15600000693462790      -0.42844272283780965     
  0.15700000698212535      -0.42264356128619607     
  0.15800000702962280      -0.41688157494922884     
  0.15900000707712025      -0.41115631853425072     
  0.16000000712461770      -0.40546735661879435     
  0.16100000717211516      -0.39981426349481514     
  0.16200000721961261      -0.39419662302326186     
  0.16300000726711006      -0.38861402849897997     
  0.16400000731460751      -0.38306608252594254     
  0.16500000736210496      -0.37755239690290920     
  0.16600000740960241      -0.37207259251951535     
  0.16700000745709986      -0.36662629926298912     
  0.16800000750459732      -0.36121315593558695     
  0.16900000755209477      -0.35583281018295915     
  0.17000000759959222      -0.35048491843367624     
  0.17100000764708967      -0.34516914585019332     
  0.17200000769458712      -0.33988516629156307     
  0.17300000774208457      -0.33463266228826116     
  0.17400000778958202      -0.32941132502959392     
  0.17500000783707947      -0.32422085436411496     
  0.17600000788457693      -0.31906095881366014     
  0.17700000793207438      -0.31393135560158791     
  0.17800000797957183      -0.30883177069595730     
  0.17900000802706928      -0.30376193886841402     
  0.18000000807456673      -0.29872160376969475     
  0.18100000812206418      -0.29371051802272624     
  0.18200000816956163      -0.28872844333445419     
  0.18300000821705908      -0.28377515062763009     
  0.18400000826455654      -0.27885042019396455     
  0.18500000831205399      -0.27395404187020245     
  0.18600000835955144      -0.26908581523885916     
  0.18700000840704889      -0.26424554985557924     
  0.18800000845454634      -0.25943306550529355     
  0.18900000850204379      -0.25464819248962939     
  0.19000000854954124      -0.24989077194831677     
  0.19100000859703870      -0.24516065621767666     
  0.19200000864453615      -0.24045770922965742     
  0.19300000869203360      -0.23578180695532100     
  0.19400000873953105      -0.23113283789718139     
  0.19500000878702850      -0.22651070363536438     
  0.19600000883452595      -0.22191531943320925     
  0.19700000888202340      -0.21734661490868523     
  0.19800000892952085      -0.21280453477885558     
  0.19900000897701831      -0.20828903968562545     
  0.20000000902451576      -0.20380010711215787     
  0.20100000907201321      -0.19933773240069191     
  0.20200000911951066      -0.19490192988405680     
  0.20300000916700811      -0.19049273414500567     
  0.20400000921450556      -0.18611020141963203     
  0.20500000926200301      -0.18175441116365568     
  0.20600000930950046      -0.17742546780333354     
  0.20700000935699792      -0.17312350269627028     
  0.20800000940449537      -0.16884867633158665     
  0.20900000945199282      -0.16460118080388828     
  0.21000000949949027      -0.16038124260144695     
  0.21100000954698772      -0.15618912575618163     
  0.21200000959448517      -0.15202513541168114     
  0.21300000964198262      -0.14788962187599997     
  0.21400000968948008      -0.14378298523872005     
  0.21500000973697753      -0.13970568064735575     
  0.21600000978447498      -0.13565822435730937     
  0.21700000983197243      -0.13164120069313237     
  0.21800000987946988      -0.12765527008797020     
  0.21900000992696733      -0.12370117840420020     
  0.22000000997446478      -0.11977976778323467     
  0.22100001002196223      -0.11589198932856701     
  0.22200001006945969      -0.11203891799625083     
  0.22300001011695714      -0.10822177015467813     
  0.22400001016445459      -0.10444192438507638     
  0.22500001021195204      -0.10070094623066439     
  0.22600001025944949       -9.7000617771659317E-002
  0.22700001030694694       -9.3342973111397359E-002
  0.22800001035444439       -8.9730341111267167E-002
  0.22900001040194184       -8.6165397012380573E-002
  0.23000001044943930       -8.2651224928225381E-002
  0.23100001049693675       -7.9191393573081054E-002
  0.23200001054443420       -7.5790047975339378E-002
  0.23300001059193165       -7.2452020251073876E-002
  0.23400001063942910       -6.9182962668164108E-002
  0.23500001068692655       -6.5989506023421976E-002
  0.23600001073442400       -6.2879445479375420E-002
  0.23700001078192146       -5.9861954006798390E-002
  0.23800001082941891       -5.6947819817932739E-002
  0.23900001087691636       -5.4149697854025569E-002
  0.24000001092441381       -5.1482355662347434E-002
  0.24100001097191126       -4.8962880277321395E-002
  0.24200001101940871       -4.6610795296325683E-002
  0.24300001106690616       -4.4448018347715577E-002
  0.24400001111440361       -4.2498573751084810E-002
  0.24500001116190107       -4.0787972352287580E-002
  0.24600001120939852       -3.9342192234332024E-002
  0.24700001125689597       -3.8186251106267104E-002
  0.24800001130439342       -3.7342455450749483E-002
  0.24900001135189087       -3.6828526507260539E-002
  0.25000001139938832       -3.6655900804531120E-002
  0.25100001144688577       -3.6828534363546765E-002
  0.25200001149438322       -3.7342470984613386E-002
  0.25300001154188068       -3.8186273979584108E-002
  0.25400001158937813       -3.9342221983767356E-002
  0.25500001163687558       -4.0788008431290872E-002
  0.25600001168437303       -4.2498615572188897E-002
  0.25700001173187048       -4.4448065319306146E-002
  0.25800001177936793       -4.6610846850652955E-002
  0.25900001182686538       -4.8962935889015242E-002
  0.26000001187436284       -5.1482414858446006E-002
  0.26100001192186029       -5.4149760217392311E-002
  0.26200001196935774       -5.6947884986106999E-002
  0.26300001201685519       -5.9862021668072737E-002
  0.26400001206435264       -6.2879515367477198E-002
  0.26500001211185009       -6.5989577911745867E-002
  0.26600001215934754       -6.9183036364145356E-002
  0.26700001220684499       -7.2452095591025320E-002
  0.26800001225434245       -7.5790124819894694E-002
  0.26900001230183990       -7.9191471803276486E-002
  0.27000001234933735       -8.2651304442187976E-002
  0.27100001239683480       -8.6165477722560849E-002
  0.27200001244433225       -8.9730422942142909E-002
  0.27300001249182970       -9.3343055997576307E-002
  0.27400001253932715       -9.7000701656312860E-002
  0.27500001258682460      -0.10070103106423556     
  0.27600001263432206      -0.10444201012421046     
  0.27700001268181951      -0.10822185676133704     
  0.27800001272931696      -0.11203900543697584     
  0.27900001277681441      -0.11589207757386330     
  0.28000001282431186      -0.11977985680705500     
  0.28100001287180931      -0.12370126818351003     
  0.28200001291930676      -0.12765536060237967     
  0.28300001296680422      -0.13164129192458368     
  0.28400001301430167      -0.13565831628980984     
  0.28500001306179912      -0.13970577326674868     
  0.28600001310929657      -0.14378307853248801     
  0.28700001315679402      -0.14788971583309410     
  0.28800001320429147      -0.15202523002237356     
  0.28900001325178892      -0.15618922101193722     
  0.29000001329928637      -0.16038133849481023     
  0.29100001334678383      -0.16460127732838539     
  0.29200001339428128      -0.16884877348163879     
  0.29300001344177873      -0.17312360046711719     
  0.29400001348927618      -0.17742556619096586     
  0.29500001353677363      -0.18175451016475533     
  0.29600001358427108      -0.18611030103151924     
  0.29700001363176853      -0.19049283436559131     
  0.29800001367926598      -0.19490203071180026     
  0.29900001372676344      -0.19933783383456338     
  0.30000001377426089      -0.20380020915160510     
  0.30100001382175834      -0.20828914233054271     
  0.30200001386925579      -0.21280463802955657     
  0.30300001391675324      -0.21734671876587891     
  0.30400001396425069      -0.22191542389797803     
  0.30500001401174814      -0.22651080870914342     
  0.30600001405924560      -0.23113294358174186     
  0.30700001410674305      -0.23578191325275311     
  0.30800001415424050      -0.24045781614235634     
  0.30900001420173795      -0.24516076374832910     
  0.31000001424923540      -0.24989088009988941     
  0.31100001429673285      -0.25464830126535837     
  0.31200001434423030      -0.25943317490867451     
  0.31300001439172775      -0.26424565989035864     
  0.31400001443922521      -0.26908592590902719     
  0.31500001448672266      -0.27395415317998539     
  0.31600001453422011      -0.27885053214781896     
  0.31700001458171756      -0.28377526323023711     
  0.31800001462921501      -0.28872855659071506     
  0.31900001467671246      -0.29371063193775687     
  0.32000001472420991      -0.29872171834882311     
  0.32100001477170736      -0.30376205411717794     
  0.32200001481920482      -0.30883188662009886     
  0.32300001486670227      -0.31393147220705331     
  0.32400001491419972      -0.31906107610659562     
  0.32500001496169717      -0.32422097235087027     
  0.32600001500919462      -0.32941144371671405     
  0.32700001505669207      -0.33463278168249116     
  0.32800001510418952      -0.33988528639984328     
  0.32900001515168698      -0.34516926667966413     
  0.33000001519918443      -0.35048503999167263     
  0.33100001524668188      -0.35583293247701675     
  0.33200001529417933      -0.36121327897344052     
  0.33300001534167678      -0.36662642305257231     
  0.33400001538917423      -0.37207271706895867     
  0.33500001543667168      -0.37755252222054980     
  0.33600001548416913      -0.38306620862032281     
  0.33700001553166659      -0.38861415537884286     
  0.33800001557916404      -0.39419675069756693     
  0.33900001562666149      -0.39981439197272417     
  0.34000001567415894      -0.40546748590968801     
  0.34100001572165639      -0.41115644864772455     
  0.34200001576915384      -0.41688170589509865     
  0.34300001581665129      -0.42264369307450200     
  0.34400001586414874      -0.42844285547881800     
  0.34500001591164620      -0.43427964843727518     
  0.34600001595914365      -0.44015453749204109     
  0.34700001600664110      -0.44606799858537188     
  0.34800001605413855      -0.45202051825740081     
  0.34900001610163600      -0.45801259385477944     
  0.35000001614913345      -0.46404473375026450     
  0.35100001619663090      -0.47011745757351409     
  0.35200001624412836      -0.47623129645327922     
  0.35300001629162581      -0.48238679327126943     
  0.35400001633912326      -0.48858450292793926     
  0.35500001638662071      -0.49482499262051172     
  0.35600001643411816      -0.50110884213357976     
  0.35700001648161561      -0.50743664414262113     
  0.35800001652911306      -0.51380900453082290     
  0.35900001657661051      -0.52022654271963276     
  0.36000001662410797      -0.52668989201346805     
  0.36100001667160542      -0.53319969995906480     
  0.36200001671910287      -0.53975662871997920     
  0.36300001676660032      -0.54636135546677733     
  0.36400001681409777      -0.55301457278345878     
  0.36500001686159522      -0.55971698909079848     
  0.36600001690909267      -0.56646932908716996     
  0.36700001695659012      -0.57327233420760126     
  0.36800001700408758      -0.58012676310176414     
  0.36900001705158503      -0.58703339213168726     
  0.37000001709908248      -0.59399301589000342     
  0.37100001714657993      -0.60100644773961842     
  0.37200001719407738      -0.60807452037571041     
  0.37300001724157483      -0.61519808641103713     
  0.37400001728907228      -0.62237801898561274     
  0.37500001733656974      -0.62961521240180596     
  0.37600001738406719      -0.63691058278607826     
  0.37700001743156464      -0.64426506877854495     
  0.37800001747906209      -0.65167963225171577     
  0.37900001752655954      -0.65915525905972194     
  0.38000001757405699      -0.66669295981961774     
  0.38100001762155444      -0.67429377072618057     
  0.38200001766905189      -0.68195875440195886     
  0.38300001771654935      -0.68968900078429318     
  0.38400001776404680      -0.69748562805111736     
  0.38500001781154425      -0.70534978358762690     
  0.38600001785904170      -0.71328264499580141     
  0.38700001790653915      -0.72128542114906702     
  0.38800001795403660      -0.72935935329446711     
  0.38900001800153405      -0.73750571620486216     
  0.39000001804903150      -0.74572581938381421     
  0.39100001809652896      -0.75402100832605223     
  0.39200001814402641      -0.76239266583652987     
  0.39300001819152386      -0.77084221341132708     
  0.39400001823902131      -0.77937111268387893     
  0.39500001828651876      -0.78798086694015401     
  0.39600001833401621      -0.79667302270679319     
  0.39700001838151366      -0.80544917141636330     
  0.39800001842901112      -0.81431095115421315     
  0.39900001847650857      -0.82326004849180523     
  0.40000001852400602      -0.83229820041153713     
  0.40100001857150347      -0.84142719632869967     
  0.40200001861900092      -0.85064888021631724     
  0.40300001866649837      -0.85996515283933828     
  0.40400001871399582      -0.86937797410479767     
  0.40500001876149327      -0.87888936553538188     
  0.40600001880899073      -0.88850141287404871     
  0.40700001885648818      -0.89821626882826699     
  0.40800001890398563      -0.90803615596277931     
  0.40900001895148308      -0.91796336975067971     
  0.41000001899898053      -0.92800028179327876     
  0.41100001904647798      -0.93814934322008392     
  0.41200001909397543      -0.94841308828101512     
  0.41300001914147288      -0.95879413814413705     
  0.41400001918897034      -0.96929520491305010     
  0.41500001923646779      -0.97991909587941273     
  0.41600001928396524      -0.99066871802727152     
  0.41700001933146269       -1.0015470828072506     
  0.41800001937896014       -1.0125573112002400     
  0.41900001942645759       -1.0237026390919330     
  0.42000001947395504       -1.0349864229812542     
  0.42100001952145250       -1.0464121460480156     
  0.42200001956894995       -1.0579834246071693     
  0.42300001961644740       -1.0697040149795867     
  0.42400001966394485       -1.0815778208120268     
  0.42500001971144230       -1.0936089008820555     
  0.42600001975893975       -1.1058014774268456     
  0.42700001980643720       -1.1181599450387458     
  0.42800001985393465       -1.1306888801744512     
  0.42900001990143211       -1.1433930513292754     
  0.43000001994892956       -1.1562774299331415     
  0.43100001999642701       -1.1693472020306157     
  0.43200002004392446       -1.1826077808136233     
  0.43300002009142191       -1.1960648200826682     
  0.43400002013891936       -1.2097242287203482     
  0.43500002018641681       -1.2235921862698891     
  0.43600002023391426       -1.2376751597214859     
  0.43700002028141172       -1.2519799216206298     
  0.43800002032890917       -1.2665135696252816     
  0.43900002037640662       -1.2812835476533457     
  0.44000002042390407       -1.2962976687780914     
  0.44100002047140152       -1.3115641400478746     
  0.44200002051889897       -1.3270915894275321     
  0.44300002056639642       -1.3428890950828520     
  0.44400002061389388       -1.3589662172570249     
  0.44500002066139133       -1.3753330330193243     
  0.44600002070888878       -1.3920001742022643     
  0.44700002075638623       -1.4089788688848781     
  0.44800002080388368       -1.4262809868275461     
  0.44900002085138113       -1.4439190893187368     
  0.45000002089887858       -1.4619064839580225     
  0.45100002094637603       -1.4802572849738287     
  0.45200002099387349       -1.4989864797607879     
  0.45300002104137094       -1.5181100024225309     
  0.45400002108886839       -1.5376448152239952     
  0.45500002113636584       -1.5576089989966890     
  0.45600002118386329       -1.5780218537042443     
  0.45700002123136074       -1.5989040105701213     
  0.45800002127885819       -1.6202775574003561     
  0.45900002132635565       -1.6421661790094770     
  0.46000002137385310       -1.6645953149880637     
  0.46100002142135055       -1.6875923374468718     
  0.46200002146884800       -1.7111867518519279     
  0.46300002151634545       -1.7354104246467137     
  0.46400002156384290       -1.7602978420663224     
  0.46500002161134035       -1.7858864054180144     
  0.46600002165883780       -1.8122167691727955     
  0.46700002170633526       -1.8393332295394580     
  0.46800002175383271       -1.8672841728457057     
  0.46900002180133016       -1.8961225951241132     
  0.47000002184882761       -1.9259067069187716     
  0.47100002189632506       -1.9567006406559371     
  0.47200002194382251       -1.9885752821854763     
  0.47300002199131996       -2.0216092536036592     
  0.47400002203881741       -2.0558900816355519     
  0.47500002208631487       -2.0915155952731705     
  0.47600002213381232       -2.1285956088628240     
  0.47700002218130977       -2.1672539635908445     
  0.47800002222880722       -2.2076310230386240     
  0.47900002227630467       -2.2498867496652659     
  0.48000002232380212       -2.2942045324532954     
  0.48100002237129957       -2.3407959971544652     
  0.48200002241879703       -2.3899071182888347     
  0.48300002246629448       -2.4418260799462286     
  0.48400002251379193       -2.4968935224847097     
  0.48500002256128938       -2.5555161006028095     
  0.48600002260878683       -2.6181847262051532     
  0.48700002265628428       -2.6854995837339364     
  0.48800002270378173       -2.7582051787192152     
  0.48900002275127918       -2.8372406729724160     
  0.49000002279877664       -2.9238142784798549     
  0.49100002284627409       -3.0195169817621008     
  0.49200002289377154       -3.1265035327663853     
  0.49300002294126899       -3.2477949252406084     
  0.49400002298876644       -3.3878156294265360     
  0.49500002303626389       -3.5534250815281503     
  0.49600002308376134       -3.7561148643269124     
  0.49700002313125879       -4.0174278418428315     
  0.49800002317875625       -4.3857288384623825     
  0.49900002322625370       -5.0153480978169842     
  0.50000002327375115       -14.705594491374827     
  0.50100002332124860       -5.0153058171711118     
  0.50200002336874605       -4.3857076981394068     
  0.50300002341624350       -4.0174137482941656     
  0.50400002346374095       -3.7561042941654121     
  0.50500002351123841       -3.5534166253989836     
  0.50600002355873586       -3.3878085826522155     
  0.50700002360623331       -3.2477888851483252     
  0.50800002365373076       -3.1264982476856442     
  0.50900002370122821       -3.0195122839125674     
  0.51000002374872566       -2.9238100504152627     
  0.51100002379622311       -2.8372368292773289     
  0.51200002384372056       -2.7582016553320581     
  0.51300002389121802       -2.6854963313765658     
  0.51400002393871547       -2.6181817061590178     
  0.51500002398621292       -2.5555132818930746     
  0.51600002403371037       -2.4968908799443321     
  0.51700002408120782       -2.4418235928494094     
  0.51800002412870527       -2.3899047693640645     
  0.51900002417620272       -2.3407937718573035     
  0.52000002422370017       -2.2942024184209848     
  0.52100002427119763       -2.2498847363011589     
  0.52200002431869508       -2.2076291011910691     
  0.52300002436619253       -2.1672521253018711     
  0.52400002441368998       -2.1285938471691987     
  0.52500002446118743       -2.0915139040472686     
  0.52600002450868488       -2.0558884554567713     
  0.52700002455618233       -2.0216076876536722     
  0.52800002460367979       -1.9885737721621779     
  0.52900002465117724       -1.9566991827023044     
  0.53000002469867469       -1.9259052975634368     
  0.53100002474617214       -1.8961212312316367     
  0.53200002479366959       -1.8672828515745694     
  0.53300002484116704       -1.8393319483064268     
  0.53400002488866449       -1.8122155256225256     
  0.53500002493616194       -1.7858851973970040     
  0.53600002498365940       -1.7602966676004470     
  0.53700002503115685       -1.7354092819218356     
  0.53800002507865430       -1.7111856391970259     
  0.53900002512615175       -1.6875912533193154     
  0.54000002517364920       -1.6645942579607813     
  0.54100002522114665       -1.6421651477595915     
  0.54200002526864410       -1.6202765506992354     
  0.54300002531614155       -1.5989030272745639     
  0.54400002536363901       -1.5780208927486048     
  0.54500002541113646       -1.5576080593859503     
  0.54600002545863391       -1.5376438960274796     
  0.54700002550613136       -1.5181091027683473     
  0.54800002555362881       -1.4989855988307688     
  0.54900002560112626       -1.4802564219989924     
  0.55000002564862371       -1.4619056382144855     
  0.55100002569612117       -1.4439182601239235     
  0.55200002574361862       -1.4262801735367836     
  0.55300002579111607       -1.4089780708882607     
  0.55400002583861352       -1.3919993909217430     
  0.55500002588611097       -1.3753322639060250     
  0.55600002593360842       -1.3589654617887432     
  0.55700002598110587       -1.3428883527616851     
  0.55800002602860332       -1.3270908597776871     
  0.55900002607610078       -1.3115634226135013     
  0.56000002612359823       -1.2962969631212862     
  0.56100002617109568       -1.2812828533521554     
  0.56200002621859313       -1.2665128862717854     
  0.56300002626609058       -1.2519792488190378     
  0.56400002631358803       -1.2376744970862441     
  0.56500002636108548       -1.2235915334237655     
  0.56600002640858293       -1.2097235852925192     
  0.56700002645608039       -1.1960641857067293     
  0.56800002650357784       -1.1826071551255573     
  0.56900002655107529       -1.1693465846666722     
  0.57000002659857274       -1.1562768205276095     
  0.57100002664607019       -1.1433924495121581     
  0.57200002669356764       -1.1306882855689948     
  0.57300002674106509       -1.1181593572587838     
  0.57400002678856255       -1.1058008960739933     
  0.57500002683606000       -1.0936083255426949     
  0.57600002688355745       -1.0815772510540425     
  0.57700002693105490       -1.0697034503488745     
  0.57800002697855235       -1.0579828646238432     
  0.57900002702604980       -1.0464115902023226     
  0.58000002707354725       -1.0349858707291335     
  0.58100002712104470       -1.0237020898502154     
  0.58200002716854216       -1.0125567643414182     
  0.58300002721603961       -1.0015465376538222     
  0.58400002726353706      -0.99066817384562844     
  0.58500002731103451      -0.97991855187313770     
  0.58600002735853196      -0.96929466021570942     
  0.58700002740602941      -0.95879359181142476     
  0.58800002745352686      -0.94841253928222458     
  0.58900002750102431      -0.93814879042889643     
  0.59000002754852177      -0.92799972397775288     
  0.59100002759601922      -0.91796280556240628     
  0.59200002764351667      -0.90803558392514860     
  0.59300002769101412      -0.89821568732374224     
  0.59400002773851157      -0.88850082013044451     
  0.59500002778600902      -0.87888875961098278     
  0.59600002783350647      -0.86937735287232321     
  0.59700002788100393      -0.85996451396856555     
  0.59800002792850138      -0.85064822115540528     
  0.59900002797599883      -0.84142651428396320     
  0.60000002802349628      -0.83229749232570571     
  0.60100002807099373      -0.82325931102055960     
  0.60200002811849118      -0.81431018064094696     
  0.60300002816598863      -0.80544836386499197     
  0.60400002821348608      -0.79667217375254085     
  0.60500002826098354      -0.78797997181813129     
  0.60600002830848099      -0.77937016619532362     
  0.60700002835597844      -0.77084120988737337     
  0.60800002840347589      -0.76239159909929488     
  0.60900002845097334      -0.75401987164693085     
  0.61000002849847079      -0.74572460543873453     
  0.61100002854596824      -0.73750441702637215     
  0.61200002859346569      -0.72935796022039889     
  0.61300002864096315      -0.72128392476759873     
  0.61400002868846060      -0.71328103508667295     
  0.61500002873595805      -0.70534804905926052     
  0.61600002878345550      -0.69748375687343589     
  0.61700002883095295      -0.68968697991691352     
  0.61800002887845040      -0.68195656971753382     
  0.61900002892594785      -0.67429140692853007     
  0.62000002897344531      -0.66669040035642702     
  0.62100002902094276      -0.65915248602937648     
  0.62200002906844021      -0.65167662630401202     
  0.62300002911593766      -0.64426180900887609     
  0.62400002916343511      -0.63690704662269126     
  0.62500002921093256      -0.62961137548578883     
  0.62600002925843001      -0.62237385504311327     
  0.62700002930592746      -0.61519356711732542     
  0.62800002935342492      -0.60806961521057057     
  0.62900002940092237      -0.60100112383361248     
  0.63000002944841982      -0.59398723786106045     
  0.63100002949591727      -0.58702712191146966     
  0.63200002954341472      -0.58011995975125530     
  0.63300002959091217      -0.57326495372127995     
  0.63400002963840962      -0.56646132418516459     
  0.63500002968590707      -0.55970830899832302     
  0.63600002973340453      -0.55300516299685010     
  0.63700002978090198      -0.54635115750536944     
  0.63800002982839943      -0.53974557986306326     
  0.63900002987589688      -0.53318773296708100     
  0.64000002992339433      -0.52667693483262223     
  0.64100002997089178      -0.52021251816897895     
  0.64200003001838923      -0.51379382997089917     
  0.64300003006588669      -0.50742023112463830     
  0.64400003011338414      -0.50109109602809609     
  0.64500003016088159      -0.49480581222452591     
  0.64600003020837904      -0.48856378004921658     
  0.64700003025587649      -0.48236441228871485     
  0.64800003030337394      -0.47620713385206587     
  0.64900003035087139      -0.47009138145364193     
  0.65000003039836884      -0.46401660330713784     
  0.65100003044586630      -0.45798225883032651     
  0.65200003049336375      -0.45198781836020868     
  0.65300003054086120      -0.44603276287818261     
  0.65400003058835865      -0.44011658374493223     
  0.65500003063585610      -0.43423878244469882     
  0.65600003068335355      -0.42839887033865642     
  0.65700003073085100      -0.42259636842713622     
  0.65800003077834845      -0.41683080712042647     
  0.65900003082584591      -0.41110172601794615     
  0.66000003087334336      -0.40540867369559092     
  0.66100003092084081      -0.39975120750103255     
  0.66200003096833826      -0.39412889335686135     
  0.66300003101583571      -0.38854130557138772     
  0.66400003106333316      -0.38298802665701753     
  0.66500003111083061      -0.37746864715609429     
  0.66600003115832807      -0.37198276547412845     
  0.66700003120582552      -0.36652998772040946     
  0.66800003125332297      -0.36110992755593752     
  0.66900003130082042      -0.35572220604872501     
  0.67000003134831787      -0.35036645153650031     
  0.67100003139581532      -0.34504229949688142     
  0.67200003144331277      -0.33974939242515539     
  0.67300003149081022      -0.33448737971979026     
  0.67400003153830768      -0.32925591757589867     
  0.67500003158580513      -0.32405466888686263     
  0.67600003163330258      -0.31888330315444258     
  0.67700003168080003      -0.31374149640767762     
  0.67800003172829748      -0.30862893113101647     
  0.67900003177579493      -0.30354529620211596     
  0.68000003182329238      -0.29849028683987283     
  0.68100003187078983      -0.29346360456330189     
  0.68200003191828729      -0.28846495716197246     
  0.68300003196578474      -0.28349405867882793     
  0.68400003201328219      -0.27855062940630054     
  0.68500003206077964      -0.27363439589677829     
  0.68600003210827709      -0.26874509098862154     
  0.68700003215577454      -0.26388245384906195     
  0.68800003220327199      -0.25904623003552496     
  0.68900003225076945      -0.25423617157708889     
  0.69000003229826690      -0.24945203707803554     
  0.69100003234576435      -0.24469359184569700     
  0.69200003239326180      -0.23996060804509073     
  0.69300003244075925      -0.23525286488316799     
  0.69400003248825670      -0.23057014882586982     
  0.69500003253575415      -0.22591225385162053     
  0.69600003258325160      -0.22127898174537036     
  0.69700003263074906      -0.21667014243786553     
  0.69800003267824651      -0.21208555439547064     
  0.69900003272574396      -0.20752504506661448     
  0.70000003277324141      -0.20298845139179209     
  0.70100003282073886      -0.19847562038505884     
  0.70200003286823631      -0.19398640979612400     
  0.70300003291573376      -0.18952068886349716     
  0.70400003296323121      -0.18507833917075706     
  0.70500003301072867      -0.18065925561986479     
  0.70600003305822612      -0.17626334753766804     
  0.70700003310572357      -0.17189053993435152     
  0.70800003315322102      -0.16754077493569425     
  0.70900003320071847      -0.16321401341470856     
  0.71000003324821592      -0.15891023685266373     
  0.71100003329571337      -0.15462944946484869     
  0.71200003334321083      -0.15037168063287229     
  0.71300003339070828      -0.14613698769314118     
  0.71400003343820573      -0.14192545914071414     
  0.71500003348570318      -0.13773721831946320     
  0.71600003353320063      -0.13357242768394229     
  0.71700003358069808      -0.12943129373632226     
  0.71800003362819553      -0.12531407276417852     
  0.71900003367569298      -0.12122107753310546     
  0.72000003372319044      -0.11715268512383613     
  0.72100003377068789      -0.11310934614908041     
  0.72200003381818534      -0.10909159564387223     
  0.72300003386568279      -0.10510006599921001     
  0.72400003391318024      -0.10113550240827328     
  0.72500003396067769       -9.7198781426070663E-002
  0.72600003400817514       -9.3290933419162544E-002
  0.72700003405567259       -8.9413169919584728E-002
  0.72800003410317005       -8.5566917221661778E-002
  0.72900003415066750       -8.1753858009425959E-002
  0.73000003419816495       -7.7975983431543272E-002
  0.73100003424566240       -7.4235658934021023E-002
  0.73200003429315985       -7.0535708446950077E-002
  0.73300003434065730       -6.6879523398647472E-002
  0.73400003438815475       -6.3271205809272063E-002
  0.73500003443565221       -5.9715758885838875E-002
  0.73600003448314966       -5.6219344877012849E-002
  0.73700003453064711       -5.2789639673299700E-002
  0.73800003457814456       -4.9436328655970731E-002
  0.73900003462564201       -4.6171811429570386E-002
  0.74000003467313946       -4.3012218113014547E-002
  0.74100003472063691       -3.9978890682178921E-002
  0.74200003476813436       -3.7100549452712815E-002
  0.74300003481563182       -3.4416431180439452E-002
  0.74400003486312927       -3.1980688888571730E-002
  0.74500003491062672       -2.9868113256093991E-002
  0.74600003495812417       -2.8180410977037811E-002
  0.74700003500562162       -2.7050354603080366E-002
  0.74800003505311907       -2.6638095713484442E-002
  0.74900003510061652       -2.7112048298855596E-002
  0.75000003514811397       -2.8611677189145389E-002
  0.75100003519561143       -3.1204662982407178E-002
  0.75200003524310888       -3.4864508651307448E-002
  0.75300003529060633       -3.9485343677826398E-002
  0.75400003533810378       -4.4922416302731916E-002
  0.75500003538560123       -5.1031702036153190E-002
  0.75600003543309868       -5.7692479198832108E-002
  0.75700003548059613       -6.4813317662933162E-002
  0.75800003552809359       -7.2328963678823965E-002
  0.75900003557559104       -8.0194430144585410E-002
  0.76000003562308849       -8.8379428588520978E-002
  0.76100003567058594       -9.6864092929304924E-002
  0.76200003571808339      -0.10563597561043679     
  0.76300003576558084      -0.11468801972207578     
  0.76400003581307829      -0.12401720978228886     
  0.76500003586057574      -0.13362367619715204     
  0.76600003590807320      -0.14351010038544948     
  0.76700003595557065      -0.15368132114941574     
  0.76800003600306810      -0.16414407878547457     
  0.76900003605056555      -0.17490685648765147     
  0.77000003609806300      -0.18597979323586053     
  0.77100003614556045      -0.19737465172873664     
  0.77200003619305790      -0.20910483104636740     
  0.77300003624055535      -0.22118541787332133     
  0.77400003628805281      -0.23363327305451831     
  0.77500003633555026      -0.24646715248197720     
  0.77600003638304771      -0.25970786313396665     
  0.77700003643054516      -0.27337845672530625     
  0.77800003647804261      -0.28750446504041038     
  0.77900003652554006      -0.30211418274599194     
  0.78000003657303751      -0.31723900545092587     
  0.78100003662053497      -0.33291383314225703     
  0.78200003666803242      -0.34917755205516493     
  0.78300003671552987      -0.36607361175797393     
  0.78400003676302732      -0.38365071905698395     
  0.78500003681052477      -0.40196367667283506     
  0.78600003685802222      -0.42107440310788391     
  0.78700003690551967      -0.44105318157231171     
  0.78800003695301712      -0.46198020152161007     
  0.78900003700051458      -0.48394747814776212     
  0.79000003704801203      -0.50706126588593603     
  0.79100003709550948      -0.53144512600043359     
  0.79200003714300693      -0.55724387244054518     
  0.79300003719050438      -0.58462871540434891     
  0.79400003723800183      -0.61380406651767916     
  0.79500003728549928      -0.64501669383860538     
  0.79600003733299673      -0.67856827237855866     
  0.79700003738049419      -0.71483296263445717     
  0.79800003742799164      -0.75428264579553694     
  0.79900003747548909      -0.79752420206357555     
  0.80000003752298654      -0.84535646284437471     
  0.80100003757048399      -0.89886078172114536     
  0.80200003761798144      -0.95955226466690358     
  0.80300003766547889       -1.0296480592947925     
  0.80400003771297635       -1.1125816973707521     
  0.80500003776047380       -1.2140964507923528     
  0.80600003780797125       -1.3449339063437455     
  0.80700003785546870       -1.5291134116496019     
  0.80800003790296615       -1.8425962339048352     
  0.80900003795046360       -3.7186048789931845     
  0.81000003799796105       -1.8573957622942197     
  0.81100003804545850       -1.5353946149268709     
  0.81200003809295596       -1.3478791302975228     
  0.81300003814045341       -1.2150011379911665     
  0.81400003818795086       -1.1119640544367062     
  0.81500003823544831       -1.0277672271357390     
  0.81600003828294576      -0.95655635214218671     
  0.81700003833044321      -0.89484236949474993     
  0.81800003837794066      -0.84037726358683806     
  0.81900003842543811      -0.79162738223615747     
  0.82000003847293557      -0.74749953804555702     
  0.82100003852043302      -0.70718697250687312     
  0.82200003856793047      -0.67007727332646638     
  0.82300003861542792      -0.63569455749665493     
  0.82400003866292537      -0.60366167326249143     
  0.82500003871042282      -0.57367463925880424     
  0.82600003875792027      -0.54548485445862616     
  0.82700003880541773      -0.51888640587556456     
  0.82800003885291518      -0.49370681583268544     
  0.82900003890041263      -0.46980016770344762     
  0.83000003894791008      -0.44704191239571811     
  0.83100003899540753      -0.42532488563693105     
  0.83200003904290498      -0.40455621271649661     
  0.83300003909040243      -0.38465487393010073     
  0.83400003913789988      -0.36554976896941033     
  0.83500003918539734      -0.34717816309093130     
  0.83600003923289479      -0.32948442903324593     
  0.83700003928039224      -0.31241902075586758     
  0.83800003932788969      -0.29593763101868520     
  0.83900003937538714      -0.28000049651199060     
  0.84000003942288459      -0.26457182297198545     
  0.84100003947038204      -0.24961930936853999     
  0.84200003951787949      -0.23511375546999624     
  0.84300003956537695      -0.22102874135510622     
  0.84400003961287440      -0.20734037114640894     
  0.84500003966037185      -0.19402707674399022     
  0.84600003970786930      -0.18106948103498779     
  0.84700003975536675      -0.16845032444411645     
  0.84800003980286420      -0.15615446451051504     
  0.84900003985036165      -0.14416896661828746     
  0.85000003989785911      -0.13248331713214842     
  0.85100003994535656      -0.12108981173847895     
  0.85200003999285401      -0.10998420886735215     
  0.85300004004035146       -9.9166804736562364E-002
  0.85400004008784891       -8.8644212031988176E-002
  0.85500004013534636       -7.8432372984412746E-002
  0.85600004018284381       -6.8561864109583884E-002
  0.85700004023034126       -5.9087768560258283E-002
  0.85800004027783872       -5.0109570445997259E-002
  0.85900004032533617       -4.1815932862049210E-002
  0.86000004037283362       -3.4598351146013853E-002
  0.86100004042033107       -2.9344866506146511E-002
  0.86200004046782852       -2.7943128759956977E-002
  0.86300004051532597       -3.2877813630630609E-002
  0.86400004056282342       -4.4733220735183106E-002
  0.86500004061032087       -6.1963723766353597E-002
  0.86600004065781833       -8.3352081726112567E-002
  0.86700004070531578      -0.10867836568618380     
  0.86800004075281323      -0.13841898237619904     
  0.86900004080031068      -0.17365440119399617     
  0.87000004084780813      -0.21629756661096591     
  0.87100004089530558      -0.26979127173908690     
  0.87200004094280303      -0.34104076635683866     
  0.87300004099030049      -0.44719507805413400     
  0.87400004103779794      -0.65793160537906703     
  0.87500004108529539      -0.78688184551516782     
  0.87600004113279284      -0.48677206701924053     
  0.87700004118029029      -0.36184241780373000     
  0.87800004122778774      -0.28143458918937669     
  0.87900004127528519      -0.22187240364329527     
  0.88000004132278264      -0.17444437358401518     
  0.88100004137028010      -0.13497707033685552     
  0.88200004141777755      -0.10117800648558527     
  0.88300004146527500       -7.1734375157821550E-002
  0.88400004151277245       -4.6074031741168989E-002
  0.88500004156026990       -2.4991166492510593E-002
  0.88600004160776735       -1.6924825377732045E-002
  0.88700004165526480       -4.8531724114931910E-002
  0.88800004170276226      -0.14252668909591112     
  0.88900004175025971      -0.21172432198333158     
  0.89000004179775716       -6.1878246979233158E-002
  0.89100004184525461       -1.1796924548694495E-002
  0.89200004189275206       -2.6457880335976954E-002
  0.89300004194024951        6.3205108245386318E-002
  0.89400004198774696        9.7423365497363898E-002
  0.89500004203524441       0.11458448473282772     
  0.89600004208274187       0.11642114057628176     
  0.89700004213023932       0.12052583163400798     
  0.89800004217773677       0.15408799789762093     
  0.89900004222523422       0.16013990954498195     
  0.90000004227273167       0.14770555086146195     
  0.90100004232022912       0.15562753908512980     
  0.90200004236772657       0.16275188697849508     
  0.90300004241522402       0.16798349735279525     
  0.90400004246272148       0.19403499180864292     
  0.90500004251021893       0.18908796609697806     
  0.90600004255771638       0.18109057560403630     
  0.90700004260521383      -0.23728021211003358     
  0.90800004265271128       -1.8282035816600598E-002
  0.90900004270020873       0.23024935539018210     
  0.91000004274770618       0.21773529742478864     
  0.91100004279520364       0.25629711141278450     
  0.91200004284270109       0.18597571373391941     
  0.91300004289019854       0.27829534414562829     
  0.91400004293769599       -6.2631417073722356E-002
  0.91500004298519344       0.28469118031572999     
  0.91600004303269089       0.27920479835772194     
  0.91700004308018834       0.27759561961815504     
  0.91800004312768579       0.28342649224184979     
  0.91900004317518325       0.30379572108263708     
  0.92000004322268070       0.29596949194294603     
  0.92100004327017815       0.28293253204659780     
  0.92200004331767560       0.28411483257040993     
  0.92300004336517305       0.33712804012147030     
  0.92400004341267050       0.35883359302082674     
  0.92500004346016795       0.31416849879738906     
  0.92600004350766540       0.34480635079099947     
  0.92700004355516286       0.35539671916069665     
  0.92800004360266031       0.31343208753335927     
  0.92900004365015776       0.33034440037254786     
  0.93000004369765521       0.31136991677556658     
  0.93100004374515266       0.26078143149612226     
  0.93200004379265011       0.35631166822095917     
  0.93300004384014756       0.35912404157945221     
  0.93400004388764502       0.36817002161292361     
  0.93500004393514247      -0.11165761103977700     
  0.93600004398263992       -2.1208287186654457E-003
  0.93700004403013737       0.29848425353521468     
  0.93800004407763482       0.36088677950414849     
  0.93900004412513227       0.31808677787760914     
  0.94000004417262972       0.34753895127500695     
  0.94100004422012717       0.32931170463841980     
  0.94200004426762463       0.35366888923355388     
  0.94300004431512208       0.32997257422454901     
  0.94400004436261953       0.29760233149805959     
  0.94500004441011698       0.43354225471934726     
  0.94600004445761443       0.36405858671465768     
  0.94700004450511188       0.35738014724875128     
  0.94800004455260933       0.39905186521651831     
  0.94900004460010678       0.35304846070058393     
  0.95000004464760424       0.42817982867988946     
  0.95100004469510169       0.37763767619374267     
  0.95200004474259914       0.38364099403441410     
  0.95300004479009659       0.43357731297928837     
  0.95400004483759404       0.41739725563126984     
  0.95500004488509149       0.37165905820829398     
  0.95600004493258894       0.44222338502053143     
  0.95700004498008640       0.24781867076963404     
  0.95800004502758385       -1.1848466982859254     
  0.95900004507508130      -0.19670271973231335     
  0.96000004512257875       -3.3142059633714881E-002
  0.96100004517007620      -0.24203574394374203     
  0.96200004521757365       -4.8801179129741606E-002
  0.96300004526507110       0.12906792360397945     
  0.96400004531256855       -1.8125962585788344E-002
  0.96500004536006601       0.42017482737130940     
  0.96600004540756346       0.39685657550106584     
  0.96700004545506091       0.41811513203240880     
  0.96800004550255836       0.37586425163664777     
  0.96900004555005581       0.45014921870118940     
  0.97000004559755326       0.37144292246158872     
  0.97100004564505071       0.45407724971801949     
  0.97200004569254816       0.45660925272088321     
  0.97300004574004562       0.46983012918281186     
  0.97400004578754307       0.43753151319137479     
  0.97500004583504052       0.50745118867596906     
  0.97600004588253797       0.40797630723023270     
  0.97700004593003542       0.42963264078341229     
  0.97800004597753287       0.41557297387413372     
  0.97900004602503032       0.51186275552783389     
  0.98000004607252778       0.45001804371822163     
  0.98100004612002523       0.51763045385590789     
  0.98200004616752268       0.49466008144483514     
  0.98300004621502013       0.50097883129122001     
  0.98400004626251758       0.43882347920176790     
  0.98500004631001503       0.51058190753947386     
  0.98600004635751248       0.55992345653818254     
  0.98700004640500993       0.52543726084866016     
  0.98800004645250739       0.52396911200298180     
  0.98900004650000484       0.44597931407318897     
  0.99000004654750229       0.37643596696376364     
  0.99100004659499974       0.48265968771211137     
  0.99200004664249719       0.52855530304987475     
  0.99300004668999464       0.52397294696497354     
  0.99400004673749209       0.57772421546302555     
  0.99500004678498954       0.57948794760216338     
  0.99600004683248700       0.57527732200652903     
  0.99700004687998445       0.59628753317599215     
  0.99800004692748190       0.59882701231865698     
