                    0  0.84676732819117595     
                    1  0.89935226212222408     
                    2  0.86665472252392273     
                    3  0.87085113896901212     
                    4  0.86694363722692303     
                    5  0.85882816829891551     
                    6  0.85718867920376018     
                    7  0.85276290720757886     
                    8  0.84960231043791379     
                    9  0.85528847923330109     
                   10  0.86528841374670173     
                   11  0.86262496013780166     
                   12  0.85476667315223920     
                   13  0.85718965760662702     
                   14  0.86268956359191729     
                   15  0.85187113384291813     
                   16  0.85120845073760742     
                   17  0.84898558078861985     
                   18  0.85769322428703743     
                   19  0.85519527130324646     
                   20  0.85898021532106306     
                   21  0.86137798240252361     
                   22  0.85612571444314167     
                   23  0.85430508024504581     
                   24  0.85404356771364309     
                   25  0.85783047101824061     
                   26  0.86670490847511295     
                   27  0.86775602811789243     
                   28  0.86110031575286283     
                   29  0.85815604910603227     
                   30  0.86101513209672165     
                   31  0.86086443390033951     
                   32  0.86292672960292816     
                   33  0.86390039360298565     
                   34  0.85966900642783217     
                   35  0.86011646814434428     
                   36  0.85350615673340080     
                   37  0.85613314517160877     
                   38  0.85887273579100976     
                   39  0.85943492002107125     
                   40  0.85600845380243906     
                   41  0.86564474758072729     
                   42  0.87053313523186138     
                   43  0.86704768207160199     
                   44  0.85400267059467316     
                   45  0.85185273509470016     
                   46  0.85757611374180553     
                   47  0.86330783682261503     
                   48  0.86038560335443914     
                   49  0.85381692354983507     
                   50  0.85634309713686985     
                   51  0.86182148659443569     
                   52  0.85473566258129186     
                   53  0.84994701794196681     
                   54  0.85199756478930455     
                   55  0.85528639226725911     
                   56  0.86019081493469662     
                   57  0.85906709135770487     
                   58  0.85262519257520963     
                   59  0.85676246121349864     
                   60  0.85396967374767363     
                   61  0.85465136479587012     
                   62  0.84945046192656526     
                   63  0.85593878932168677     
                   64  0.86800566324881179     
                   65  0.86651159483400275     
                   66  0.86031600015122056     
                   67  0.85612401868966881     
                   68  0.86784099637768553     
                   69  0.86991686611972563     
                   70  0.86251897048021264     
                   71  0.86427132642940374     
                   72  0.86562417391500990     
                   73  0.85551542595991159     
                   74  0.85530815037452079     
                   75  0.86267411649019210     
                   76  0.86353315867424585     
                   77  0.85107782077749927     
                   78  0.85067839193297057     
                   79  0.85731634368150444     
                   80  0.86058871913999135     
                   81  0.85821970874365949     
                   82  0.86594203564099625     
                   83  0.86362962207899430     
                   84  0.85631290575793206     
                   85  0.86640092510218336     
                   86  0.86713287797239158     
                   87  0.86012306690041451     
                   88  0.84937031776485639     
                   89  0.85452738201386347     
                   90  0.86035241409411678     
                   91  0.85127949989076823     
                   92  0.84940521884089337     
                   93  0.84921504066904518     
                   94  0.85852654439351028     
                   95  0.86234550427214052     
                   96  0.85845691243703104     
                   97  0.85087801586945888     
                   98  0.85053097616313056     
                   99  0.85259193564150215     
                  100  0.85717322062055223     
                  101  0.85412893387789468     
                  102  0.85453739404564633     
                  103  0.85820279208717920     
                  104  0.86477774028600440     
                  105  0.85618605438919237     
                  106  0.85872116467621973     
                  107  0.86113724318018914     
                  108  0.85491665806694861     
                  109  0.85454630908435725     
                  110  0.85720124606542281     
                  111  0.85553176614688697     
                  112  0.85509315695109944     
                  113  0.85929573369813428     
                  114  0.85551755238597349     
                  115  0.84897884527262668     
                  116  0.84949578987356344     
                  117  0.86231035656325594     
                  118  0.85584426993955376     
                  119  0.85488395987938126     
                  120  0.85469422308911569     
                  121  0.85910508336545011     
                  122  0.85978476983480923     
                  123  0.85285949654374893     
                  124  0.85873495008125289     
                  125  0.85868939826561308     
                  126  0.85619922650296454     
                  127  0.86034655293532281     
                  128  0.85331725444789608     
                  129  0.85971168355547589     
                  130  0.86361020755075490     
                  131  0.85711934184409788     
                  132  0.85458891513120272     
                  133  0.85496147232369668     
                  134  0.85619041750801139     
                  135  0.85963563233138518     
                  136  0.85884662925485000     
                  137  0.86246449435066597     
                  138  0.86441116565921483     
                  139  0.85542554086820421     
                  140  0.86433345544486706     
                  141  0.86588800172527292     
                  142  0.85410293197684661     
                  143  0.85687510090392727     
                  144  0.86443895316676289     
                  145  0.85596384825047966     
                  146  0.85537320445617293     
                  147  0.86428287707058149     
                  148  0.86810556159038410     
                  149  0.86133199354812240     
                  150  0.85618435207859633     
                  151  0.86163747834344728     
                  152  0.85556881537974616     
                  153  0.85459055045809729     
                  154  0.85954318052013368     
                  155  0.85792621776104727     
                  156  0.86285959451566629     
                  157  0.86215423287231896     
                  158  0.86607257764830448     
                  159  0.85853223547025037     
                  160  0.86405597713206461     
                  161  0.85769261433406663     
                  162  0.85939902646035082     
                  163  0.86142953634263209     
                  164  0.86205994778674255     
                  165  0.86091037561958805     
                  166  0.86311721077511716     
                  167  0.86333578874003747     
                  168  0.86282271464406202     
                  169  0.86458829732698905     
                  170  0.86070365281872152     
                  171  0.85660310231431147     
                  172  0.85744654042856649     
                  173  0.86376262960107264     
                  174  0.86540739081539830     
                  175  0.85656391307521140     
                  176  0.86363594881746364     
                  177  0.85377895803827508     
                  178  0.85327618782547887     
                  179  0.85928203442603923     
                  180  0.85568162170516660     
                  181  0.85364173836494872     
                  182  0.85413864283680985     
                  183  0.84897378967523818     
                  184  0.85857556272900082     
                  185  0.85958253432913678     
                  186  0.86573692836709937     
                  187  0.86264666888027719     
                  188  0.86550951172217117     
                  189  0.86383558612226841     
                  190  0.86665845005339626     
                  191  0.85910840738833416     
                  192  0.85890913737221108     
                  193  0.86323566981361421     
                  194  0.85756375220708758     
                  195  0.85575972147169421     
                  196  0.86026843701324696     
                  197  0.86660270795058358     
                  198  0.86529719213598222     
                  199  0.85910138651749868     
                  200  0.82110641458200295     
