                    0  0.84043630166866734     
                    1  0.85948851705740759     
                    2  0.86887569050023683     
                    3  0.87317597717398487     
                    4  0.87725478848990557     
                    5  0.85807687286860812     
                    6  0.85957489610668536     
                    7  0.85055976888776375     
                    8  0.84584969552197276     
                    9  0.85579320797786429     
                   10  0.87982266977825785     
                   11  0.86487432826591326     
                   12  0.85415230168061806     
                   13  0.84797011640734743     
                   14  0.87864570575999412     
                   15  0.84169201653394099     
                   16  0.85119941969515223     
                   17  0.84008982822098255     
                   18  0.85829589966768283     
                   19  0.85418723596214008     
                   20  0.84872358704976203     
                   21  0.86176027770876296     
                   22  0.85178740042923273     
                   23  0.85524309526585607     
                   24  0.84488581214355385     
                   25  0.85320343509606822     
                   26  0.86843310337290713     
                   27  0.87188828680168973     
                   28  0.86437641610853966     
                   29  0.85424502266395819     
                   30  0.86427005162231541     
                   31  0.86073444484022787     
                   32  0.86077081559365687     
                   33  0.87098690246819954     
                   34  0.84839315201953491     
                   35  0.86041199564012927     
                   36  0.84387768543039998     
                   37  0.85411035670093427     
                   38  0.85595890173407896     
                   39  0.86066719053684526     
                   40  0.84832087542889578     
                   41  0.87481023278511572     
                   42  0.87714642009556876     
                   43  0.87621810638417097     
                   44  0.84095982355714272     
                   45  0.84778273013719807     
                   46  0.85325115218942305     
                   47  0.87495448675108389     
                   48  0.86905108431612543     
                   49  0.85198376196659176     
                   50  0.85472603452072993     
                   51  0.87442368832773698     
                   52  0.85127767820780731     
                   53  0.84585554989005174     
                   54  0.85046251914361481     
                   55  0.85138405699914599     
                   56  0.85929041148818142     
                   57  0.86109635469847157     
                   58  0.84547838005099374     
                   59  0.86368978730537505     
                   60  0.84596752913368833     
                   61  0.85889463903990482     
                   62  0.84224564472781949     
                   63  0.84823299911097472     
                   64  0.87899113493432579     
                   65  0.86564400421878718     
                   66  0.85876949074634590     
                   67  0.84710838704313995     
                   68  0.87416911212721993     
                   69  0.87621640645973997     
                   70  0.85942498208377582     
                   71  0.86318916671300339     
                   72  0.87191765520160702     
                   73  0.84417504107560903     
                   74  0.85218020695045160     
                   75  0.86401780357917124     
                   76  0.86833966355756709     
                   77  0.84388889110336729     
                   78  0.84613238127233759     
                   79  0.85680083401201323     
                   80  0.87204281303190889     
                   81  0.84143087905427372     
                   82  0.87440280882113885     
                   83  0.87333486050363973     
                   84  0.84163531463663355     
                   85  0.87782610734195798     
                   86  0.87369814007658975     
                   87  0.86142177578609225     
                   88  0.84074577255370264     
                   89  0.85622185119490690     
                   90  0.86237836474824658     
                   91  0.84651988894075436     
                   92  0.84602274925955978     
                   93  0.84465419207541248     
                   94  0.85480282556706344     
                   95  0.86377865306037727     
                   96  0.85668541915672858     
                   97  0.84699235706793496     
                   98  0.85211935776205339     
                   99  0.84906661177277720     
                  100  0.86186120863569093     
                  101  0.84892176295246746     
                  102  0.84783164647597897     
                  103  0.84912309909336825     
                  104  0.87824071843384122     
                  105  0.84457169448051572     
                  106  0.85610672601818938     
                  107  0.87527127827842688     
                  108  0.84256060996888738     
                  109  0.84562415155118398     
                  110  0.85444792879116727     
                  111  0.85489918362574646     
                  112  0.84679808765356079     
                  113  0.86699679716683664     
                  114  0.85277935521052761     
                  115  0.84286795416024463     
                  116  0.84172097723809713     
                  117  0.87583098137756510     
                  118  0.85507265221165185     
                  119  0.85001066707050832     
                  120  0.84870160962563168     
                  121  0.86082077143741942     
                  122  0.87065633153938538     
                  123  0.84488113675532217     
                  124  0.85908527495521469     
                  125  0.87253398390410908     
                  126  0.84409877216595208     
                  127  0.87675285182700669     
                  128  0.84261276522399298     
                  129  0.85957154870990959     
                  130  0.87450214830408690     
                  131  0.85652524955886822     
                  132  0.84533674392096558     
                  133  0.86138140317690248     
                  134  0.84816838290911090     
                  135  0.86136062976656969     
                  136  0.86121825096268423     
                  137  0.86065681694470042     
                  138  0.87614073955698180     
                  139  0.84439902221264673     
                  140  0.87104060267566319     
                  141  0.87697262726040304     
                  142  0.84335608400353634     
                  143  0.84941430234728110     
                  144  0.87534327591933470     
                  145  0.85334676399797016     
                  146  0.84198208849172129     
                  147  0.86736284001105668     
                  148  0.87784738023920283     
                  149  0.86186492558125605     
                  150  0.84713273792417221     
                  151  0.87166046593352142     
                  152  0.85642862804766118     
                  153  0.84687736778980449     
                  154  0.87210239025721603     
                  155  0.85575947055758261     
                  156  0.86891545156578487     
                  157  0.85925503017183358     
                  158  0.87734616836876822     
                  159  0.84892398024520355     
                  160  0.87440981951930064     
                  161  0.85171200770783440     
                  162  0.86142415997182997     
                  163  0.86305096977090190     
                  164  0.85770190601717178     
                  165  0.86253337854444911     
                  166  0.85799733285611901     
                  167  0.85989965677485669     
                  168  0.85757829671550656     
                  169  0.86521317470342307     
                  170  0.86234102005494373     
                  171  0.84615700395054394     
                  172  0.85000281356268825     
                  173  0.86782927853250658     
                  174  0.87648016415953300     
                  175  0.84236689249351149     
                  176  0.87643798314546117     
                  177  0.85021037123627163     
                  178  0.84434027587606919     
                  179  0.87008183933611605     
                  180  0.86023007988415512     
                  181  0.84781130341117183     
                  182  0.86490810144898100     
                  183  0.84408414280226540     
                  184  0.85865642073773429     
                  185  0.85951606989988560     
                  186  0.86906047681583920     
                  187  0.86208699221714635     
                  188  0.87194835516925884     
                  189  0.85090583821596599     
                  190  0.87955396131678043     
                  191  0.85227304833517148     
                  192  0.85183140653748679     
                  193  0.87032031274616051     
                  194  0.85343011036298955     
                  195  0.85470374715245367     
                  196  0.85829548958773594     
                  197  0.87867943125934711     
                  198  0.86979580380478971     
                  199  0.84851629163660980     
                  200  0.85259773866986355     
