                    0                       NaN
                    1                       NaN
                    2                       NaN
                    3                       NaN
                    4                       NaN
                    5                       NaN
                    6                       NaN
                    7                       NaN
                    8                       NaN
                    9                       NaN
                   10                       NaN
                   11                       NaN
                   12  0.86321293758830375     
                   13  0.87295837307094681     
                   14  0.88022993183351572     
                   15  0.88424345554452699     
                   16  0.88455287005142436     
                   17  0.88111781944708345     
                   18  0.87427164353007902     
                   19  0.86462064193829002     
                   20  0.85290007019808645     
                   21  0.83982540375232351     
                   22  0.82596898612129954     
                   23  0.81168235272708023     
                   24  0.79707081834194793     
                   25  0.78201518554212923     
                   26  0.76622702970815360     
                   27  0.74932107904997569     
                   28  0.73089078214078851     
                   29  0.71057872179624981     
                   30  0.68813787043844910     
                   31  0.66348032161935500     
                   32  0.63670839510737864     
                   33  0.60812241267714617     
                   34  0.57820234292320660     
                   35  0.54756660491331455     
                   36  0.51691853730682080     
                   37  0.48699702626251218     
                   38  0.45855047114381287     
                   39  0.43234975396043096     
                   40  0.40923975887157782     
                   41  0.39019193868242208     
                   42  0.37627360146047217     
                   43  0.36845980207226026     
                   44  0.36735483946566622     
                   45  0.37305306897803214     
                   46  0.38529142938222349     
                   47  0.40376518534488132     
                   48  0.42835790637007704     
                   49  0.45917934896264723     
                   50  0.49646960442078047     
                   51  0.54046290775337236     
                   52  0.59125819152613446     
                   53  0.64869622270467631     
                   54  0.71222594123740146     
                   55  0.78075487074112393     
                   56  0.85250992873785802     
                   57  0.92496924564268024     
                   58  0.99494004340738385     
                   59   1.0588316093979631     
                   60   1.1131046467844163     
                   61   1.1547983467371377     
                   62   1.1819915897317701     
                   63   1.1940743473069386     
                   64   1.1917762117151922     
                   65   1.1769767046598101     
                   66   1.1523690118948553     
                   67   1.1210584504948506     
                   68   1.0861653711900627     
                   69   1.0504852239044256     
                   70   1.0162407030698979     
                   71  0.98494080595317002     
                   72  0.95734097925601802     
                   73  0.93348379427752548     
                   74  0.91279632986641090     
                   75  0.89422734347798383     
                   76  0.87641640336467042     
                   77  0.85788986074563867     
                   78  0.83727186263714115     
                   79  0.81348661615322793     
                   80  0.78591878859118880     
                   81  0.75449943031562483     
                   82  0.71969786667287927     
                   83  0.68242238870642324     
                   84  0.64385599482353895     
                   85  0.60526820297748762     
                   86  0.56784438303827156     
                   87  0.53256189159768075     
                   88  0.50012463218690106     
                   89  0.47095169962544497     
                   90  0.44520557327010241     
                   91  0.42284206657774998     
                   92  0.40366750000799489     
                   93  0.38739644423941916     
                   94  0.37371099409183939     
                   95  0.36232327711558016     
                   96  0.35303553847937102     
                   97  0.34578542200512008     
                   98  0.34066800843088724     
                   99  0.33793743435640416     
                  100  0.33799557081102416     
                  101  0.34136830148595693     
                  102  0.34866113695009560     
                  103  0.36048506225160221     
                  104  0.37735087960126285     
                  105  0.39954216758936895     
                  106  0.42699147835755469     
                  107  0.45919762268943004     
                  108  0.49522385153534604     
                  109  0.53379840384698352     
                  110  0.57350416302092810     
                  111  0.61301050478209274     
                  112  0.65128545953487604     
                  113  0.68773525610582276     
                  114  0.72224351917955654     
                  115  0.75511145378886302     
                  116  0.78692332627748707     
                  117  0.81837350168706491     
                  118  0.85009188577952233     
                  119  0.88249685693029778     
                  120  0.91569324585748169     
                  121  0.94942171661091901     
                  122  0.98305726400530835     
                  123   1.0156490105049694     
                  124   1.0459909057841346     
                  125   1.0727130489571832     
                  126   1.0943855284279156     
                  127   1.1096294506317548     
                  128   1.1172311986061765     
                  129   1.1162544288823126     
                  130   1.1061400734480662     
                  131   1.0867799550797257     
                  132   1.0585481008316493     
                  133   1.0222783823278525     
                  134  0.97918802806185057     
                  135  0.93076060326726673     
                  136  0.87861341051442388     
                  137  0.82437714819903685     
                  138  0.76960751653935378     
                  139  0.71573213115712930     
                  140  0.66401958834404451     
                  141  0.61555035853326912     
                  142  0.57117642500589128     
                  143  0.53147417562890742     
                  144  0.49671114523460658     
                  145  0.46685009555156337     
                  146  0.44160092731307216     
                  147  0.42051042643966285     
                  148  0.40306455573113414     
                  149  0.38877566024577809     
                  150  0.37723637537856203     
                  151  0.36813625898056246     
                  152  0.36124935004749109     
                  153  0.35640743834149013     
                  154  0.35347409734909940     
                  155  0.35232958772803308     
                  156  0.35286947805486907     
                  157  0.35501392425427952     
                  158  0.35872208376701958     
                  159  0.36400657483512688     
                  160  0.37094435405361365     
                  161  0.37968146581319095     
                  162  0.39042954014469544     
                  163  0.40345219025355361     
                  164  0.41904014063234418     
                  165  0.43747496014333381     
                  166  0.45898224258091708     
                  167  0.48367645494346684     
                  168  0.51150349290223518     
                  169  0.54219414818899525     
                  170  0.57524793639556060     
                  171  0.60996379382802257     
                  172  0.64551782035267458     
                  173  0.68106513781322342     
                  174  0.71582795021587664     
                  175  0.74913814141636548     
                  176  0.78043157162842747     
                  177  0.80922784279984783     
                  178  0.83514749353518170     
                  179  0.85799773585499228     
                  180  0.87790518024530595     
                  181  0.89542671575102539     
                  182  0.91155962039791061     
                  183  0.92758538108147726     
                  184  0.94468278784527093     
                  185  0.96327788782458157     
                  186  0.98230810798794022     
                  187  0.99892287882331210     
                  188   1.0091195983299319     
                  189                       NaN
                  190                       NaN
                  191                       NaN
                  192                       NaN
                  193                       NaN
                  194                       NaN
                  195                       NaN
                  196                       NaN
                  197                       NaN
                  198                       NaN
                  199                       NaN
                  200                       NaN
