           0                  801
                    1                  313
                    2                  222
                    3                  222
                    4                  222
                    5                  222
                    6                  222
                    7                  222
                    8                  222
                    9                  222
                   10                  222
                   11                  222
                   12                  222
                   13                  222
                   14                  222
                   15                  222
                   16                  222
                   17                  222
                   18                  222
                   19                  222
                   20                  222
                   21                  222
                   22                  222
                   23                  222
                   24                  222
                   25                  222
                   26                  222
                   27                  222
                   28                  222
                   29                  222
                   30                  222
                   31                  222
                   32                  222
                   33                  222
                   34                  222
                   35                  222
                   36                  222
                   37                  222
                   38                  222
                   39                  222
                   40                  222
                   41                  222
                   42                  222
                   43                  222
                   44                  222
                   45                  222
                   46                  222
                   47                  222
                   48                  222
                   49                  222
                   50                  222
                   51                  222
                   52                  222
                   53                  222
                   54                  222
                   55                  222
                   56                  222
                   57                  222
                   58                  222
                   59                  222
                   60                  222
                   61                  222
                   62                  222
                   63                  222
                   64                  222
                   65                  222
                   66                  222
                   67                  222
                   68                  222
                   69                  222
                   70                  222
                   71                  222
                   72                  222
                   73                  222
                   74                  222
                   75                  222
                   76                  222
                   77                  222
                   78                  222
                   79                  222
                   80                  222
                   81                  222
                   82                  222
                   83                  222
                   84                  222
                   85                  222
                   86                  222
                   87                  222
                   88                  222
                   89                  222
                   90                  222
                   91                  222
                   92                  222
                   93                  222
                   94                  222
                   95                  222
                   96                  222
                   97                  222
                   98                  222
                   99                  222
                  100                  222
                  101                  222
                  102                  222
                  103                  222
                  104                  222
                  105                  222
                  106                  222
                  107                  222
                  108                  222
                  109                  222
                  110                  222
                  111                  222
                  112                  222
                  113                  222
                  114                  222
                  115                  222
                  116                  222
                  117                  222
                  118                  222
                  119                  222
                  120                  222
                  121                  222
                  122                  222
                  123                  222
                  124                  222
                  125                  222
                  126                  222
                  127                  222
                  128                  222
                  129                  222
                  130                  222
                  131                  222
                  132                  222
                  133                  222
                  134                  222
                  135                  222
                  136                  222
                  137                  222
                  138                  222
                  139                  222
                  140                  222
                  141                  222
                  142                  222
                  143                  222
                  144                  222
                  145                  222
                  146                  222
                  147                  222
                  148                  222
                  149                  222
                  150                  222
                  151                  222
                  152                  222
                  153                  222
                  154                  222
                  155                  222
                  156                  222
                  157                  222
                  158                  222
                  159                  222
                  160                  222
                  161                  222
                  162                  222
                  163                  222
                  164                  222
                  165                  222
                  166                  222
                  167                  222
                  168                  222
                  169                  222
                  170                  222
                  171                  222
                  172                  222
                  173                  222
                  174                  222
                  175                  222
                  176                  222
                  177                  222
                  178                  222
                  179                  222
                  180                  222
                  181                  222
                  182                  222
                  183                  222
                  184                  222
                  185                  222
                  186                  222
                  187                  222
                  188                  222
                  189                  222
                  190                  222
                  191                  222
                  192                  222
                  193                  222
                  194                  222
                  195                  222
                  196                  222
                  197                  222
                  198                  222
                  199                  222
                  200                  222
                  201                  222
                  202                  222
                  203                  222
                  204                  222
                  205                  222
                  206                  222
                  207                  222
                  208                  222
                  209                  222
                  210                  222
                  211                  222
                  212                  222
                  213                  222
                  214                  222
                  215                  222
                  216                  222
                  217                  222
                  218                  222
                  219                  222
                  220                  222
                  221                  222
                  222                  222
                  223                  222
                  224                  222
                  225                  222
                  226                  222
                  227                  222
                  228                  222
                  229                  222
                  230                  222
                  231                  222
                  232                  222
                  233                  222
                  234                  222
                  235                  222
                  236                  222
                  237                  222
                  238                  222
                  239                  222
                  240                  222
                  241                  222
                  242                  222
                  243                  222
                  244                  222
                  245                  222
                  246                  222
                  247                  222
                  248                  222
                  249                  222
                  250                  222
                  251                  222
                  252                  222
                  253                  222
                  254                  222
                  255                  222
                  256                  222
                  257                  222
                  258                  222
                  259                  222
                  260                  222
                  261                  222
                  262                  222
                  263                  222
                  264                  222
                  265                  222
                  266                  222
                  267                  222
                  268                  222
                  269                  222
                  270                  222
                  271                  222
                  272                  222
                  273                  222
                  274                  222
                  275                  222
                  276                  222
                  277                  222
                  278                  222
                  279                  222
                  280                  222
                  281                  222
                  282                  222
                  283                  222
                  284                  222
                  285                  222
                  286                  222
                  287                  222
                  288                  222
                  289                  222
                  290                  222
                  291                  222
                  292                  222
                  293                  222
                  294                  222
                  295                  222
                  296                  222
                  297                  222
                  298                  222
                  299                  222
                  300                  222
                  301                  222
                  302                  222
                  303                  222
                  304                  222
                  305                  222
                  306                  222
                  307                  222
                  308                  222
                  309                  222
                  310                  222
                  311                  222
                  312                  222
                  313                  222
                  314                  222
                  315                  222
                  316                  222
                  317                  222
                  318                  222
                  319                  222
                  320                  222
                  321                  222
                  322                  222
                  323                  222
                  324                  222
                  325                  222
                  326                  222
                  327                  222
                  328                  222
                  329                  222
                  330                  222
                  331                  222
                  332                  222
                  333                  222
                  334                  222
                  335                  222
                  336                  222
                  337                  222
                  338                  222
                  339                  222
                  340                  222
                  341                  222
                  342                  222
                  343                  222
                  344                  222
                  345                  222
                  346                  222
                  347                  222
                  348                  222
                  349                  222
                  350                  222
                  351                  222
                  352                  222
                  353                  222
                  354                  222
                  355                  222
                  356                  222
                  357                  222
                  358                  222
                  359                  222
                  360                  222
                  361                  222
                  362                  222
                  363                  222
                  364                  222
                  365                  222
                  366                  222
                  367                  222
                  368                  222
                  369                  222
                  370                  222
                  371                  222
                  372                  222
                  373                  222
                  374                  222
                  375                  222
                  376                  222
                  377                  222
                  378                  222
                  379                  222
                  380                  222
                  381                  222
                  382                  222
                  383                  222
                  384                  222
                  385                  222
                  386                  222
                  387                  222
                  388                  222
                  389                  222
                  390                  222
                  391                  222
                  392                  222
                  393                  222
                  394                  222
                  395                  222
                  396                  222
                  397                  222
                  398                  222
                  399                  222
                  400                  222
