           0                  801
                    1                  130
                    2                  123
                    3                  165
                    4                  202
                    5                  253
                    6                  290
                    7                  342
                    8                  383
                    9                  434
                   10                  471
                   11                  522
                   12                  563
                   13                  611
                   14                  631
                   15                  675
                   16                  699
                   17                  745
                   18                  752
                   19                  797
                   20                  808
                   21                  853
                   22                  858
                   23                  896
                   24                  890
                   25                  933
                   26                  927
                   27                  969
                   28                  958
                   29                  970
                   30                  958
                   31                  970
                   32                  958
                   33                  970
                   34                  958
                   35                  970
                   36                  958
                   37                  970
                   38                  958
                   39                  970
                   40                  958
                   41                  970
                   42                  958
                   43                  970
                   44                  958
                   45                  970
                   46                  958
                   47                  970
                   48                  958
                   49                  970
                   50                  958
                   51                  970
                   52                  958
                   53                  970
                   54                  958
                   55                  970
                   56                  958
                   57                  970
                   58                  958
                   59                  970
                   60                  958
                   61                  970
                   62                  958
                   63                  970
                   64                  958
                   65                  970
                   66                  958
                   67                  970
                   68                  958
                   69                  970
                   70                  958
                   71                  970
                   72                  958
                   73                  970
                   74                  958
                   75                  970
                   76                  958
                   77                  970
                   78                  958
                   79                  970
                   80                  958
                   81                  970
                   82                  958
                   83                  970
                   84                  958
                   85                  970
                   86                  958
                   87                  970
                   88                  958
                   89                  970
                   90                  958
                   91                  970
                   92                  958
                   93                  970
                   94                  958
                   95                  970
                   96                  958
                   97                  970
                   98                  958
                   99                  970
                  100                  958
                  101                  970
                  102                  958
                  103                  970
                  104                  958
                  105                  970
                  106                  958
                  107                  970
                  108                  958
                  109                  970
                  110                  958
                  111                  970
                  112                  958
                  113                  970
                  114                  958
                  115                  970
                  116                  958
                  117                  970
                  118                  958
                  119                  972
                  120                  968
                  121                  974
                  122                  966
                  123                  972
                  124                  968
                  125                  974
                  126                  966
                  127                  972
                  128                  968
                  129                  974
                  130                  966
                  131                  972
                  132                  968
                  133                  974
                  134                  966
                  135                  972
                  136                  968
                  137                  974
                  138                  966
                  139                  972
                  140                  968
                  141                  974
                  142                  966
                  143                  972
                  144                  968
                  145                  974
                  146                  966
                  147                  972
                  148                  968
                  149                  974
                  150                  966
                  151                  972
                  152                  968
                  153                  974
                  154                  966
                  155                  972
                  156                  968
                  157                  974
                  158                  966
                  159                  972
                  160                  968
                  161                  974
                  162                  966
                  163                  972
                  164                  968
                  165                  974
                  166                  966
                  167                  972
                  168                  968
                  169                  974
                  170                  966
                  171                  972
                  172                  968
                  173                  974
                  174                  966
                  175                  972
                  176                  968
                  177                  974
                  178                  966
                  179                  972
                  180                  968
                  181                  974
                  182                  966
                  183                  972
                  184                  968
                  185                  974
                  186                  966
                  187                  972
                  188                  968
                  189                  974
                  190                  966
                  191                  972
                  192                  968
                  193                  974
                  194                  966
                  195                  972
                  196                  968
                  197                  974
                  198                  966
                  199                  972
                  200                  968
                  201                  974
                  202                  966
                  203                  972
                  204                  968
                  205                  974
                  206                  966
                  207                  972
                  208                  968
                  209                  974
                  210                  966
                  211                  972
                  212                  968
                  213                  974
                  214                  966
                  215                  972
                  216                  968
                  217                  974
                  218                  966
                  219                  972
                  220                  968
                  221                  974
                  222                  966
                  223                  972
                  224                  968
                  225                  974
                  226                  966
                  227                  972
                  228                  968
                  229                  974
                  230                  966
                  231                  972
                  232                  968
                  233                  974
                  234                  966
                  235                  972
                  236                  968
                  237                  976
                  238                  964
                  239                  969
                  240                  975
                  241                  967
                  242                  967
                  243                  973
                  244                  969
                  245                  975
                  246                  963
                  247                  970
                  248                  970
                  249                  976
                  250                  964
                  251                  970
                  252                  970
                  253                  976
                  254                  964
                  255                  970
                  256                  970
                  257                  976
                  258                  964
                  259                  970
                  260                  970
                  261                  976
                  262                  964
                  263                  970
                  264                  970
                  265                  976
                  266                  964
                  267                  970
                  268                  970
                  269                  976
                  270                  964
                  271                  970
                  272                  970
                  273                  976
                  274                  964
                  275                  970
                  276                  970
                  277                  976
                  278                  964
                  279                  970
                  280                  970
                  281                  976
                  282                  964
                  283                  970
                  284                  970
                  285                  976
                  286                  964
                  287                  970
                  288                  970
                  289                  976
                  290                  964
                  291                  970
                  292                  970
                  293                  976
                  294                  964
                  295                  970
                  296                  970
                  297                  976
                  298                  964
                  299                  970
                  300                  970
                  301                  976
                  302                  964
                  303                  970
                  304                  970
                  305                  976
                  306                  964
                  307                  970
                  308                  970
                  309                  976
                  310                  964
                  311                  970
                  312                  970
                  313                  976
                  314                  964
                  315                  970
                  316                  970
                  317                  976
                  318                  964
                  319                  970
                  320                  970
                  321                  976
                  322                  964
                  323                  970
                  324                  970
                  325                  976
                  326                  964
                  327                  970
                  328                  970
                  329                  976
                  330                  964
                  331                  970
                  332                  970
                  333                  976
                  334                  964
                  335                  970
                  336                  970
                  337                  976
                  338                  964
                  339                  970
                  340                  970
                  341                  976
                  342                  964
                  343                  970
                  344                  971
                  345                  977
                  346                  964
                  347                  970
                  348                  970
                  349                  976
                  350                  964
                  351                  970
                  352                  970
                  353                  976
                  354                  964
                  355                  970
                  356                  970
                  357                  976
                  358                  964
                  359                  970
                  360                  970
                  361                  976
                  362                  964
                  363                  970
                  364                  970
                  365                  976
                  366                  964
                  367                  970
                  368                  970
                  369                  976
                  370                  964
                  371                  970
                  372                  970
                  373                  976
                  374                  964
                  375                  970
                  376                  970
                  377                  976
                  378                  964
                  379                  970
                  380                  970
                  381                  976
                  382                  964
                  383                  970
                  384                  970
                  385                  976
                  386                  964
                  387                  970
                  388                  970
                  389                  976
                  390                  964
                  391                  970
                  392                  970
                  393                  976
                  394                  964
                  395                  970
                  396                  970
                  397                  976
                  398                  964
                  399                  970
                  400                  970
