  -3.1415926535897931        2.6230610853974858     
  -3.1365926535897932        2.2675540019173357     
  -3.1315926535897933        1.9121054348119673     
  -3.1265926535897934        1.5574645155970048     
  -3.1215926535897935        1.2043749884809831     
  -3.1165926535897936       0.85357243610360101     
  -3.1115926535897938       0.50578155161598470     
  -3.1065926535897939       0.16171346900237049     
  -3.1015926535897940      -0.17793683678201733     
  -3.0965926535897941      -0.51249306866054711     
  -3.0915926535897942      -0.84130003450643764     
  -3.0865926535897943       -1.1637259721498698     
  -3.0815926535897944       -1.4791647625622577     
  -3.0765926535897945       -1.7870380220302176     
  -3.0715926535897946       -2.0867970647442320     
  -3.0665926535897947       -2.3779247278773372     
  -3.0615926535897948       -2.6599370519141310     
  -3.0565926535897949       -2.9323848097064689     
  -3.0515926535897950       -3.1948548784754394     
  -3.0465926535897951       -3.4469714497461057     
  -3.0415926535897952       -3.6883970729881392     
  -3.0365926535897954       -3.9188335295374266     
  -3.0315926535897955       -4.1380225341878161     
  -3.0265926535897956       -4.3457462626632779     
  -3.0215926535897957       -4.5418277040056951     
  -3.0165926535897958       -4.7261308377377489     
  -3.0115926535897959       -4.8985606364796608     
  -3.0065926535897960       -5.0590628955095314     
  -3.0015926535897961       -5.2076238915551318     
  -2.9965926535897962       -5.3442698738864509     
  -2.9915926535897963       -5.4690663915398927     
  -2.9865926535897964       -5.5821174612422446     
  -2.9815926535897965       -5.6835645813126714     
  -2.9765926535897966       -5.7735855975002304     
  -2.9715926535897967       -5.8523934273598108     
  -2.9665926535897968       -5.9202346503778678     
  -2.9615926535897970       -5.9773879716283993     
  -2.9565926535897971       -6.0241625672659938     
  -2.9515926535897972       -6.0608963206453597     
  -2.9465926535897973       -6.0879539582921725     
  -2.9415926535897974       -6.1057250953373376     
  -2.9365926535897975       -6.1146222003641384     
  -2.9315926535897976       -6.1150784899036132     
  -2.9265926535897977       -6.1075457630471295     
  -2.9215926535897978       -6.0924921868258615     
  -2.9165926535897979       -6.0704000431336356     
  -2.9115926535897980       -6.0417634480427775     
  -2.9065926535897981       -6.0070860543821771     
  -2.9015926535897982       -5.9668787484124639     
  -2.8965926535897983       -5.9216573513465542     
  -2.8915926535897984       -5.8719403363248439     
  -2.8865926535897986       -5.8182465712645941     
  -2.8815926535897987       -5.7610930977640669     
  -2.8765926535897988       -5.7009929559546331     
  -2.8715926535897989       -5.6384530648611539     
  -2.8665926535897990       -5.5739721674539000     
  -2.8615926535897991       -5.5080388491563168     
  -2.8565926535897992       -5.4411296381152940     
  -2.8515926535897993       -5.3737071950457098     
  -2.8465926535897994       -5.3062185999329223     
  -2.8415926535897995       -5.2390937423177864     
  -2.8365926535897996       -5.1727438213018271     
  -2.8315926535897997       -5.1075599607991879     
  -2.8265926535897998       -5.0439119449293672     
  -2.8215926535897999       -4.9821470777946812     
  -2.8165926535898000       -4.9225891712220902     
  -2.8115926535898002       -4.8655376633735745     
  -2.8065926535898003       -4.8112668704469881     
  -2.8015926535898004       -4.7600253730031952     
  -2.7965926535898005       -4.7120355377687835     
  -2.7915926535898006       -4.6674931750810140     
  -2.7865926535898007       -4.6265673314652256     
  -2.7815926535898008       -4.5894002161690350     
  -2.7765926535898009       -4.5561072598254233     
  -2.7715926535898010       -4.5267773027806131     
  -2.7665926535898011       -4.5014729100071564     
  -2.7615926535898012       -4.4802308089292149     
  -2.7565926535898013       -4.4630624459195136     
  -2.7515926535898014       -4.4499546566882682     
  -2.7465926535898015       -4.4408704452756362     
  -2.7415926535898016       -4.4357498658840298     
  -2.7365926535898017       -4.4345110013461406     
  -2.7315926535898019       -4.4370510316214213     
  -2.7265926535898020       -4.4432473853494647     
  -2.7215926535898021       -4.4529589671645038     
  -2.7165926535898022       -4.4660274531928357     
  -2.7115926535898023       -4.4822786469149403     
  -2.7065926535898024       -4.5015238873774672     
  -2.7015926535898025       -4.5235615015877828     
  -2.6965926535898026       -4.5481782928151526     
  -2.6915926535898027       -4.5751510564587692     
  -2.6865926535898028       -4.6042481151230286     
  -2.6815926535898029       -4.6352308645643738     
  -2.6765926535898030       -4.6678553222414241     
  -2.6715926535898031       -4.7018736703095962     
  -2.6665926535898032       -4.7370357850525400     
  -2.6615926535898033       -4.7730907449339597     
  -2.6565926535898035       -4.8097883096827756     
  -2.6515926535898036       -4.8468803630918593     
  -2.6465926535898037       -4.8841223125122353     
  -2.6415926535898038       -4.9212744383598164     
  -2.6365926535898039       -4.9581031873182324     
  -2.6315926535898040       -4.9943824033158704     
  -2.6265926535898041       -5.0298944907768952     
  -2.6215926535898042       -5.0644315050908926     
  -2.6165926535898043       -5.0977961657119799     
  -2.6115926535898044       -5.1298027877829595     
  -2.6065926535898045       -5.1602781286802220     
  -2.6015926535898046       -5.1890621463880384     
  -2.5965926535898047       -5.2160086671338703     
  -2.5915926535898048       -5.2409859602457907     
  -2.5865926535898049       -5.2638772187271394     
  -2.5815926535898051       -5.2845809445782566     
  -2.5765926535898052       -5.3030112384280148     
  -2.5715926535898053       -5.3190979935664506     
  -2.5665926535898054       -5.3327869949905056     
  -2.5615926535898055       -5.3440399245855490     
  -2.5565926535898056       -5.3528342740632393     
  -2.5515926535898057       -5.3591631677584965     
  -2.5465926535898058       -5.3630350978530679     
  -2.5415926535898059       -5.3644735750373886     
  -2.5365926535898060       -5.3635166980444273     
  -2.5315926535898061       -5.3602166458867924     
  -2.5265926535898062       -5.3546390969996249     
  -2.5215926535898063       -5.3468625798351415     
  -2.5165926535898064       -5.3369777597681276     
  -2.5115926535898065       -5.3250866674546238     
  -2.5065926535898067       -5.3113018740364817     
  -2.5015926535898068       -5.2957456188018828     
  -2.4965926535898069       -5.2785488950953834     
  -2.4915926535898070       -5.2598505004198506     
  -2.4865926535898071       -5.2397960567865676     
  -2.4815926535898072       -5.2185370074484192     
  -2.4765926535898073       -5.1962295961943790     
  -2.4715926535898074       -5.1730338353918981     
  -2.4665926535898075       -5.1491124689373606     
  -2.4615926535898076       -5.1246299362141796     
  -2.4565926535898077       -5.0997513430640549     
  -2.4515926535898078       -5.0746414456504398     
  -2.4465926535898079       -5.0494636529351729     
  -2.4415926535898080       -5.0243790533011881     
  -2.4365926535898081       -4.9995454706370310     
  -2.4315926535898083       -4.9751165549548899     
  -2.4265926535898084       -4.9512409123438736     
  -2.4215926535898085       -4.9280612787667959     
  -2.4165926535898086       -4.9057137418933650     
  -2.4115926535898087       -4.8843270148272842     
  -2.4065926535898088       -4.8640217652321018     
  -2.4015926535898089       -4.8449100029920684     
  -2.3965926535898090       -4.8270945291625669     
  -2.3915926535898091       -4.8106684485722306     
  -2.3865926535898092       -4.7957147480374696     
  -2.3815926535898093       -4.7823059417427931     
  -2.3765926535898094       -4.7705037849290237     
  -2.3715926535898095       -4.7603590566186345     
  -2.3665926535898096       -4.7519114116957279     
  -2.3615926535898097       -4.7451893022494041     
  -2.3565926535898098       -4.7402099676861980     
  -2.3515926535898100       -4.7369794927218365     
  -2.3465926535898101       -4.7354929319772019     
  -2.3415926535898102       -4.7357344995298121     
  -2.3365926535898103       -4.7376778214128201     
  -2.3315926535898104       -4.7412862487099510     
  -2.3265926535898105       -4.7465132285690492     
  -2.3215926535898106       -4.7533027301504118     
  -2.3165926535898107       -4.7615897222406947     
  -2.3115926535898108       -4.7713006990000064     
  -2.3065926535898109       -4.7823542500703082     
  -2.3015926535898110       -4.7946616710583827     
  -2.2965926535898111       -4.8081276102176540     
  -2.2915926535898112       -4.8226507469906039     
  -2.2865926535898113       -4.8381244979381304     
  -2.2815926535898114       -4.8544377454744554     
  -2.2765926535898116       -4.8714755847466327     
  -2.2715926535898117       -4.8891200839460938     
  -2.2665926535898118       -4.9072510533163527     
  -2.2615926535898119       -4.9257468181255799     
  -2.2565926535898120       -4.9444849909052158     
  -2.2515926535898121       -4.9633432383152645     
  -2.2465926535898122       -4.9822000380830636     
  -2.2415926535898123       -5.0009354215742663     
  -2.2365926535898124       -5.0194316976916040     
  -2.2315926535898125       -5.0375741539576993     
  -2.2265926535898126       -5.0552517308215528     
  -2.2215926535898127       -5.0723576654328255     
  -2.2165926535898128       -5.0887901013529868     
  -2.2115926535898129       -5.1044526609151708     
  -2.2065926535898130       -5.1192549772047169     
  -2.2015926535898132       -5.1331131829071817     
  -2.1965926535898133       -5.1459503535591598     
  -2.1915926535898134       -5.1576969030372712     
  -2.1865926535898135       -5.1682909294301433     
  -2.1815926535898136       -5.1776785097557569     
  -2.1765926535898137       -5.1858139423097480     
  -2.1715926535898138       -5.1926599357574137     
  -2.1665926535898139       -5.1981877444112135     
  -2.1615926535898140       -5.2023772494644112     
  -2.1565926535898141       -5.2052169862788213     
  -2.1515926535898142       -5.2067041181475000     
  -2.1465926535898143       -5.2068443572708523     
  -2.1415926535898144       -5.2056518339942111     
  -2.1365926535898145       -5.2031489156557296     
  -2.1315926535898146       -5.1993659766827491     
  -2.1265926535898148       -5.1943411218518181     
  -2.1215926535898149       -5.1881198648901590     
  -2.1165926535898150       -5.1807547648437442     
  -2.1115926535898151       -5.1723050228674321     
  -2.1065926535898152       -5.1628360423047379     
  -2.1015926535898153       -5.1524189551180433     
  -2.0965926535898154       -5.1411301179029225     
  -2.0915926535898155       -5.1290505808721720     
  -2.0865926535898156       -5.1162655333253966     
  -2.0815926535898157       -5.1028637292279502     
  -2.0765926535898158       -5.0889368966083124     
  -2.0715926535898159       -5.0745791345451341     
  -2.0665926535898160       -5.0598863015542355     
  -2.0615926535898161       -5.0449553992016503     
  -2.0565926535898162       -5.0298839547615062     
  -2.0515926535898164       -5.0147694067072930     
  -2.0465926535898165       -4.9997084967725121     
  -2.0415926535898166       -4.9847966722419610     
  -2.0365926535898167       -4.9701275020389772     
  -2.0315926535898168       -4.9557921100573292     
  -2.0265926535898169       -4.9418786290501808     
  -2.0215926535898170       -4.9284716782335307     
  -2.0165926535898171       -4.9156518675887257     
  -2.0115926535898172       -4.9034953316595642     
  -2.0065926535898173       -4.8920732954350798     
  -2.0015926535898174       -4.8814516746908225     
  -1.9965926535898175       -4.8716907129307918     
  -1.9915926535898176       -4.8628446568304886     
  -1.9865926535898177       -4.8549614718304914     
  -1.9815926535898178       -4.8480825992710512     
  -1.9765926535898179       -4.8422427561930270     
  -1.9715926535898181       -4.8374697786607408     
  -1.9665926535898182       -4.8337845091896980     
  -1.9615926535898183       -4.8312007285881169     
  -1.9565926535898184       -4.8297251322477184     
  -1.9515926535898185       -4.8293573506475536     
  -1.9465926535898186       -4.8300900135668385     
  -1.9415926535898187       -4.8319088572400313     
  -1.9365926535898188       -4.8347928734314349     
  -1.9315926535898189       -4.8387144991588276     
  -1.9265926535898190       -4.8436398455576875     
  -1.9215926535898191       -4.8495289641505224     
  -1.9165926535898192       -4.8563361485710548     
  -1.9115926535898193       -4.8640102695918541     
  -1.9065926535898194       -4.8724951411173976     
  -1.9015926535898195       -4.8817299146336293     
  -1.8965926535898197       -4.8916494994506392     
  -1.8915926535898198       -4.9021850059380299     
  -1.8865926535898199       -4.9132642088335654     
  -1.8815926535898200       -4.9248120276053680     
  -1.8765926535898201       -4.9367510207666498     
  -1.8715926535898202       -4.9490018909801750     
  -1.8665926535898203       -4.9614839977476155     
  -1.8615926535898204       -4.9741158744566896     
  -1.8565926535898205       -4.9868157465564975     
  -1.8515926535898206       -4.9995020476486394     
  -1.8465926535898207       -5.0120939303184366     
  -1.8415926535898208       -5.0245117685862892     
  -1.8365926535898209       -5.0366776489335487     
  -1.8315926535898210       -5.0485158469495666     
  -1.8265926535898211       -5.0599532867565049     
  -1.8215926535898213       -5.0709199804946179     
  -1.8165926535898214       -5.0813494452927621     
  -1.8115926535898215       -5.0911790953056411     
  -1.8065926535898216       -5.1003506065695579     
  -1.8015926535898217       -5.1088102526115193     
  -1.7965926535898218       -5.1165092089407676     
  -1.7915926535898219       -5.1234038247561786     
  -1.7865926535898220       -5.1294558604161677     
  -1.7815926535898221       -5.1346326894385568     
  -1.7765926535898222       -5.1389074640242844     
  -1.7715926535898223       -5.1422592433304377     
  -1.7665926535898224       -5.1446730839524815     
  -1.7615926535898225       -5.1461400923120841     
  -1.7565926535898226       -5.1466574388833672     
  -1.7515926535898227       -5.1462283344260911     
  -1.7465926535898229       -5.1448619686272474     
  -1.7415926535898230       -5.1425734117815702     
  -1.7365926535898231       -5.1393834803651472     
  -1.7315926535898232       -5.1353185675734849     
  -1.7265926535898233       -5.1304104401044972     
  -1.7215926535898234       -5.1246960026669317     
  -1.7165926535898235       -5.1182170318844076     
  -1.7115926535898236       -5.1110198814436076     
  -1.7065926535898237       -5.1031551605009708     
  -1.7015926535898238       -5.0946773875149223     
  -1.6965926535898239       -5.0856446218087621     
  -1.6915926535898240       -5.0761180752929116     
  -1.6865926535898241       -5.0661617068827818     
  -1.6815926535898242       -5.0558418022401890     
  -1.6765926535898243       -5.0452265415409769     
  -1.6715926535898245       -5.0343855580294345     
  -1.6665926535898246       -5.0233894901605778     
  -1.6615926535898247       -5.0123095301546252     
  -1.6565926535898248       -5.0012169717934309     
  -1.6515926535898249       -4.9901827602771389     
  -1.6465926535898250       -4.9792770469300383     
  -1.6415926535898251       -4.9685687514989043     
  -1.6365926535898252       -4.9581251347243036     
  -1.6315926535898253       -4.9480113837867670     
  -1.6265926535898254       -4.9382902131354030     
  -1.6215926535898255       -4.9290214830974532     
  -1.6165926535898256       -4.9202618385438592     
  -1.6115926535898257       -4.9120643697493369     
  -1.6065926535898258       -4.9044782974363708     
  -1.6015926535898259       -4.8975486838321043     
  -1.5965926535898260       -4.8913161713960127     
  -1.5915926535898262       -4.8858167506962653     
  -1.5865926535898263       -4.8810815587240830     
  -1.5815926535898264       -4.8771367087402977     
  -1.5765926535898265       -4.8740031525470178     
  -1.5715926535898266       -4.8716965758719883     
  -1.5665926535898267       -4.8702273273443453     
  -1.5615926535898268       -4.8696003813299669     
  -1.5565926535898269       -4.8698153346833237     
  -1.5515926535898270       -4.8708664372622312     
  -1.5465926535898271       -4.8727426558434219     
  -1.5415926535898272       -4.8754277708714611     
  -1.5365926535898273       -4.8789005052729078     
  -1.5315926535898274       -4.8831346843723722     
  -1.5265926535898275       -4.8880994257590089     
  -1.5215926535898276       -4.8937593577717617     
  -1.5165926535898278       -4.9000748651005317     
  -1.5115926535898279       -4.9070023598393018     
  -1.5065926535898280       -4.9144945761772973     
  -1.5015926535898281       -4.9225008867759508     
  -1.4965926535898282       -4.9309676387540780     
  -1.4915926535898283       -4.9398385070914568     
  -1.4865926535898284       -4.9490548631629299     
  -1.4815926535898285       -4.9585561560317197     
  -1.4765926535898286       -4.9682803040619827     
  -1.4715926535898287       -4.9781640943576200     
  -1.4665926535898288       -4.9881435874967242     
  -1.4615926535898289       -4.9981545250094257     
  -1.4565926535898290       -5.0081327370409303     
  -1.4515926535898291       -5.0180145476515809     
  -1.4465926535898292       -5.0277371752313318     
  -1.4415926535898294       -5.0372391255473099     
  -1.4365926535898295       -5.0464605749992577     
  -1.4315926535898296       -5.0553437417288434     
  -1.4265926535898297       -5.0638332423140886     
  -1.4215926535898298       -5.0718764318791125     
  -1.4165926535898299       -5.0794237255614449     
  -1.4115926535898300       -5.0864288994034501     
  -1.4065926535898301       -5.0928493688700689     
  -1.4015926535898302       -5.0986464433414795     
  -1.3965926535898303       -5.1037855550852056     
  -1.3915926535898304       -5.1082364613768423     
  -1.3865926535898305       -5.1119734186107575     
  -1.3815926535898306       -5.1149753274208472     
  -1.3765926535898307       -5.1172258480155577     
  -1.3715926535898308       -5.1187134851197671     
  -1.3665926535898310       -5.1194316421074637     
  -1.3615926535898311       -5.1193786441024791     
  -1.3565926535898312       -5.1185577300185150     
  -1.3515926535898313       -5.1169770137031128     
  -1.3465926535898314       -5.1146494145419847     
  -1.3415926535898315       -5.1115925580688577     
  -1.3365926535898316       -5.1078286473109316     
  -1.3315926535898317       -5.1033843057796338     
  -1.3265926535898318       -5.0982903931896892     
  -1.3215926535898319       -5.0925817951556631     
  -1.3165926535898320       -5.0862971882729324     
  -1.3115926535898321       -5.0794787821385734     
  -1.3065926535898322       -5.0721720400060555     
  -1.3015926535898323       -5.0644253798950647     
  -1.2965926535898324       -5.0562898580936437     
  -1.2915926535898326       -5.0478188370931223     
  -1.2865926535898327       -5.0390676400867740     
  -1.2815926535898328       -5.0300931942400089     
  -1.2765926535898329       -5.0209536650029518     
  -1.2715926535898330       -5.0117080837849413     
  -1.2665926535898331       -5.0024159713446998     
  -1.2615926535898332       -4.9931369592693473     
  -1.2565926535898333       -4.9839304119202241     
  -1.2515926535898334       -4.9748550512134209     
  -1.2465926535898335       -4.9659685865781933     
  -1.2415926535898336       -4.9573273523972734     
  -1.2365926535898337       -4.9489859551797704     
  -1.2315926535898338       -4.9409969326501875     
  -1.2265926535898339       -4.9334104268565930     
  -1.2215926535898340       -4.9262738733076104     
  -1.2165926535898341       -4.9196317080423375     
  -1.2115926535898343       -4.9135250944203186     
  -1.2065926535898344       -4.9079916712907261     
  -1.2015926535898345       -4.9030653240621520     
  -1.1965926535898346       -4.8987759800475068     
  -1.1915926535898347       -4.8951494293035189     
  -1.1865926535898348       -4.8922071720219833     
  -1.1815926535898349       -4.8899662933617396     
  -1.1765926535898350       -4.8884393664366579     
  -1.1715926535898351       -4.8876343839976304     
  -1.1665926535898352       -4.8875547191660242     
  -1.1615926535898353       -4.8881991153939675     
  -1.1565926535898354       -4.8895617056439447     
  -1.1515926535898355       -4.8916320605978632     
  -1.1465926535898356       -4.8943952655248939     
  -1.1415926535898357       -4.8978320252595280     
  -1.1365926535898359       -4.9019187965668056     
  -1.1315926535898360       -4.9066279470025167     
  -1.1265926535898361       -4.9119279392125819     
  -1.1215926535898362       -4.9177835394594043     
  -1.1165926535898363       -4.9241560490141474     
  -1.1115926535898364       -4.9310035569141757     
  -1.1065926535898365       -4.9382812124543882     
  -1.1015926535898366       -4.9459415156615103     
  -1.0965926535898367       -4.9539346238913931     
  -1.0915926535898368       -4.9622086725926016     
  -1.0865926535898369       -4.9707101081947069     
  -1.0815926535898370       -4.9793840310080775     
  -1.0765926535898371       -4.9881745459633144     
  -1.0715926535898372       -4.9970251189735908     
  -1.0665926535898373       -5.0058789366721008     
  -1.0615926535898375       -5.0146792672597709     
  -1.0565926535898376       -5.0233698201955157     
  -1.0515926535898377       -5.0318951024723679     
  -1.0465926535898378       -5.0402007692481972     
  -1.0415926535898379       -5.0482339666385876     
  -1.0365926535898380       -5.0559436645321130     
  -1.0315926535898381       -5.0632809773540703     
  -1.0265926535898382       -5.0701994707832760     
  -1.0215926535898383       -5.0766554525175218     
  -1.0165926535898384       -5.0826082452857770     
  -1.0115926535898385       -5.0880204404189335     
  -1.0065926535898386       -5.0928581304149221     
  -1.0015926535898387       -5.0970911190674428     
 -0.99659265358983873       -5.1006931078699536     
 -0.99159265358983872       -5.1036418575565126     
 -0.98659265358983872       -5.1059193237980836     
 -0.98159265358983872       -5.1075117662357776     
 -0.97659265358983871       -5.1084098302001806     
 -0.97159265358983871       -5.1086086006375790     
 -0.96659265358983870       -5.1081076279381570     
 -0.96159265358983870       -5.1069109255373286     
 -0.95659265358983869       -5.1050269393380487     
 -0.95159265358983869       -5.1024684891779604     
 -0.94659265358983868       -5.0992526827399089     
 -0.94159265358983868       -5.0954008024762372     
 -0.93659265358983868       -5.0909381662852997     
 -0.93159265358983867       -5.0858939628422242     
 -0.92659265358983867       -5.0803010626434295     
 -0.92159265358983866       -5.0741958059753181     
 -0.91659265358983866       -5.0676177691608100     
 -0.91159265358983865       -5.0606095105719904     
 -0.90659265358983865       -5.0532162980223987     
 -0.90159265358983864       -5.0454858192677294     
 -0.89659265358983864       -5.0374678774477903     
 -0.89159265358983864       -5.0292140733955684     
 -0.88659265358983863       -5.0207774768198057     
 -0.88159265358983863       -5.0122122884357356     
 -0.87659265358983862       -5.0035734951738879     
 -0.87159265358983862       -4.9949165206387169     
 -0.86659265358983861       -4.9862968730171966     
 -0.86159265358983861       -4.9777697926522784     
 -0.85659265358983860       -4.9693899014967906     
 -0.85159265358983860       -4.9612108566506397     
 -0.84659265358983860       -4.9532850101573684     
 -0.84159265358983859       -4.9456630771960013     
 -0.83659265358983859       -4.9383938147507171     
 -0.83159265358983858       -4.9315237127743474     
 -0.82659265358983858       -4.9250966997829231     
 -0.82159265358983857       -4.9191538647273987     
 -0.81659265358983857       -4.9137331968863336     
 -0.81159265358983856       -4.9088693454100429     
 -0.80659265358983856       -4.9045934000232769     
 -0.80159265358983856       -4.9009326942608835     
 -0.79659265358983855       -4.8979106324695074     
 -0.79159265358983855       -4.8955465416595381     
 -0.78659265358983854       -4.8938555491358660     
 -0.78159265358983854       -4.8928484866745388     
 -0.77659265358983853       -4.8925318218463056     
 -0.77159265358983853       -4.8929076169180483     
 -0.76659265358983852       -4.8939735155906261     
 -0.76159265358983852       -4.8957227576573104     
 -0.75659265358983852       -4.8981442214924105     
 -0.75159265358983851       -4.9012224941054177     
 -0.74659265358983851       -4.9049379683235017     
 -0.74159265358983850       -4.9092669664953696     
 -0.73659265358983850       -4.9141818899433618     
 -0.73159265358983849       -4.9196513932294454     
 -0.72659265358983849       -4.9256405821452001     
 -0.72159265358983848       -4.9321112341871638     
 -0.71659265358983848       -4.9390220401378269     
 -0.71159265358983848       -4.9463288652400612     
 -0.70659265358983847       -4.9539850283295603     
 -0.70159265358983847       -4.9619415971769421     
 -0.69659265358983846       -4.9701476981889776     
 -0.69159265358983846       -4.9785508385277177     
 -0.68659265358983845       -4.9870972386276620     
 -0.68159265358983845       -4.9957321730251643     
 -0.67659265358983844       -5.0044003173609291     
 -0.67159265358983844       -5.0130460993768606     
 -0.66659265358983844       -5.0216140517021142     
 -0.66159265358983843       -5.0300491642106948     
 -0.65659265358983843       -5.0382972337342293     
 -0.65159265358983842       -5.0463052089285387     
 -0.64659265358983842       -5.0540215281215009     
 -0.64159265358983841       -5.0613964480119513     
 -0.63659265358983841       -5.0683823611450887     
 -0.63159265358983840       -5.0749341001583659     
 -0.62659265358983840       -5.0810092268730802     
 -0.62159265358983840       -5.0865683044000392     
 -0.61659265358983839       -5.0915751505323774     
 -0.61159265358983839       -5.0959970708141693     
 -0.60659265358983838       -5.0998050697991042     
 -0.60159265358983838       -5.1029740391486751     
 -0.59659265358983837       -5.1054829213627748     
 -0.59159265358983837       -5.1073148480869728     
 -0.58659265358983836       -5.1084572520987228     
 -0.58159265358983836       -5.1089019522384360     
 -0.57659265358983836       -5.1086452107199918     
 -0.57159265358983835       -5.1076877624272914     
 -0.56659265358983835       -5.1060348159784956     
 -0.56159265358983834       -5.1036960265159470     
 -0.55659265358983834       -5.1006854403566084     
 -0.55159265358983833       -5.0970214118142811     
 -0.54659265358983833       -5.0927264926792866     
 -0.54159265358983832       -5.0878272950131676     
 -0.53659265358983832       -5.0823543280838370     
 -0.53159265358983832       -5.0763418104295051     
 -0.52659265358983831       -5.0698274581969507     
 -0.52159265358983831       -5.0628522510496898     
 -0.51659265358983830       -5.0554601770839440     
 -0.51159265358983830       -5.0476979583239165     
 -0.50659265358983829       -5.0396147584917426     
 -0.50159265358983829       -5.0312618748611930     
 -0.49659265358983828       -5.0226924161066417     
 -0.49159265358983828       -5.0139609681496111     
 -0.48659265358983828       -5.0051232500836695     
 -0.48159265358983827       -4.9962357623240550     
 -0.47659265358983827       -4.9873554291808126     
 -0.47159265358983826       -4.9785392380929459     
 -0.46659265358983826       -4.9698438777860492     
 -0.46159265358983825       -4.9613253776267019     
 -0.45659265358983825       -4.9530387504436924     
 -0.45159265358983824       -4.9450376410686738     
 -0.44659265358983824       -4.9373739828174159     
 -0.44159265358983824       -4.9300976640874818     
 -0.43659265358983823       -4.9232562071891506     
 -0.43159265358983823       -4.9168944614541150     
 -0.42659265358983822       -4.9110543125813724     
 -0.42159265358983822       -4.9057744100822021     
 -0.41659265358983821       -4.9010899145767572     
 -0.41159265358983821       -4.8970322665744428     
 -0.40659265358983820       -4.8936289782393301     
 -0.40159265358983820       -4.8909034495014065     
 -0.39659265358983820       -4.8888748097251762     
 -0.39159265358983819       -4.8875577859900652     
 -0.38659265358983819       -4.8869625988729393     
 -0.38159265358983818       -4.8870948864532213     
 -0.37659265358983818       -4.8879556570861702     
 -0.37159265358983817       -4.8895412713113036     
 -0.36659265358983817       -4.8918434530816191     
 -0.36159265358983816       -4.8948493303163509     
 -0.35659265358983816       -4.8985415045966203     
 -0.35159265358983816       -4.9028981496406034     
 -0.34659265358983815       -4.9078931380140478     
 -0.34159265358983815       -4.9134961953538889     
 -0.33659265358983814       -4.9196730812088978     
 -0.33159265358983814       -4.9263857954324202     
 -0.32659265358983813       -4.9335928088997436     
 -0.32159265358983813       -4.9412493171671716     
 -0.31659265358983812       -4.9493075155426807     
 -0.31159265358983812       -4.9577168938999954     
 -0.30659265358983812       -4.9664245494397576     
 -0.30159265358983811       -4.9753755154842718     
 -0.29659265358983811       -4.9845131042865320     
 -0.29159265358983810       -4.9937792617408689     
 -0.28659265358983810       -5.0031149318019512     
 -0.28159265358983809       -5.0124604283517353     
 -0.27659265358983809       -5.0217558122006292     
 -0.27159265358983808       -5.0309412708701027     
 -0.26659265358983808       -5.0399574987794127     
 -0.26159265358983808       -5.0487460754492020     
 -0.25659265358983807       -5.0572498393398009     
 -0.25159265358983807       -5.0654132549617161     
 -0.24659265358983806       -5.0731827709304111     
 -0.24159265358983806       -5.0805071666865489     
 -0.23659265358983805       -5.0873378856663249     
 -0.23159265358983805       -5.0936293527838590     
 -0.22659265358983804       -5.0993392741786057     
 -0.22159265358983804       -5.1044289172846851     
 -0.21659265358983804       -5.1088633693953804     
 -0.21159265358983803       -5.1126117730241614     
 -0.20659265358983803       -5.1156475365027170     
 -0.20159265358983802       -5.1179485184056999     
 -0.19659265358983802       -5.1194971845503954     
 -0.19159265358983801       -5.1202807364864427     
 -0.18659265358983801       -5.1202912105648011     
 -0.18159265358983800       -5.1195255468557139     
 -0.17659265358983800       -5.1179856273709277     
 -0.17159265358983800       -5.1156782832351455     
 -0.16659265358983799       -5.1126152706442483     
 -0.16159265358983799       -5.1088132156420647     
 -0.15659265358983798       -5.1042935279422528     
 -0.15159265358983798       -5.0990822842159531     
 -0.14659265358983797       -5.0932100814581363     
 -0.14159265358983797       -5.0867118612346172     
 -0.13659265358983796       -5.0796267057966649     
 -0.13159265358983796       -5.0719976072295720     
 -0.12659265358983796       -5.0638712109744572     
 -0.12159265358983795       -5.0552975352278748     
 -0.11659265358983795       -5.0463296678804204     
 -0.11159265358983794       -5.0370234428024023     
 -0.10659265358983794       -5.0274370974209610     
 -0.10159265358983793       -5.0176309136577864     
  -9.6592653589837929E-002  -5.0076668444090311     
  -9.1592653589837925E-002  -4.9976081278483928     
  -8.6592653589837920E-002  -4.9875188919199696     
  -8.1592653589837916E-002  -4.9774637514588349     
  -7.6592653589837911E-002  -4.9675074004337443     
  -7.1592653589837907E-002  -4.9577142018476961     
  -6.6592653589837902E-002  -4.9481477778577698     
  -6.1592653589837905E-002  -4.9388706026856095     
  -5.6592653589837907E-002  -4.9299436008840338     
  -5.1592653589837910E-002  -4.9214257535033026     
  -4.6592653589837912E-002  -4.9133737146628915     
  -4.1592653589837915E-002  -4.9058414409811881     
  -3.6592653589837917E-002  -4.8988798362466257     
  -3.1592653589837920E-002  -4.8925364136298395     
  -2.6592653589837919E-002  -4.8868549776378432     
  -2.1592653589837918E-002  -4.8818753278985669     
  -1.6592653589837917E-002  -4.8776329867379085     
  -1.1592653589837916E-002  -4.8741589523726851     
  -6.5926535898379159E-003  -4.8714794793919571     
  -1.5926535898379158E-003  -4.8696158880373535     
   3.4073464101620843E-003  -4.8685844036210479     
   8.4073464101620844E-003  -4.8683960272388296     
   1.3407346410162085E-002  -4.8690564387466484     
   1.8407346410162086E-002  -4.8705659327728430     
   2.3407346410162087E-002  -4.8729193883365189     
   2.8407346410162088E-002  -4.8761062724361270     
   3.3407346410162089E-002  -4.8801106777627430     
   3.8407346410162087E-002  -4.8849113944808300     
   4.3407346410162084E-002  -4.8904820158070290     
   4.8407346410162082E-002  -4.8967910769056511     
   5.3407346410162079E-002  -4.9038022264098053     
   5.8407346410162077E-002  -4.9114744296703288     
   6.3407346410162074E-002  -4.9197622026325787     
   6.8407346410162079E-002  -4.9286158750446498     
   7.3407346410162083E-002  -4.9379818815111811     
   7.8407346410162088E-002  -4.9478030787255882     
   8.3407346410162092E-002  -4.9580190870416905     
   8.8407346410162096E-002  -4.9685666543841371     
   9.3407346410162101E-002  -4.9793800403471336     
   9.8407346410162105E-002  -4.9903914181933331     
  0.10340734641016211       -5.0015312923407462     
  0.10840734641016211       -5.0127289288154637     
  0.11340734641016212       -5.0239127960531640     
  0.11840734641016212       -5.0350110133529364     
  0.12340734641016213       -5.0459518042239182     
  0.12840734641016213       -5.0566639518187673     
  0.13340734641016214       -5.0670772536186135     
  0.13840734641016214       -5.0771229725220932     
  0.14340734641016215       -5.0867342814965246     
  0.14840734641016215       -5.0958466989722986     
  0.15340734641016215       -5.1043985122021196     
  0.15840734641016216       -5.1123311858646510     
  0.16340734641016216       -5.1195897532671708     
  0.16840734641016217       -5.1261231875936710     
  0.17340734641016217       -5.1318847507529135     
  0.17840734641016218       -5.1368323175048110     
  0.18340734641016218       -5.1409286726824108     
  0.18840734641016219       -5.1441417794799280     
  0.19340734641016219       -5.1464450169439706     
  0.19840734641016219       -5.1478173849842079     
  0.20340734641016220       -5.1482436754104244     
  0.20840734641016220       -5.1477146077039171     
  0.21340734641016221       -5.1462269284414459     
  0.21840734641016221       -5.1437834735082433     
  0.22340734641016222       -5.1403931924615103     
  0.22840734641016222       -5.1360711346361834     
  0.23340734641016223       -5.1308383968191231     
  0.23840734641016223       -5.1247220325547609     
  0.24340734641016223       -5.1177549233833819     
  0.24840734641016224       -5.1099756125510076     
  0.25340734641016222       -5.1014281019659258     
  0.25840734641016222       -5.0921616134097825     
  0.26340734641016222       -5.0822303152393999     
  0.26840734641016223       -5.0716930160376830     
  0.27340734641016223       -5.0606128268866550     
  0.27840734641016224       -5.0490567941416646     
  0.28340734641016224       -5.0370955047814929     
  0.28840734641016225       -5.0248026665935548     
  0.29340734641016225       -5.0122546656251821     
  0.29840734641016226       -4.9995301034900503     
  0.30340734641016226       -4.9867093172620525     
  0.30840734641016226       -4.9738738848166362     
  0.31340734641016227       -4.9611061185903127     
  0.31840734641016227       -4.9484885508227086     
  0.32340734641016228       -4.9361034134207982     
  0.32840734641016228       -4.9240321156416105     
  0.33340734641016229       -4.9123547228272431     
  0.33840734641016229       -4.9011494394438833     
  0.34340734641016230       -4.8904920996746979     
  0.34840734641016230       -4.8804556687946974     
  0.35340734641016230       -4.8711097585139544     
  0.35840734641016231       -4.8625201594139993     
  0.36340734641016231       -4.8547483935211435     
  0.36840734641016232       -4.8478512899600563     
  0.37340734641016232       -4.8418805865118681     
  0.37840734641016233       -4.8368825597636347     
  0.38340734641016233       -4.8328976863813056     
  0.38840734641016234       -4.8299603378667273     
  0.39340734641016234       -4.8280985109720786     
  0.39840734641016234       -4.8273335957430046     
  0.40340734641016235       -4.8276801829461755     
  0.40840734641016235       -4.8291459124088743     
  0.41340734641016236       -4.8317313635590127     
  0.41840734641016236       -4.8354299892049752     
  0.42340734641016237       -4.8402280933373847     
  0.42840734641016237       -4.8461048534705791     
  0.43340734641016238       -4.8530323877722354     
  0.43840734641016238       -4.8609758669561547     
  0.44340734641016238       -4.8698936706380849     
  0.44840734641016239       -4.8797375875784681     
  0.45340734641016239       -4.8904530589616311     
  0.45840734641016240       -4.9019794635890559     
  0.46340734641016240       -4.9142504435973775     
  0.46840734641016241       -4.9271942690506618     
  0.47340734641016241       -4.9407342395034997     
  0.47840734641016242       -4.9547891203876517     
  0.48340734641016242       -4.9692736118422260     
  0.48840734641016242       -4.9840988473870738     
  0.49340734641016243       -4.9991729196326382     
  0.49840734641016243       -5.0144014300283137     
  0.50340734641016238       -5.0296880594766709     
  0.50840734641016239       -5.0449351564839970     
  0.51340734641016239       -5.0600443393794086     
  0.51840734641016240       -5.0749171090164662     
  0.52340734641016240       -5.0894554682735427     
  0.52840734641016240       -5.1035625445929620     
  0.53340734641016241       -5.1171432117448141     
  0.53840734641016241       -5.1301047069698011     
  0.54340734641016242       -5.1423572396469055     
  0.54840734641016242       -5.1538145876464494     
  0.55340734641016243       -5.1643946775671123     
  0.55840734641016243       -5.1740201451169243     
  0.56340734641016244       -5.1826188719828332     
  0.56840734641016244       -5.1901244956409203     
  0.57340734641016244       -5.1964768886892685     
  0.57840734641016245       -5.2016226044372988     
  0.58340734641016245       -5.2055152856582749     
  0.58840734641016246       -5.2081160336050480     
  0.59340734641016246       -5.2093937346016972     
  0.59840734641016247       -5.2093253417545933     
  0.60340734641016247       -5.2078961095743983     
  0.60840734641016248       -5.2050997795641978     
  0.61340734641016248       -5.2009387151068784     
  0.61840734641016248       -5.1954239842757337     
  0.62340734641016249       -5.1885753894941393     
  0.62840734641016249       -5.1804214432816211     
  0.63340734641016250       -5.1709992896427490     
  0.63840734641016250       -5.1603545709803544     
  0.64340734641016251       -5.1485412407436089     
  0.64840734641016251       -5.1356213223526836     
  0.65340734641016252       -5.1216646152730325     
  0.65840734641016252       -5.1067483494418342     
  0.66340734641016252       -5.0909567895748973     
  0.66840734641016253       -5.0743807912023255     
  0.67340734641016253       -5.0571173105935063     
  0.67840734641016254       -5.0392688710347340     
  0.68340734641016254       -5.0209429882138314     
  0.68840734641016255       -5.0022515577441142     
  0.69340734641016255       -4.9833102081225853     
  0.69840734641016256       -4.9642376226632789     
  0.70340734641016256       -4.9451548341739953     
  0.70840734641016256       -4.9261844963522075     
  0.71340734641016257       -4.9074501360619758     
  0.71840734641016257       -4.8890753908170241     
  0.72340734641016258       -4.8711832359346356     
  0.72840734641016258       -4.8538952059394633     
  0.73340734641016259       -4.8373306148849000     
  0.73840734641016259       -4.8216057803215646     
  0.74340734641016259       -4.8068332556769233     
  0.74840734641016260       -4.7931210758168454     
  0.75340734641016260       -4.7805720205383242     
  0.75840734641016261       -4.7692829006928825     
  0.76340734641016261       -4.7593438715619749     
  0.76840734641016262       -4.7508377779994113     
  0.77340734641016262       -4.7438395357215555     
  0.77840734641016263       -4.7384155529645318     
  0.78340734641016263       -4.7346231965392693     
  0.78840734641016263       -4.7325103061009948     
  0.79340734641016264       -4.7321147602104716     
  0.79840734641016264       -4.7334640975013178     
  0.80340734641016265       -4.7365751959819145     
  0.80840734641016265       -4.7414540131936791     
  0.81340734641016266       -4.7480953896209837     
  0.81840734641016266       -4.7564829174035212     
  0.82340734641016267       -4.7665888760414719     
  0.82840734641016267       -4.7783742364088022     
  0.83340734641016267       -4.7917887340031609     
  0.83840734641016268       -4.8067710119634883     
  0.84340734641016268       -4.8232488339812347     
  0.84840734641016269       -4.8411393668203102     
  0.85340734641016269       -4.8603495317463787     
  0.85840734641016270       -4.8807764237507580     
  0.86340734641016270       -4.9023077970400522     
  0.86840734641016271       -4.9248226148521264     
  0.87340734641016271       -4.9481916612546613     
  0.87840734641016271       -4.9722782121866143     
  0.88340734641016272       -4.9969387626177380     
  0.88840734641016272       -5.0220238063293881     
  0.89340734641016273       -5.0473786644632161     
  0.89840734641016273       -5.0728443586454635     
  0.90340734641016274       -5.0982585241753418     
  0.90840734641016274       -5.1234563584686033     
  0.91340734641016275       -5.1482715996737589     
  0.91840734641016275       -5.1725375301302892     
  0.92340734641016275       -5.1960879991174691     
  0.92840734641016276       -5.2187584591502656     
  0.93340734641016276       -5.2403870099172787     
  0.93840734641016277       -5.2608154438252743     
  0.94340734641016277       -5.2798902870174427     
  0.94840734641016278       -5.2974638296684002     
  0.95340734641016278       -5.3133951393292662     
  0.95840734641016279       -5.3275510511013504     
  0.96340734641016279       -5.3398071284572994     
  0.96840734641016279       -5.3500485886045039     
  0.97340734641016280       -5.3581711863968451     
  0.97840734641016280       -5.3640820509472995     
  0.98340734641016281       -5.3677004692753476     
  0.98840734641016281       -5.3689586115386367     
  0.99340734641016282       -5.3678021926473258     
  0.99840734641016282       -5.3641910653409424     
   1.0034073464101627       -5.3580997401202701     
   1.0084073464101626       -5.3495178277691773     
   1.0134073464101625       -5.3384504005723450     
   1.0184073464101624       -5.3249182687320937     
   1.0234073464101623       -5.3089581689098901     
   1.0284073464101622       -5.2906228622628291     
   1.0334073464101621       -5.2699811398108549     
   1.0384073464101620       -5.2471177334539769     
   1.0434073464101619       -5.2221331314580421     
   1.0484073464101618       -5.1951432977400680     
   1.0534073464101616       -5.1662792948070990     
   1.0584073464101615       -5.1356868107333158     
   1.0634073464101614       -5.1035255910958615     
   1.0684073464101613       -5.0699687773276194     
   1.0734073464101612       -5.0352021534822242     
   1.0784073464101611       -4.9994233039398948     
   1.0834073464101610       -4.9628406851091480     
   1.0884073464101609       -4.9256726146965768     
   1.0934073464101608       -4.8881461826211776     
   1.0984073464101607       -4.8504960881388142     
   1.1034073464101606       -4.8129634082131556     
   1.1084073464101605       -4.7757943026192722     
   1.1134073464101604       -4.7392386616922018     
   1.1184073464101603       -4.7035487030327587     
   1.1234073464101602       -4.6689775238541786     
   1.1284073464101601       -4.6357776159934270     
   1.1334073464101599       -4.6041993509182282     
   1.1384073464101598       -4.5744894423328368     
   1.1434073464101597       -4.5468893942204724     
   1.1484073464101596       -4.5216339423566687     
   1.1534073464101595       -4.4989494974838493     
   1.1584073464101594       -4.4790525984521441     
   1.1634073464101593       -4.4621483837034228     
   1.1684073464101592       -4.4484290895045460     
   1.1734073464101591       -4.4380725833203103     
   1.1784073464101590       -4.4312409406571680     
   1.1834073464101589       -4.4280790736044011     
   1.1884073464101588       -4.4287134191508652     
   1.1934073464101587       -4.4332506951624220     
   1.1984073464101586       -4.4417767316687122     
   1.2034073464101585       -4.4543553848283626     
   1.2084073464101583       -4.4710275406205620     
   1.2134073464101582       -4.4918102149489139     
   1.2184073464101581       -4.5166957564424735     
   1.2234073464101580       -4.5456511578002665     
   1.2284073464101579       -4.5786174810515821     
   1.2334073464101578       -4.6155094015966895     
   1.2384073464101577       -4.6562148753540047     
   1.2434073464101576       -4.7005949327722671     
   1.2484073464101575       -4.7484836028730122     
   1.2534073464101574       -4.7996879698720027     
   1.2584073464101573       -4.8539883642914416     
   1.2634073464101572       -4.9111386898210432     
   1.2684073464101571       -4.9708668865179568     
   1.2734073464101570       -5.0328755302574359     
   1.2784073464101569       -5.0968425676601985     
   1.2834073464101567       -5.1624221850334058     
   1.2884073464101566       -5.2292458091722960     
   1.2934073464101565       -5.2969232371836297     
   1.2984073464101564       -5.3650438918124284     
   1.3034073464101563       -5.4331781980848870     
   1.3084073464101562       -5.5008790764251421     
   1.3134073464101561       -5.5676835467663572     
   1.3184073464101560       -5.6331144375597590     
   1.3234073464101559       -5.6966821929930589     
   1.3284073464101558       -5.7578867711646184     
   1.3334073464101557       -5.8162196254255427     
   1.3384073464101556       -5.8711657606009284     
   1.3434073464101555       -5.9222058553374515     
   1.3484073464101554       -5.9688184413989154     
   1.3534073464101553       -6.0104821303481701     
   1.3584073464101551       -6.0466778777136989     
   1.3634073464101550       -6.0768912744458667     
   1.3684073464101549       -6.1006148552216644     
   1.3734073464101548       -6.1173504129608176     
   1.3784073464101547       -6.1266113087704284     
   1.3834073464101546       -6.1279247664423622     
   1.3884073464101545       -6.1208341405869664     
   1.3934073464101544       -6.1049011475002430     
   1.3984073464101543       -6.0797080479285333     
   1.4034073464101542       -6.0448597710163634     
   1.4084073464101541       -5.9999859688978443     
   1.4134073464101540       -5.9447429916208501     
   1.4184073464101539       -5.8788157723739509     
   1.4234073464101538       -5.8019196133191961     
   1.4284073464101537       -5.7138018627165268     
   1.4334073464101535       -5.6142434744577869     
   1.4384073464101534       -5.5030604416068361     
   1.4434073464101533       -5.3801050960662540     
   1.4484073464101532       -5.2452672670572555     
   1.4534073464101531       -5.0984752917060785     
   1.4584073464101530       -4.9396968716736493     
   1.4634073464101529       -4.7689397704437075     
   1.4684073464101528       -4.5862523465936871     
   1.4734073464101527       -4.3917239191101167     
   1.4784073464101526       -4.1854849615717971     
   1.4834073464101525       -3.9677071228065790     
   1.4884073464101524       -3.7386030724269221     
   1.4934073464101523       -3.4984261704620776     
   1.4984073464101522       -3.2474699611264857     
   1.5034073464101521       -2.9860674915910002     
   1.5084073464101520       -2.7145904574515991     
   1.5134073464101518       -2.4334481774152459     
   1.5184073464101517       -2.1430864005406733     
   1.5234073464101516       -1.8439859501784883     
   1.5284073464101515       -1.5366612095465761     
   1.5334073464101514       -1.2216584546490401     
   1.5384073464101513      -0.89955404099599745     
   1.5434073464101512      -0.57095245130358530     
   1.5484073464101511      -0.23648421204497350     
   1.5534073464101510       0.10319631261984830     
   1.5584073464101509       0.44741324038826180     
   1.5634073464101508       0.79547159410758495     
   1.5684073464101507        1.1466598185559482     
   1.5734073464101506        1.5002523799638943     
   1.5784073464101505        1.8555124370908582     
   1.5834073464101504        2.2116945722845944     
   1.5884073464101502        2.5680475706191705     
   1.5934073464101501        2.9238172349308695     
   1.5984073464101500        3.2782492243521801     
   1.6034073464101499        3.6305919037840644     
   1.6084073464101498        3.9800991916460857     
   1.6134073464101497        4.3260333932043062     
   1.6184073464101496        4.6676680067976690     
   1.6234073464101495        5.0042904903661345     
   1.6284073464101494        5.3352049758264064     
   1.6334073464101493        5.6597349190451762     
   1.6384073464101492        5.9772256734222102     
   1.6434073464101491        6.2870469754179616     
   1.6484073464101490        6.5885953307385288     
   1.6534073464101489        6.8812962903254764     
   1.6584073464101488        7.1646066057853650     
   1.6634073464101486        7.4380162544331370     
   1.6684073464101485        7.7010503247108568     
   1.6734073464101484        7.9532707533772156     
   1.6784073464101483        8.1942779065397193     
   1.6834073464101482        8.4237119973179553     
   1.6884073464101481        8.6412543336790026     
   1.6934073464101480        8.8466283907716079     
   1.6984073464101479        9.0396007028998699     
   1.7034073464101478        9.2199815711168878     
   1.7084073464101477        9.3876255832784867     
   1.7134073464101476        9.5424319442745986     
   1.7184073464101475        9.6843446150444699     
   1.7234073464101474        9.8133522598797889     
   1.7284073464101473        9.9294880024200030     
   1.7334073464101472        10.032828991644685     
   1.7384073464101470        10.123495780061990     
   1.7434073464101469        10.201651517177593     
   1.7484073464101468        10.267500962198966     
   1.7534073464101467        10.321289320782544     
   1.7584073464101466        10.363300911460650     
   1.7634073464101465        10.393857668188161     
   1.7684073464101464        10.413317486220532     
   1.7734073464101463        10.422072419272343     
   1.7784073464101462        10.420546736604056     
   1.7834073464101461        10.409194849341759     
   1.7884073464101460        10.388499115946200     
   1.7934073464101459        10.358967537310939     
   1.7984073464101458        10.321131352481517     
   1.8034073464101457        10.275542546446154     
   1.8084073464101456        10.222771281850964     
   1.8134073464101454        10.163403266836974     
   1.8184073464101453        10.098037071481055     
   1.8234073464101452        10.027281405545828     
   1.8284073464101451        9.9517523704049271     
   1.8334073464101450        9.8720706981074251     
   1.8384073464101449        9.7888589905793442     
   1.8434073464101448        9.7027389719301205     
   1.8484073464101447        9.6143287667383461     
   1.8534073464101446        9.5242402170339791     
   1.8584073464101445        9.4330762504748087     
   1.8634073464101444        9.3414283119338144     
   1.8684073464101443        9.2498738703735093     
   1.8734073464101442        9.1589740124836823     
   1.8784073464101441        9.0692711341039320     
   1.8834073464101440        8.9812867399425489     
   1.8884073464101438        8.8955193615428172     
   1.8934073464101437        8.8124426028382299     
   1.8984073464101436        8.7325033219834616     
   1.9034073464101435        8.6561199574507981     
   1.9084073464101434        8.5836810056464508     
   1.9134073464101433        8.5155436565304843     
   1.9184073464101432        8.4520325929229987     
   1.9234073464101431        8.3934389583506395     
   1.9284073464101430        8.3400194974369661     
   1.9334073464101429        8.2919958719704532     
   1.9384073464101428        8.2495541549011779     
   1.9434073464101427        8.2128445036239679     
   1.9484073464101426        8.1819810130087731     
   1.9534073464101425        8.1570417477405037     
   1.9584073464101424        8.1380689526372265     
   1.9634073464101423        8.1250694387301863     
   1.9684073464101421        8.1180151420176667     
   1.9734073464101420        8.1168438509501772     
   1.9784073464101419        8.1214600978725997     
   1.9834073464101418        8.1317362088426268     
   1.9884073464101417        8.1475135054694245     
   1.9934073464101416        8.1686036516746796     
   1.9984073464101415        8.1947901375748931     
   2.0034073464101416        8.2258298920214887     
   2.0084073464101415        8.2614550147184200     
   2.0134073464101414        8.3013746182673263     
   2.0184073464101413        8.3452767699722035     
   2.0234073464101412        8.3928305227701934     
   2.0284073464101411        8.4436880242458763     
   2.0334073464101410        8.4974866923347356     
   2.0384073464101409        8.5538514460293307     
   2.0434073464101408        8.6123969791703328     
   2.0484073464101407        8.6727300652351964     
   2.0534073464101406        8.7344518809307843     
   2.0584073464101404        8.7971603363526594     
   2.0634073464101403        8.8604523994939015     
   2.0684073464101402        8.9239264029692151     
   2.0734073464101401        8.9871843209658842     
   2.0784073464101400        9.0498340046405303     
   2.0834073464101399        9.1114913644486748     
   2.0884073464101398        9.1717824882211048     
   2.0934073464101397        9.2303456841856768     
   2.0984073464101396        9.2868334385726072     
   2.1034073464101395        9.3409142779338836     
   2.1084073464101394        9.3922745268500769     
   2.1134073464101393        9.4406199522877934     
   2.1184073464101392        9.4856772865049699     
   2.1234073464101391        9.5271956210763449     
   2.1284073464101390        9.5649476653229755     
   2.1334073464101388        9.5987308631755308     
   2.1384073464101387        9.6283683632756016     
   2.1434073464101386        9.6537098379194326     
   2.1484073464101385        9.6746321472698860     
   2.1534073464101384        9.6910398461003151     
   2.1584073464101383        9.7028655311843259     
   2.1634073464101382        9.7100700283036865     
   2.1684073464101381        9.7126424187081550     
   2.1734073464101380        9.7105999057212138     
   2.1784073464101379        9.7039875230403787     
   2.1834073464101378        9.6928776871249696     
   2.1884073464101377        9.6773695968941489     
   2.1934073464101376        9.6575884847684215     
   2.1984073464101375        9.6336847238754579     
   2.2034073464101374        9.6058327970009216     
   2.2084073464101373        9.5742301335938009     
   2.2134073464101371        9.5390958218290560     
   2.2184073464101370        9.5006692033852183     
   2.2234073464101369        9.4592083592067659     
   2.2284073464101368        9.4149884950884157     
   2.2334073464101367        9.3683002364369798     
   2.2384073464101366        9.3194478420339415     
   2.2434073464101365        9.2687473470362498     
   2.2484073464101364        9.2165246458111483     
   2.2534073464101363        9.1631135255021050     
   2.2584073464101362        9.1088536614646269     
   2.2634073464101361        9.0540885858929983     
   2.2684073464101360        8.9991636410792566     
   2.2734073464101359        8.9444239288050991     
   2.2784073464101358        8.8902122673639390     
   2.2834073464101357        8.8368671676459698     
   2.2884073464101355        8.7847208395922340     
   2.2934073464101354        8.7340972401368084     
   2.2984073464101353        8.6853101735091442     
   2.3034073464101352        8.6386614544633460     
   2.3084073464101351        8.5944391446393116     
   2.3134073464101350        8.5529158718436342     
   2.3184073464101349        8.5143472415693076     
   2.3234073464101348        8.4789703495538564     
   2.3284073464101347        8.4470024036093942     
   2.3334073464101346        8.4186394623476595     
   2.3384073464101345        8.3940552977719278     
   2.3434073464101344        8.3734003880191068     
   2.3484073464101343        8.3568010458134250     
   2.3534073464101342        8.3443586874409466     
   2.3584073464101341        8.3361492462768378     
   2.3634073464101339        8.3322227340980195     
   2.3684073464101338        8.3326029525974796     
   2.3734073464101337        8.3372873566871935     
   2.3784073464101336        8.3462470703388156     
   2.3834073464101335        8.3594270548695988     
   2.3884073464101334        8.3767464287395690     
   2.3934073464101333        8.3980989370900510     
   2.3984073464101332        8.4233535684265828     
   2.4034073464101331        8.4523553150366517     
   2.4084073464101330        8.4849260729381282     
   2.4134073464101329        8.5208656763820319     
   2.4184073464101328        8.5599530611881711     
   2.4234073464101327        8.6019475504773037     
   2.4284073464101326        8.6465902556831544     
   2.4334073464101325        8.6936055850857148     
   2.4384073464101323        8.7427028515064897     
   2.4434073464101322        8.7935779702507002     
   2.4484073464101321        8.8459152378735926     
   2.4534073464101320        8.8993891818903332     
   2.4584073464101319        8.9536664711448370     
   2.4634073464101318        9.0084078762034991     
   2.4684073464101317        9.0632702688476972     
   2.4734073464101316        9.1179086495054644     
   2.4784073464101315        9.1719781912893872     
   2.4834073464101314        9.2251362891951416     
   2.4884073464101313        9.2770446029642670     
   2.4934073464101312        9.3273710821256035     
   2.4984073464101311        9.3757919618029835     
   2.5034073464101310        9.4219937180110733     
   2.5084073464101309        9.4656749713566057     
   2.5134073464101307        9.5065483283177894     
   2.5184073464101306        9.5443421495884326     
   2.5234073464101305        9.5788022353444386     
   2.5284073464101304        9.6096934177164144     
   2.5334073464101303        9.6368010512309610     
   2.5384073464101302        9.6599323925130136     
   2.5434073464101301        9.6789178611183715     
   2.5484073464101300        9.6936121739872938     
   2.5534073464101299        9.7038953466735833     
   2.5584073464101298        9.7096735552042510     
   2.5634073464101297        9.7108798531606411     
   2.5684073464101296        9.7074747393374796     
   2.5734073464101295        9.6994465721287391     
   2.5784073464101294        9.6868118276038100     
   2.5834073464101293        9.6696151990698684     
   2.5884073464101292        9.6479295367625539     
   2.5934073464101290        9.6218556271625850     
   2.5984073464101289        9.5915218122956940     
   2.6034073464101288        9.5570834502337085     
   2.6084073464101287        9.5187222188702822     
   2.6134073464101286        9.4766452658916549     
   2.6184073464101285        9.4310842086966282     
   2.6234073464101284        9.3822939888354693     
   2.6284073464101283        9.3305515863313673     
   2.6334073464101282        9.2761546000155732     
   2.6384073464101281        9.2194197007444103     
   2.6434073464101280        9.1606809650693357     
   2.6484073464101279        9.1002880975961418     
   2.6534073464101278        9.0386045508928863     
   2.6584073464101277        8.9760055523846738     
   2.6634073464101276        8.9128760482041258     
   2.6684073464101274        8.8496085744463819     
   2.6734073464101273        8.7866010667039109     
   2.6784073464101272        8.7242546191274588     
   2.6834073464101271        8.6629712045726137     
   2.6884073464101270        8.6031513676454665     
   2.6934073464101269        8.5451919026537944     
   2.6984073464101268        8.4894835286014310     
   2.7034073464101267        8.4364085734320025     
   2.7084073464101266        8.3863386797336315     
   2.7134073464101265        8.3396325440582881     
   2.7184073464101264        8.2966337018886716     
   2.7234073464101263        8.2576683701020777     
   2.7284073464101262        8.2230433585357527     
   2.7334073464101261        8.1930440619526639     
   2.7384073464101260        8.1679325433421699     
   2.7434073464101258        8.1479457190684581     
   2.7484073464101257        8.1332936559028575     
   2.7534073464101256        8.1241579894466476     
   2.7584073464101255        8.1206904728714591     
   2.7634073464101254        8.1230116642777404     
   2.7684073464101253        8.1312097603010152     
   2.7734073464101252        8.1453395828844926     
   2.7784073464101251        8.1654217253880148     
   2.7834073464101250        8.1914418634220851     
   2.7884073464101249        8.2233502349847463     
   2.7934073464101248        8.2610612936429622     
   2.7984073464101247        8.3044535376434485     
   2.8034073464101246        8.3533695169641184     
   2.8084073464101245        8.4076160194319485     
   2.8134073464101244        8.4669644361394099     
   2.8184073464101242        8.5311513054954489     
   2.8234073464101241        8.5998790343517317     
   2.8284073464101240        8.6728167937561995     
   2.8334073464101239        8.7496015860071346     
   2.8384073464101238        8.8298394788175454     
   2.8434073464101237        8.9131070015554688     
   2.8484073464101236        8.9989526977053043     
   2.8534073464101235        9.0868988269023845     
   2.8584073464101234        9.1764432091322270     
   2.8634073464101233        9.2670612029605408     
   2.8684073464101232        9.3582078089744503     
   2.8734073464101231        9.4493198889721643     
   2.8784073464101230        9.5398184908414674     
   2.8834073464101229        9.6291112685198215     
   2.8884073464101228        9.7165949859328240     
   2.8934073464101226        9.8016580933664610     
   2.8984073464101225        9.8836833643436481     
   2.9034073464101224        9.9620505807494872     
   2.9084073464101223        10.036139253683610     
   2.9134073464101222        10.105331367313607     
   2.9184073464101221        10.169014132861465     
   2.9234073464101220        10.226582739776823     
   2.9284073464101219        10.277443091135531     
   2.9334073464101218        10.321014510351262     
   2.9384073464101217        10.356732406399916     
   2.9434073464101216        10.384050884932130     
   2.9484073464101215        10.402445292886277     
   2.9534073464101214        10.411414684512527     
   2.9584073464101213        10.410484197075668     
   2.9634073464101212        10.399207324919431     
   2.9684073464101211        10.377168081045134     
   2.9734073464101209        10.343983035880573     
   2.9784073464101208        10.299303223488625     
   2.9834073464101207        10.242815906086021     
   2.9884073464101206        10.174246188408052     
   2.9934073464101205        10.093358474161285     
   2.9984073464101204        9.9999577575498897     
   3.0034073464101203        9.8938907436389361     
   3.0084073464101202        9.7750467921251083     
   3.0134073464101201        9.6433586799183590     
   3.0184073464101200        9.4988031787927465     
   3.0234073464101199        9.3414014452366736     
   3.0284073464101198        9.1712192205181751     
   3.0334073464101197        8.9883668398741428     
   3.0384073464101196        8.7929990506308098     
   3.0434073464101195        8.5853146399602664     
   3.0484073464101193        8.3655558738710631     
   3.0534073464101192        8.1340077499149572     
   3.0584073464101191        7.8909970669623632     
   3.0634073464101190        7.6368913162522896     
   3.0684073464101189        7.3720973987537768     
   3.0734073464101188        7.0970601746808555     
   3.0784073464101187        6.8122608517790511     
   3.0834073464101186        6.5182152197431940     
   3.0884073464101185        6.2154717388315257     
   3.0934073464101184        5.9046094914055995     
   3.0984073464101183        5.5862360057462421     
   3.1034073464101182        5.2609849620705180     
   3.1084073464101181        4.9295137911998532     
   3.1134073464101180        4.5925011768026822     
   3.1184073464101179        4.2506444725551162     
   3.1234073464101177        3.9046570459268461     
   3.1284073464101176        3.5552655606063350     
   3.1334073464101175        3.2032072098273625     
   3.1384073464101174        2.8492269130471990     
