  -3.1415926535897931        1.6566728812881040     
  -3.1365926535897932        1.5673408384799805     
  -3.1315926535897933        1.4782213740197110     
  -3.1265926535897934        1.3893245140074029     
  -3.1215926535897935        1.3006602122469237     
  -3.1165926535897936        1.2122383486752613     
  -3.1115926535897938        1.1240687278089787     
  -3.1065926535897939        1.0361610772080709     
  -3.1015926535897940       0.94852504595752729     
  -3.0965926535897941       0.86117020316684911     
  -3.0915926535897942       0.77410603648782428     
  -3.0865926535897943       0.68734195065081849     
  -3.0815926535897944       0.60088726601987186     
  -3.0765926535897945       0.51475121716686423     
  -3.0715926535897946       0.42894295146498984     
  -3.0665926535897947       0.34347152770181943     
  -3.0615926535897948       0.25834591471220869     
  -3.0565926535897949       0.17357499003129107     
  -3.0515926535897950        8.9167538567792581E-002
  -3.0465926535897951        5.1322512979221635E-003
  -3.0415926535897952       -7.8522276019923565E-002
  -3.0365926535897954      -0.16178754410942164     
  -3.0315926535897955      -0.24465515141932070     
  -3.0265926535897956      -0.32711679534495475     
  -3.0215926535897957      -0.40916427342804318     
  -3.0165926535897958      -0.49078948453458193     
  -3.0115926535897959      -0.57198443001060428     
  -3.0065926535897960      -0.65274121481562797     
  -3.0015926535897961      -0.73305204863357099     
  -2.9965926535897962      -0.81290924696093758     
  -2.9915926535897963      -0.89230523217212077     
  -2.9865926535897964      -0.97123253456161707     
  -2.9815926535897965       -1.0496837933629550     
  -2.9765926535897966       -1.1276517577442065     
  -2.9715926535897967       -1.2051292877798827     
  -2.9665926535897968       -1.2821093553990812     
  -2.9615926535897970       -1.3585850453096791     
  -2.9565926535897971       -1.4345495558984733     
  -2.9515926535897972       -1.5099962001070943     
  -2.9465926535897973       -1.5849184062835546     
  -2.9415926535897974       -1.6593097190092905     
  -2.9365926535897975       -1.7331637999015872     
  -2.9315926535897976       -1.8064744283912384     
  -2.9265926535897977       -1.8792355024753367     
  -2.9215926535897978       -1.9514410394450643     
  -2.9165926535897979       -2.0230851765883990     
  -2.9115926535897980       -2.0941621718676027     
  -2.9065926535897981       -2.1646664045714239     
  -2.9015926535897982       -2.2345923759418902     
  -2.8965926535897983       -2.3039347097756373     
  -2.8915926535897984       -2.3726881529996584     
  -2.8865926535897986       -2.4408475762214330     
  -2.8815926535897987       -2.5084079742533234     
  -2.8765926535897988       -2.5753644666112283     
  -2.8715926535897989       -2.6417122979873593     
  -2.8665926535897990       -2.7074468386971784     
  -2.8615926535897991       -2.7725635851003574     
  -2.8565926535897992       -2.8370581599957836     
  -2.8515926535897993       -2.9009263129905323     
  -2.8465926535897994       -2.9641639208428092     
  -2.8415926535897995       -3.0267669877787933     
  -2.8365926535897996       -3.0887316457834109     
  -2.8315926535897997       -3.1500541548649821     
  -2.8265926535897998       -3.2107309032937517     
  -2.8215926535897999       -3.2707584078142986     
  -2.8165926535898000       -3.3301333138318245     
  -2.8115926535898002       -3.3888523955723260     
  -2.8065926535898003       -3.4469125562166649     
  -2.8015926535898004       -3.5043108280085598     
  -2.7965926535898005       -3.5610443723365135     
  -2.7915926535898006       -3.6171104797897158     
  -2.7865926535898007       -3.6725065701879434     
  -2.7815926535898008       -3.7272301925855231     
  -2.7765926535898009       -3.7812790252493693     
  -2.7715926535898010       -3.8346508756111817     
  -2.7665926535898011       -3.8873436801938190     
  -2.7615926535898012       -3.9393555045119717     
  -2.7565926535898013       -3.9906845429471405     
  -2.7515926535898014       -4.0413291185970230     
  -2.7465926535898015       -4.0912876830993961     
  -2.7415926535898016       -4.1405588164305467     
  -2.7365926535898017       -4.1891412266783847     
  -2.7315926535898019       -4.2370337497902879     
  -2.7265926535898020       -4.2842353492958001     
  -2.7215926535898021       -4.3307451160042980     
  -2.7165926535898022       -4.3765622676777296     
  -2.7115926535898023       -4.4216861486785133     
  -2.7065926535898024       -4.4661162295927559     
  -2.7015926535898025       -4.5098521068289141     
  -2.6965926535898026       -4.5528935021920010     
  -2.6915926535898027       -4.5952402624334976     
  -2.6865926535898028       -4.6368923587770992     
  -2.6815926535898029       -4.6778498864204581     
  -2.6765926535898030       -4.7181130640130649     
  -2.6715926535898031       -4.7576822331104154     
  -2.6665926535898032       -4.7965578576046308     
  -2.6615926535898033       -4.8347405231317184     
  -2.6565926535898035       -4.8722309364556073     
  -2.6515926535898036       -4.9090299248291673     
  -2.6465926535898037       -4.9451384353323578     
  -2.6415926535898038       -4.9805575341877315     
  -2.6365926535898039       -5.0152884060534575     
  -2.6315926535898040       -5.0493323532940488     
  -2.6265926535898041       -5.0826907952290341     
  -2.6215926535898042       -5.1153652673597225     
  -2.6165926535898043       -5.1473574205743224     
  -2.6115926535898044       -5.1786690203315855     
  -2.6065926535898045       -5.2093019458232233     
  -2.6015926535898046       -5.2392581891152830     
  -2.5965926535898047       -5.2685398542687532     
  -2.5915926535898048       -5.2971491564395947     
  -2.5865926535898049       -5.3250884209584273     
  -2.5815926535898051       -5.3523600823901401     
  -2.5765926535898052       -5.3789666835736467     
  -2.5715926535898053       -5.4049108746420229     
  -2.5665926535898054       -5.4301954120233020     
  -2.5615926535898055       -5.4548231574221644     
  -2.5565926535898056       -5.4787970767827714     
  -2.5515926535898057       -5.5021202392330224     
  -2.5465926535898058       -5.5247958160105064     
  -2.5415926535898059       -5.5468270793703702     
  -2.5365926535898060       -5.5682174014754411     
  -2.5315926535898061       -5.5889702532688252     
  -2.5265926535898062       -5.6090892033292850     
  -2.5215926535898063       -5.6285779167096806     
  -2.5165926535898064       -5.6474401537587573     
  -2.5115926535898065       -5.6656797689265392     
  -2.5065926535898067       -5.6833007095536958     
  -2.5015926535898068       -5.7003070146450687     
  -2.4965926535898069       -5.7167028136277640     
  -2.4915926535898070       -5.7324923250940421     
  -2.4865926535898071       -5.7476798555293263     
  -2.4815926535898072       -5.7622697980256534     
  -2.4765926535898073       -5.7762666309808495     
  -2.4715926535898074       -5.7896749167837713     
  -2.4665926535898075       -5.8024993004858931     
  -2.4615926535898076       -5.8147445084596017     
  -2.4565926535898077       -5.8264153470434721     
  -2.4515926535898078       -5.8375167011748825     
  -2.4465926535898079       -5.8480535330102699     
  -2.4415926535898080       -5.8580308805333647     
  -2.4365926535898081       -5.8674538561517320     
  -2.4315926535898083       -5.8763276452819513     
  -2.4265926535898084       -5.8846575049237559     
  -2.4215926535898085       -5.8924487622234905     
  -2.4165926535898086       -5.8997068130271986     
  -2.4115926535898087       -5.9064371204236785     
  -2.4065926535898088       -5.9126452132778970     
  -2.4015926535898089       -5.9183366847550296     
  -2.3965926535898090       -5.9235171908355122     
  -2.3915926535898091       -5.9281924488214512     
  -2.3865926535898092       -5.9323682358347272     
  -2.3815926535898093       -5.9360503873071462     
  -2.3765926535898094       -5.9392447954629715     
  -2.3715926535898095       -5.9419574077942094     
  -2.3665926535898096       -5.9441942255289941     
  -2.3615926535898097       -5.9459613020933899     
  -2.3565926535898098       -5.9472647415670430     
  -2.3515926535898100       -5.9481106971329343     
  -2.3465926535898101       -5.9485053695216710     
  -2.3415926535898102       -5.9484550054506391     
  -2.3365926535898103       -5.9479658960583581     
  -2.3315926535898104       -5.9470443753344249     
  -2.3265926535898105       -5.9456968185454002     
  -2.3215926535898106       -5.9439296406569522     
  -2.3165926535898107       -5.9417492947526860     
  -2.3115926535898108       -5.9391622704499429     
  -2.3065926535898109       -5.9361750923129843     
  -2.3015926535898110       -5.9327943182639036     
  -2.2965926535898111       -5.9290265379915805     
  -2.2915926535898112       -5.9248783713591049     
  -2.2865926535898113       -5.9203564668099888     
  -2.2815926535898114       -5.9154674997735155     
  -2.2765926535898116       -5.9102181710696078     
  -2.2715926535898117       -5.9046152053135623     
  -2.2665926535898118       -5.8986653493209822     
  -2.2615926535898119       -5.8923753705133226     
  -2.2565926535898120       -5.8857520553243301     
  -2.2515926535898121       -5.8788022076077864     
  -2.2465926535898122       -5.8715326470468767     
  -2.2415926535898123       -5.8639502075655612     
  -2.2365926535898124       -5.8560617357422728     
  -2.2315926535898125       -5.8478740892263081     
  -2.2265926535898126       -5.8393941351572609     
  -2.2215926535898127       -5.8306287485878396     
  -2.2165926535898128       -5.8215848109104131     
  -2.2115926535898129       -5.8122692082876473     
  -2.2065926535898130       -5.8026888300875390     
  -2.2015926535898132       -5.7928505673232422     
  -2.1965926535898133       -5.7827613110979694     
  -2.1915926535898134       -5.7724279510553567     
  -2.1865926535898135       -5.7618573738355972     
  -2.1815926535898136       -5.7510564615376767     
  -2.1765926535898137       -5.7400320901880946     
  -2.1715926535898138       -5.7287911282163035     
  -2.1665926535898139       -5.7173404349373227     
  -2.1615926535898140       -5.7056868590417311     
  -2.1565926535898141       -5.6938372370934438     
  -2.1515926535898142       -5.6817983920355699     
  -2.1465926535898143       -5.6695771317046715     
  -2.1415926535898144       -5.6571802473537209     
  -2.1365926535898145       -5.6446145121841331     
  -2.1315926535898146       -5.6318866798871019     
  -2.1265926535898148       -5.6190034831946276     
  -2.1215926535898149       -5.6059716324404771     
  -2.1165926535898150       -5.5927978141314494     
  -2.1115926535898151       -5.5794886895291764     
  -2.1065926535898152       -5.5660508932428208     
  -2.1015926535898153       -5.5524910318329246     
  -2.0965926535898154       -5.5388156824267183     
  -2.0915926535898155       -5.5250313913451832     
  -2.0865926535898156       -5.5111446727421489     
  -2.0815926535898157       -5.4971620072556986     
  -2.0765926535898158       -5.4830898406721964     
  -2.0715926535898159       -5.4689345826031603     
  -2.0665926535898160       -5.4547026051753154     
  -2.0615926535898161       -5.4404002417340394     
  -2.0565926535898162       -5.4260337855605192     
  -2.0515926535898164       -5.4116094886028350     
  -2.0465926535898165       -5.3971335602212678     
  -2.0415926535898166       -5.3826121659480659     
  -2.0365926535898167       -5.3680514262619301     
  -2.0315926535898168       -5.3534574153774557     
  -2.0265926535898169       -5.3388361600498024     
  -2.0215926535898170       -5.3241936383947870     
  -2.0165926535898171       -5.3095357787246895     
  -2.0115926535898172       -5.2948684583999581     
  -2.0065926535898173       -5.2801975026970744     
  -2.0015926535898174       -5.2655286836927822     
  -1.9965926535898175       -5.2508677191649129     
  -1.9915926535898176       -5.2362202715100219     
  -1.9865926535898177       -5.2215919466780392     
  -1.9815926535898178       -5.2069882931241516     
  -1.9765926535898179       -5.1924148007781197     
  -1.9715926535898181       -5.1778769000312179     
  -1.9665926535898182       -5.1633799607410076     
  -1.9615926535898183       -5.1489292912541247     
  -1.9565926535898184       -5.1345301374472587     
  -1.9515926535898185       -5.1201876817865282     
  -1.9465926535898186       -5.1059070424054145     
  -1.9415926535898187       -5.0916932722014092     
  -1.9365926535898188       -5.0775513579515827     
  -1.9315926535898189       -5.0634862194472001     
  -1.9265926535898190       -5.0495027086475659     
  -1.9215926535898191       -5.0356056088532375     
  -1.9165926535898192       -5.0217996338987536     
  -1.9115926535898193       -5.0080894273650474     
  -1.9065926535898194       -4.9944795618116444     
  -1.9015926535898195       -4.9809745380288177     
  -1.8965926535898197       -4.9675787843097892     
  -1.8915926535898198       -4.9542966557431543     
  -1.8865926535898199       -4.9411324335255911     
  -1.8815926535898200       -4.9280903242950149     
  -1.8765926535898201       -4.9151744594842608     
  -1.8715926535898202       -4.9023888946954157     
  -1.8665926535898203       -4.8897376090948894     
  -1.8615926535898204       -4.8772245048293152     
  -1.8565926535898205       -4.8648534064623901     
  -1.8515926535898206       -4.8526280604327221     
  -1.8465926535898207       -4.8405521345327553     
  -1.8415926535898208       -4.8286292174088823     
  -1.8365926535898209       -4.8168628180827735     
  -1.8315926535898210       -4.8052563654940208     
  -1.8265926535898211       -4.7938132080641180     
  -1.8215926535898213       -4.7825366132818914     
  -1.8165926535898214       -4.7714297673103410     
  -1.8115926535898215       -4.7604957746150447     
  -1.8065926535898216       -4.7497376576140535     
  -1.8015926535898217       -4.7391583563494137     
  -1.7965926535898218       -4.7287607281802524     
  -1.7915926535898219       -4.7185475474975345     
  -1.7865926535898220       -4.7085215054604275     
  -1.7815926535898221       -4.6986852097543697     
  -1.7765926535898222       -4.6890411843707724     
  -1.7715926535898223       -4.6795918694084202     
  -1.7665926535898224       -4.6703396208965255     
  -1.7615926535898225       -4.6612867106394589     
  -1.7565926535898226       -4.6524353260831202     
  -1.7515926535898227       -4.6437875702029512     
  -1.7465926535898229       -4.6353454614135510     
  -1.7415926535898230       -4.6271109334998801     
  -1.7365926535898231       -4.6190858355700080     
  -1.7315926535898232       -4.6112719320293829     
  -1.7265926535898233       -4.6036709025765585     
  -1.7215926535898234       -4.5962843422203514     
  -1.7165926535898235       -4.5891137613183606     
  -1.7115926535898236       -4.5821605856367942     
  -1.7065926535898237       -4.5754261564315515     
  -1.7015926535898238       -4.5689117305504823     
  -1.6965926535898239       -4.5626184805567389     
  -1.6915926535898240       -4.5565474948731763     
  -1.6865926535898241       -4.5506997779476803     
  -1.6815926535898242       -4.5450762504393669     
  -1.6765926535898243       -4.5396777494255254     
  -1.6715926535898245       -4.5345050286292627     
  -1.6665926535898246       -4.5295587586676822     
  -1.6615926535898247       -4.5248395273205313     
  -1.6565926535898248       -4.5203478398192027     
  -1.6515926535898249       -4.5160841191559600     
  -1.6465926535898250       -4.5120487064132710     
  -1.6415926535898251       -4.5082418611131310     
  -1.6365926535898252       -4.5046637615862304     
  -1.6315926535898253       -4.5013145053608525     
  -1.6265926535898254       -4.4981941095713438     
  -1.6215926535898255       -4.4953025113860114     
  -1.6165926535898256       -4.4926395684543312     
  -1.6115926535898257       -4.4902050593732614     
  -1.6065926535898258       -4.4879986841725525     
  -1.6015926535898259       -4.4860200648188657     
  -1.5965926535898260       -4.4842687457385404     
  -1.5915926535898262       -4.4827441943588440     
  -1.5865926535898263       -4.4814458016675163     
  -1.5815926535898264       -4.4803728827904603     
  -1.5765926535898265       -4.4795246775873538     
  -1.5715926535898266       -4.4789003512650307     
  -1.5665926535898267       -4.4784989950084322     
  -1.5615926535898268       -4.4783196266289096     
  -1.5565926535898269       -4.4783611912297312     
  -1.5515926535898270       -4.4786225618885203     
  -1.5465926535898271       -4.4791025403564948     
  -1.5415926535898272       -4.4797998577742302     
  -1.5365926535898273       -4.4807131754037792     
  -1.5315926535898274       -4.4818410853769066     
  -1.5265926535898275       -4.4831821114592296     
  -1.5215926535898276       -4.4847347098300174     
  -1.5165926535898278       -4.4864972698774652     
  -1.5115926535898279       -4.4884681150091561     
  -1.5065926535898280       -4.4906455034775234     
  -1.5015926535898281       -4.4930276292200411     
  -1.4965926535898282       -4.4956126227139199     
  -1.4915926535898283       -4.4983985518450620     
  -1.4865926535898284       -4.5013834227910099     
  -1.4815926535898285       -4.5045651809176634     
  -1.4765926535898286       -4.5079417116894920     
  -1.4715926535898287       -4.5115108415929885     
  -1.4665926535898288       -4.5152703390731057     
  -1.4615926535898289       -4.5192179154824199     
  -1.4565926535898290       -4.5233512260427435     
  -1.4515926535898291       -4.5276678708189246     
  -1.4465926535898292       -4.5321653957045527     
  -1.4415926535898294       -4.5368412934193252     
  -1.4365926535898295       -4.5416930045177537     
  -1.4315926535898296       -4.5467179184089801     
  -1.4265926535898297       -4.5519133743873681     
  -1.4215926535898298       -4.5572766626736509     
  -1.4165926535898299       -4.5628050254662771     
  -1.4115926535898300       -4.5684956580027372     
  -1.4065926535898301       -4.5743457096305216     
  -1.4015926535898302       -4.5803522848874554     
  -1.3965926535898303       -4.5865124445911079     
  -1.3915926535898304       -4.5928232069369646     
  -1.3865926535898305       -4.5992815486050898     
  -1.3815926535898306       -4.6058844058749582     
  -1.3765926535898307       -4.6126286757481685     
  -1.3715926535898308       -4.6195112170787302     
  -1.3665926535898310       -4.6265288517106162     
  -1.3615926535898311       -4.6336783656222824     
  -1.3565926535898312       -4.6409565100778467     
  -1.3515926535898313       -4.6483600027846128     
  -1.3465926535898314       -4.6558855290566354     
  -1.3415926535898315       -4.6635297429840090     
  -1.3365926535898316       -4.6712892686075786     
  -1.3315926535898317       -4.6791607010987502     
  -1.3265926535898318       -4.6871406079440936     
  -1.3215926535898319       -4.6952255301344117     
  -1.3165926535898320       -4.7034119833579835     
  -1.3115926535898321       -4.7116964591976327     
  -1.3065926535898322       -4.7200754263313414     
  -1.3015926535898323       -4.7285453317360506     
  -1.2965926535898324       -4.7371026018943789     
  -1.2915926535898326       -4.7457436440038823     
  -1.2865926535898327       -4.7544648471885962     
  -1.2815926535898328       -4.7632625837124998     
  -1.2765926535898329       -4.7721332101945926     
  -1.2715926535898330       -4.7810730688252825     
  -1.2665926535898331       -4.7900784885837346     
  -1.2615926535898332       -4.7991457864558953     
  -1.2565926535898333       -4.8082712686528462     
  -1.2515926535898334       -4.8174512318291809     
  -1.2465926535898335       -4.8266819643010903     
  -1.2415926535898336       -4.8359597472638303     
  -1.2365926535898337       -4.8452808560082525     
  -1.2315926535898338       -4.8546415611360922     
  -1.2265926535898339       -4.8640381297736814     
  -1.2215926535898340       -4.8734668267837984     
  -1.2165926535898341       -4.8829239159752911     
  -1.2115926535898343       -4.8924056613102174     
  -1.2065926535898344       -4.9019083281081484     
  -1.2015926535898345       -4.9114281842473275     
  -1.1965926535898346       -4.9209615013623962     
  -1.1915926535898347       -4.9305045560383540     
  -1.1865926535898348       -4.9400536310004428     
  -1.1815926535898349       -4.9496050162996772     
  -1.1765926535898350       -4.9591550104936637     
  -1.1715926535898351       -4.9686999218224575     
  -1.1665926535898352       -4.9782360693791219     
  -1.1615926535898353       -4.9877597842746830     
  -1.1565926535898354       -4.9972674107972086     
  -1.1515926535898355       -5.0067553075646911     
  -1.1465926535898356       -5.0162198486714287     
  -1.1415926535898357       -5.0256574248276431     
  -1.1365926535898359       -5.0350644444920052     
  -1.1315926535898360       -5.0444373349967995     
  -1.1265926535898361       -5.0537725436654313     
  -1.1215926535898362       -5.0630665389219898     
  -1.1165926535898363       -5.0723158113925777     
  -1.1115926535898364       -5.0815168749981350     
  -1.1065926535898365       -5.0906662680384720     
  -1.1015926535898366       -5.0997605542672266     
  -1.0965926535898367       -5.1087963239574794     
  -1.0915926535898368       -5.1177701949577568     
  -1.0865926535898369       -5.1266788137381356     
  -1.0815926535898370       -5.1355188564262004     
  -1.0765926535898371       -5.1442870298325776     
  -1.0715926535898372       -5.1529800724657857     
  -1.0665926535898373       -5.1615947555361412     
  -1.0615926535898375       -5.1701278839484734     
  -1.0565926535898376       -5.1785762972833833     
  -1.0515926535898377       -5.1869368707667949     
  -1.0465926535898378       -5.1952065162275636     
  -1.0415926535898379       -5.2033821830428915     
  -1.0365926535898380       -5.2114608590713001     
  -1.0315926535898381       -5.2194395715729405     
  -1.0265926535898382       -5.2273153881169829     
  -1.0215926535898383       -5.2350854174758830     
  -1.0165926535898384       -5.2427468105062749     
  -1.0115926535898385       -5.2502967610162665     
  -1.0065926535898386       -5.2577325066189395     
  -1.0015926535898387       -5.2650513295718140     
 -0.99659265358983873       -5.2722505576020637     
 -0.99159265358983872       -5.2793275647172972     
 -0.98659265358983872       -5.2862797720016621     
 -0.98159265358983872       -5.2931046483971134     
 -0.97659265358983871       -5.2997997114695954     
 -0.97159265358983871       -5.3063625281599993     
 -0.96659265358983870       -5.3127907155196601     
 -0.96159265358983870       -5.3190819414302259     
 -0.95659265358983869       -5.3252339253077183     
 -0.95159265358983869       -5.3312444387906046     
 -0.94659265358983868       -5.3371113064116980     
 -0.94159265358983868       -5.3428324062537200     
 -0.93659265358983868       -5.3484056705883747     
 -0.93159265358983867       -5.3538290864987390     
 -0.92659265358983867       -5.3591006964848509     
 -0.92159265358983866       -5.3642185990523021     
 -0.91659265358983866       -5.3691809492837255     
 -0.91159265358983865       -5.3739859593930017     
 -0.90659265358983865       -5.3786318992620554     
 -0.90159265358983864       -5.3831170969601176     
 -0.89659265358983864       -5.3874399392452990     
 -0.89159265358983864       -5.3915988720483590     
 -0.88659265358983863       -5.3955924009385647     
 -0.88159265358983863       -5.3994190915714864     
 -0.87659265358983862       -5.4030775701186373     
 -0.87159265358983862       -5.4065665236788698     
 -0.86659265358983861       -5.4098847006713680     
 -0.86159265358983861       -5.4130309112102024     
 -0.85659265358983860       -5.4160040274602892     
 -0.85159265358983860       -5.4188029839747260     
 -0.84659265358983860       -5.4214267780133625     
 -0.84159265358983859       -5.4238744698425689     
 -0.83659265358983859       -5.4261451830160965     
 -0.83159265358983858       -5.4282381046369732     
 -0.82659265358983858       -5.4301524856003773     
 -0.82159265358983857       -5.4318876408173988     
 -0.81659265358983857       -5.4334429494196623     
 -0.81159265358983856       -5.4348178549447432     
 -0.80659265358983856       -5.4360118655023335     
 -0.80159265358983856       -5.4370245539211162     
 -0.79659265358983855       -5.4378555578763130     
 -0.79159265358983855       -5.4385045799978631     
 -0.78659265358983854       -5.4389713879592314     
 -0.78159265358983854       -5.4392558145467804     
 -0.77659265358983853       -5.4393577577097414     
 -0.77159265358983853       -5.4392771805907163     
 -0.76659265358983852       -5.4390141115367552     
 -0.76159265358983852       -5.4385686440909726     
 -0.75659265358983852       -5.4379409369647034     
 -0.75159265358983851       -5.4371312139902450     
 -0.74659265358983851       -5.4361397640541345     
 -0.74159265358983850       -5.4349669410110337     
 -0.73659265358983850       -5.4336131635782277     
 -0.73159265358983849       -5.4320789152107309     
 -0.72659265358983849       -5.4303647439570888     
 -0.72159265358983848       -5.4284712622958704     
 -0.71659265358983848       -5.4263991469528934     
 -0.71159265358983848       -5.4241491386992680     
 -0.70659265358983847       -5.4217220421302494     
 -0.70159265358983847       -5.4191187254250099     
 -0.69659265358983846       -5.4163401200873622     
 -0.69159265358983846       -5.4133872206675058     
 -0.68659265358983845       -5.4102610844648629     
 -0.68159265358983845       -5.4069628312120956     
 -0.67659265358983844       -5.4034936427403544     
 -0.67159265358983844       -5.3998547626258748     
 -0.66659265358983844       -5.3960474958179905     
 -0.66159265358983843       -5.3920732082486618     
 -0.65659265358983843       -5.3879333264236235     
 -0.65159265358983842       -5.3836293369952504     
 -0.64659265358983842       -5.3791627863172433     
 -0.64159265358983841       -5.3745352799812700     
 -0.63659265358983841       -5.3697484823356438     
 -0.63159265358983840       -5.3648041159861997     
 -0.62659265358983840       -5.3597039612794593     
 -0.62159265358983840       -5.3544498557682383     
 -0.61659265358983839       -5.3490436936598318     
 -0.61159265358983839       -5.3434874252468951     
 -0.60659265358983838       -5.3377830563211992     
 -0.60159265358983838       -5.3319326475703654     
 -0.59659265358983837       -5.3259383139577841     
 -0.59159265358983837       -5.3198022240858158     
 -0.58659265358983836       -5.3135265995425023     
 -0.58159265358983836       -5.3071137142318818     
 -0.57659265358983836       -5.3005658936881463     
 -0.57159265358983835       -5.2938855143737626     
 -0.56659265358983835       -5.2870750029617568     
 -0.56159265358983834       -5.2801368356023612     
 -0.55659265358983834       -5.2730735371741666     
 -0.55159265358983833       -5.2658876805200121     
 -0.54659265358983833       -5.2585818856677831     
 -0.54159265358983832       -5.2511588190363234     
 -0.53659265358983832       -5.2436211926266640     
 -0.53159265358983832       -5.2359717631987648     
 -0.52659265358983831       -5.2282133314339880     
 -0.52159265358983831       -5.2203487410835212     
 -0.51659265358983830       -5.2123808781029428     
 -0.51159265358983830       -5.2043126697731861     
 -0.50659265358983829       -5.1961470838080839     
 -0.50159265358983829       -5.1878871274487643     
 -0.49659265358983828       -5.1795358465450896     
 -0.49159265358983828       -5.1710963246243971     
 -0.48659265358983828       -5.1625716819477736     
 -0.48159265358983827       -5.1539650745540904     
 -0.47659265358983827       -5.1452796932920730     
 -0.47159265358983826       -5.1365187628406153     
 -0.46659265358983826       -5.1276855407176161     
 -0.46159265358983825       -5.1187833162775753     
 -0.45659265358983825       -5.1098154096982231     
 -0.45159265358983824       -5.1007851709564163     
 -0.44659265358983824       -5.0916959787935863     
 -0.44159265358983824       -5.0825512396709884     
 -0.43659265358983823       -5.0733543867150299     
 -0.43159265358983823       -5.0641088786529371     
 -0.42659265358983822       -5.0548181987390484     
 -0.42159265358983822       -5.0454858536719822     
 -0.41659265358983821       -5.0361153725029961     
 -0.41159265358983821       -5.0267103055357749     
 -0.40659265358983820       -5.0172742232179646     
 -0.40159265358983820       -5.0078107150247142     
 -0.39659265358983820       -4.9983233883345193     
 -0.39159265358983819       -4.9888158672976637     
 -0.38659265358983819       -4.9792917916975403     
 -0.38159265358983818       -4.9697548158051461     
 -0.37659265358983818       -4.9602086072270390     
 -0.37159265358983817       -4.9506568457470888     
 -0.36659265358983817       -4.9411032221622548     
 -0.36159265358983816       -4.9315514371127538     
 -0.35659265358983816       -4.9220051999069021     
 -0.35159265358983816       -4.9124682273408942     
 -0.34659265358983815       -4.9029442425138932     
 -0.34159265358983815       -4.8934369736386794     
 -0.33659265358983814       -4.8839501528482030     
 -0.33159265358983814       -4.8744875149983171     
 -0.32659265358983813       -4.8650527964670331     
 -0.32159265358983813       -4.8556497339506004     
 -0.31659265358983812       -4.8462820632566928     
 -0.31159265358983812       -4.8369535180950658     
 -0.30659265358983812       -4.8276678288659571     
 -0.30159265358983811       -4.8184287214465717     
 -0.29659265358983811       -4.8092399159759465     
 -0.29159265358983810       -4.8001051256385248     
 -0.28659265358983810       -4.7910280554467590     
 -0.28159265358983809       -4.7820124010230449     
 -0.27659265358983809       -4.7730618473813244     
 -0.27159265358983808       -4.7641800677086543     
 -0.26659265358983808       -4.7553707221470782     
 -0.26159265358983808       -4.7466374565761109     
 -0.25659265358983807       -4.7379839013961558     
 -0.25159265358983807       -4.7294136703131819     
 -0.24659265358983806       -4.7209303591249538     
 -0.24159265358983806       -4.7125375445091766     
 -0.23659265358983805       -4.7042387828138272     
 -0.23159265358983805       -4.6960376088500393     
 -0.22659265358983804       -4.6879375346878041     
 -0.22159265358983804       -4.6799420484548664     
 -0.21659265358983804       -4.6720546131390774     
 -0.21159265358983803       -4.6642786653945647     
 -0.20659265358983803       -4.6566176143520028     
 -0.20159265358983802       -4.6490748404333280     
 -0.19659265358983802       -4.6416536941711826     
 -0.19159265358983801       -4.6343574950334396     
 -0.18659265358983801       -4.6271895302530739     
 -0.18159265358983800       -4.6201530536637421     
 -0.17659265358983800       -4.6132512845413469     
 -0.17159265358983800       -4.6064874064519001     
 -0.16659265358983799       -4.5998645661060138     
 -0.16159265358983799       -4.5933858722203036     
 -0.15659265358983798       -4.5870543943860200     
 -0.15159265358983798       -4.5808731619452168     
 -0.14659265358983797       -4.5748451628747455     
 -0.14159265358983797       -4.5689733426783921     
 -0.13659265358983796       -4.5632606032874463     
 -0.13159265358983796       -4.5577098019700140     
 -0.12659265358983796       -4.5523237502493377     
 -0.12159265358983795       -4.5471052128314673     
 -0.11659265358983795       -4.5420569065425296     
 -0.11159265358983794       -4.5371814992759125     
 -0.10659265358983794       -4.5324816089496363     
 -0.10159265358983793       -4.5279598024742240     
  -9.6592653589837929E-002  -4.5236185947313112     
  -9.1592653589837925E-002  -4.5194604475633202     
  -8.6592653589837920E-002  -4.5154877687744603     
  -8.1592653589837916E-002  -4.5117029111433178     
  -7.6592653589837911E-002  -4.5081081714473337     
  -7.1592653589837907E-002  -4.5047057894994236     
  -6.6592653589837902E-002  -4.5014979471970191     
  -6.1592653589837905E-002  -4.4984867675837874     
  -5.6592653589837907E-002  -4.4956743139242983     
  -5.1592653589837910E-002  -4.4930625887919096     
  -4.6592653589837912E-002  -4.4906535331700965     
  -4.1592653589837915E-002  -4.4884490255675207     
  -3.6592653589837917E-002  -4.4864508811470651     
  -3.1592653589837920E-002  -4.4846608508690782     
  -2.6592653589837919E-002  -4.4830806206491021     
  -2.1592653589837918E-002  -4.4817118105303013     
  -1.6592653589837917E-002  -4.4805559738708265     
  -1.1592653589837916E-002  -4.4796145965463845     
  -6.5926535898379159E-003  -4.4788890961682055     
  -1.5926535898379158E-003  -4.4783808213166578     
   3.4073464101620843E-003  -4.4780910507907388     
   8.4073464101620844E-003  -4.4780209928736499     
   1.3407346410162085E-002  -4.4781717846146849     
   1.8407346410162086E-002  -4.4785444911276393     
   2.3407346410162087E-002  -4.4791401049059552     
   2.8407346410162088E-002  -4.4799595451548075     
   3.3407346410162089E-002  -4.4810036571403415     
   3.8407346410162087E-002  -4.4822732115562394     
   4.3407346410162084E-002  -4.4837689039078423     
   4.8407346410162082E-002  -4.4854913539139938     
   5.3407346410162079E-002  -4.4874411049268002     
   5.8407346410162077E-002  -4.4896186233695046     
   6.3407346410162074E-002  -4.4920242981926215     
   6.8407346410162079E-002  -4.4946584403485499     
   7.3407346410162083E-002  -4.4975212822847919     
   7.8407346410162088E-002  -4.5006129774559724     
   8.3407346410162092E-002  -4.5039335998548227     
   8.8407346410162096E-002  -4.5074831435622578     
   9.3407346410162101E-002  -4.5112615223167403     
   9.8407346410162105E-002  -4.5152685691030401     
  0.10340734641016211       -4.5195040357605700     
  0.10840734641016211       -4.5239675926114131     
  0.11340734641016212       -4.5286588281081857     
  0.11840734641016212       -4.5335772485018646     
  0.12340734641016213       -4.5387222775297227     
  0.12840734641016213       -4.5440932561234506     
  0.13340734641016214       -4.5496894421376401     
  0.13840734641016214       -4.5555100100986854     
  0.14340734641016215       -4.5615540509742578     
  0.14840734641016215       -4.5678205719634173     
  0.15340734641016215       -4.5743084963074869     
  0.15840734641016216       -4.5810166631217655     
  0.16340734641016216       -4.5879438272481838     
  0.16840734641016217       -4.5950886591289644     
  0.17340734641016217       -4.6024497447013903     
  0.17840734641016218       -4.6100255853137346     
  0.18340734641016218       -4.6178145976624325     
  0.18840734641016219       -4.6258151137505532     
  0.19340734641016219       -4.6340253808676328     
  0.19840734641016219       -4.6424435615909232     
  0.20340734641016220       -4.6510677338081017     
  0.20840734641016220       -4.6598958907614918     
  0.21340734641016221       -4.6689259411138186     
  0.21840734641016221       -4.6781557090355630     
  0.22340734641016222       -4.6875829343139017     
  0.22840734641016222       -4.6972052724832913     
  0.23340734641016223       -4.7070202949777009     
  0.23840734641016223       -4.7170254893045040     
  0.24340734641016223       -4.7272182592400398     
  0.24840734641016224       -4.7375959250468540     
  0.25340734641016222       -4.7481557237126051     
  0.25840734641016222       -4.7588948092106387     
  0.26340734641016222       -4.7698102527822135     
  0.26840734641016223       -4.7808990432403569     
  0.27340734641016223       -4.7921580872953378     
  0.27840734641016224       -4.8035842099017252     
  0.28340734641016224       -4.8151741546269848     
  0.28840734641016225       -4.8269245840416035     
  0.29340734641016225       -4.8388320801306683     
  0.29840734641016226       -4.8508931447268901     
  0.30340734641016226       -4.8631041999649627     
  0.30840734641016226       -4.8754615887572541     
  0.31340734641016227       -4.8879615752907402     
  0.31840734641016227       -4.9006003455451026     
  0.32340734641016228       -4.9133740078319450     
  0.32840734641016228       -4.9262785933550219     
  0.33340734641016229       -4.9393100567914097     
  0.33840734641016229       -4.9524642768935347     
  0.34340734641016230       -4.9657370571119444     
  0.34840734641016230       -4.9791241262387462     
  0.35340734641016230       -4.9926211390716038     
  0.35840734641016231       -5.0062236770981610     
  0.36340734641016231       -5.0199272492008156     
  0.36840734641016232       -5.0337272923816867     
  0.37340734641016232       -5.0476191725076784     
  0.37840734641016233       -5.0615981850755096     
  0.38340734641016233       -5.0756595559965492     
  0.38840734641016234       -5.0897984424013583     
  0.39340734641016234       -5.1040099334637627     
  0.39840734641016234       -5.1182890512443278     
  0.40340734641016235       -5.1326307515530658     
  0.40840734641016235       -5.1470299248312497     
  0.41340734641016236       -5.1614813970521212     
  0.41840734641016236       -5.1759799306403789     
  0.42340734641016237       -5.1905202254102392     
  0.42840734641016237       -5.2050969195219086     
  0.43340734641016238       -5.2197045904562840     
  0.43840734641016238       -5.2343377560076920     
  0.44340734641016238       -5.2489908752944965     
  0.44840734641016239       -5.2636583497873408     
  0.45340734641016239       -5.2783345243548698     
  0.45840734641016240       -5.2930136883267078     
  0.46340734641016240       -5.3076900765734791     
  0.46840734641016241       -5.3223578706036756     
  0.47340734641016241       -5.3370111996771445     
  0.47840734641016242       -5.3516441419349796     
  0.48340734641016242       -5.3662507255455996     
  0.48840734641016242       -5.3808249298667707     
  0.49340734641016243       -5.3953606866233494     
  0.49840734641016243       -5.4098518811005230     
  0.50340734641016238       -5.4242923533522678     
  0.50840734641016239       -5.4386758994248385     
  0.51340734641016239       -5.4529962725949854     
  0.51840734641016240       -5.4672471846226891     
  0.52340734641016240       -5.4814223070181303     
  0.52840734641016240       -5.4955152723226490     
  0.53340734641016241       -5.5095196754034363     
  0.53840734641016241       -5.5234290747616743     
  0.54340734641016242       -5.5372369938538615     
  0.54840734641016242       -5.5509369224260769     
  0.55340734641016243       -5.5645223178608489     
  0.55840734641016243       -5.5779866065364105     
  0.56340734641016244       -5.5913231851980267     
  0.56840734641016244       -5.6045254223410943     
  0.57340734641016244       -5.6175866596057613     
  0.57840734641016245       -5.6305002131827502     
  0.58340734641016245       -5.6432593752300892     
  0.58840734641016246       -5.6558574153004564     
  0.59340734641016246       -5.6682875817788476     
  0.59840734641016247       -5.6805431033302289     
  0.60340734641016247       -5.6926171903569243     
  0.60840734641016248       -5.7045030364653684     
  0.61340734641016248       -5.7161938199419406     
  0.61840734641016248       -5.7276827052375809     
  0.62340734641016249       -5.7389628444608372     
  0.62840734641016249       -5.7500273788790395     
  0.63340734641016250       -5.7608694404272889     
  0.63840734641016250       -5.7714821532249223     
  0.64340734641016251       -5.7818586350991303     
  0.64840734641016251       -5.7919919991153970     
  0.65340734641016252       -5.8018753551144417     
  0.65840734641016252       -5.8115018112553205     
  0.66340734641016252       -5.8208644755643455     
  0.66840734641016253       -5.8299564574895086     
  0.67340734641016253       -5.8387708694600455     
  0.67840734641016254       -5.8473008284508126     
  0.68340734641016254       -5.8555394575511395     
  0.68840734641016255       -5.8634798875378111     
  0.69340734641016255       -5.8711152584518125     
  0.69840734641016256       -5.8784387211785329     
  0.70340734641016256       -5.8854434390310404     
  0.70840734641016256       -5.8921225893361147     
  0.71340734641016257       -5.8984693650226445     
  0.71840734641016257       -5.9044769762120870     
  0.72340734641016258       -5.9101386518106036     
  0.72840734641016258       -5.9154476411025296     
  0.73340734641016259       -5.9203972153448232     
  0.73840734641016259       -5.9249806693621547     
  0.74340734641016259       -5.9291913231422333     
  0.74840734641016260       -5.9330225234310925     
  0.75340734641016260       -5.9364676453278982     
  0.75840734641016261       -5.9395200938789730     
  0.76340734641016261       -5.9421733056706660     
  0.76840734641016262       -5.9444207504207078     
  0.77340734641016262       -5.9462559325676896     
  0.77840734641016263       -5.9476723928583244     
  0.78340734641016263       -5.9486637099321102     
  0.78840734641016263       -5.9492235019030666     
  0.79340734641016264       -5.9493454279381357     
  0.79840734641016264       -5.9490231898319692     
  0.80340734641016265       -5.9482505335776565     
  0.80840734641016265       -5.9470212509331120     
  0.81340734641016266       -5.9453291809827071     
  0.81840734641016266       -5.9431682116938296     
  0.82340734641016267       -5.9405322814680037     
  0.82840734641016267       -5.9374153806861996     
  0.83340734641016267       -5.9338115532480025     
  0.83840734641016268       -5.9297148981042875     
  0.84340734641016268       -5.9251195707830124     
  0.84840734641016269       -5.9200197849078302     
  0.85340734641016269       -5.9144098137091285     
  0.85840734641016270       -5.9082839915271652     
  0.86340734641016270       -5.9016367153069513     
  0.86840734641016271       -5.8944624460845407     
  0.87340734641016271       -5.8867557104643566     
  0.87840734641016271       -5.8785111020872423     
  0.88340734641016272       -5.8697232830888746     
  0.88840734641016272       -5.8603869855482085     
  0.89340734641016273       -5.8504970129256062     
  0.89840734641016273       -5.8400482414903152     
  0.90340734641016274       -5.8290356217369812     
  0.90840734641016274       -5.8174541797908130     
  0.91340734641016275       -5.8052990188011302     
  0.91840734641016275       -5.7925653203229093     
  0.92340734641016275       -5.7792483456860522     
  0.92840734641016276       -5.7653434373519872     
  0.93340734641016276       -5.7508460202573639     
  0.93840734641016277       -5.7357516031444344     
  0.94340734641016277       -5.7200557798778728     
  0.94840734641016278       -5.7037542307476823     
  0.95340734641016278       -5.6868427237578754     
  0.95840734641016279       -5.6693171159006388     
  0.96340734641016279       -5.6511733544156630     
  0.96840734641016279       -5.6324074780343238     
  0.97340734641016280       -5.6130156182084345     
  0.97840734641016280       -5.5929940003232481     
  0.98340734641016281       -5.5723389448944367     
  0.98840734641016281       -5.5510468687487373     
  0.99340734641016282       -5.5291142861879834     
  0.99840734641016282       -5.5065378101362281     
   1.0034073464101627       -5.4833141532697010     
   1.0084073464101626       -5.4594401291292680     
   1.0134073464101625       -5.4349126532151937     
   1.0184073464101624       -5.4097287440638473     
   1.0234073464101623       -5.3838855243061623     
   1.0284073464101622       -5.3573802217075253     
   1.0334073464101621       -5.3302101701888693     
   1.0384073464101620       -5.3023728108286940     
   1.0434073464101619       -5.2738656928457672     
   1.0484073464101618       -5.2446864745622515     
   1.0534073464101616       -5.2148329243470286     
   1.0584073464101615       -5.1843029215389356     
   1.0634073464101614       -5.1530944573497290     
   1.0684073464101613       -5.1212056357465077     
   1.0734073464101612       -5.0886346743133615     
   1.0784073464101611       -5.0553799050920549     
   1.0834073464101610       -5.0214397754014737     
   1.0884073464101609       -4.9868128486356653     
   1.0934073464101608       -4.9514978050402254     
   1.0984073464101607       -4.9154934424668442     
   1.1034073464101606       -4.8787986771057827     
   1.1084073464101605       -4.8414125441961193     
   1.1134073464101604       -4.8033341987135287     
   1.1184073464101603       -4.7645629160354277     
   1.1234073464101602       -4.7250980925833002     
   1.1284073464101601       -4.6849392464420099     
   1.1334073464101599       -4.6440860179559289     
   1.1384073464101598       -4.6025381703017247     
   1.1434073464101597       -4.5602955900376108     
   1.1484073464101596       -4.5173582876289204     
   1.1534073464101595       -4.4737263979498403     
   1.1584073464101594       -4.4294001807611547     
   1.1634073464101593       -4.3843800211638424     
   1.1684073464101592       -4.3386664300283959     
   1.1734073464101591       -4.2922600443997236     
   1.1784073464101590       -4.2451616278775006     
   1.1834073464101589       -4.1973720709718396     
   1.1884073464101588       -4.1488923914341527     
   1.1934073464101587       -4.0997237345631250     
   1.1984073464101586       -4.0498673734856236     
   1.2034073464101585       -3.9993247094125093     
   1.2084073464101583       -3.9480972718691785     
   1.2134073464101582       -3.8961867189008057     
   1.2184073464101581       -3.8435948372521458     
   1.2234073464101580       -3.7903235425218398     
   1.2284073464101579       -3.7363748792911293     
   1.2334073464101578       -3.6817510212269240     
   1.2384073464101577       -3.6264542711591266     
   1.2434073464101576       -3.5704870611321748     
   1.2484073464101575       -3.5138519524307350     
   1.2534073464101574       -3.4565516355794941     
   1.2584073464101573       -3.3985889303169974     
   1.2634073464101572       -3.3399667855435102     
   1.2684073464101571       -3.2806882792428360     
   1.2734073464101570       -3.2207566183780969     
   1.2784073464101569       -3.1601751387614176     
   1.2834073464101567       -3.0989473048975293     
   1.2884073464101566       -3.0370767098012355     
   1.2934073464101565       -2.9745670747887765     
   1.2984073464101564       -2.9114222492430573     
   1.3034073464101563       -2.8476462103527673     
   1.3084073464101562       -2.7832430628253717     
   1.3134073464101561       -2.7182170385740161     
   1.3184073464101560       -2.6525724963783470     
   1.3234073464101559       -2.5863139215192805     
   1.3284073464101558       -2.5194459253877515     
   1.3334073464101557       -2.4519732450674709     
   1.3384073464101556       -2.3839007428917429     
   1.3434073464101555       -2.3152334059743875     
   1.3484073464101554       -2.2459763457148156     
   1.3534073464101553       -2.1761347972773266     
   1.3584073464101551       -2.1057141190446771     
   1.3634073464101550       -2.0347197920460047     
   1.3684073464101549       -1.9631574193591859     
   1.3734073464101548       -1.8910327254876793     
   1.3784073464101547       -1.8183515557119838     
   1.3834073464101546       -1.7451198754157644     
   1.3884073464101545       -1.6713437693867745     
   1.3934073464101544       -1.5970294410926555     
   1.3984073464101543       -1.5221832119317231     
   1.4034073464101542       -1.4468115204588798     
   1.4084073464101541       -1.3709209215867311     
   1.4134073464101540       -1.2945180857620753     
   1.4184073464101539       -1.2176097981178504     
   1.4234073464101538       -1.1402029576007200     
   1.4284073464101537       -1.0623045760743954     
   1.4334073464101535      -0.98392177739887243     
   1.4384073464101534      -0.90506179648572105     
   1.4434073464101533      -0.82573197832957912     
   1.4484073464101532      -0.74593977701601721     
   1.4534073464101531      -0.66569275470595124     
   1.4584073464101530      -0.58499858059674725     
   1.4634073464101529      -0.50386502986023318     
   1.4684073464101528      -0.42229998255775936     
   1.4734073464101527      -0.34031142253253144     
   1.4784073464101526      -0.25790743627937740     
   1.4834073464101525      -0.17509621179216772     
   1.4884073464101524       -9.1886037389075526E-002
   1.4934073464101523       -8.2853005158991522E-003
   1.4984073464101522        7.5697513472363642E-002
   1.5034073464101521       0.16005382255145273     
   1.5084073464101520       0.24477494928907628     
   1.5134073464101518       0.32985212212722459     
   1.5184073464101517       0.41527647668532053     
   1.5234073464101516       0.50103905708396468     
   1.5284073464101515       0.58713081728907324     
   1.5334073464101514       0.67354262247610941     
   1.5384073464101513       0.76026525041421400     
   1.5434073464101512       0.84728939286993277     
   1.5484073464101511       0.93460565703033227     
   1.5534073464101510        1.0222045669451891     
   1.5584073464101509        1.1100765649880437     
   1.5634073464101508        1.1982120133357950     
   1.5684073464101507        1.2866011954665995     
   1.5734073464101506        1.3752343176757762     
   1.5784073464101505        1.4641015106094462     
   1.5834073464101504        1.5531928308156089     
   1.5884073464101502        1.6424982623123754     
   1.5934073464101501        1.7320077181730582     
   1.5984073464101500        1.8217110421278255     
   1.6034073464101499        1.9115980101815981     
   1.6084073464101498        2.0016583322479247     
   1.6134073464101497        2.0918816537984730     
   1.6184073464101496        2.1822575575278718     
   1.6234073464101495        2.2727755650335588     
   1.6284073464101494        2.3634251385103173     
   1.6334073464101493        2.4541956824592028     
   1.6384073464101492        2.5450765454104896     
   1.6434073464101491        2.6360570216603620     
   1.6484073464101490        2.7271263530209549     
   1.6534073464101489        2.8182737305834822     
   1.6584073464101488        2.9094882964940290     
   1.6634073464101486        3.0007591457417466     
   1.6684073464101485        3.0920753279590585     
   1.6734073464101484        3.1834258492335286     
   1.6784073464101483        3.2747996739310725     
   1.6834073464101482        3.3661857265301229     
   1.6884073464101481        3.4575728934664349     
   1.6934073464101480        3.5489500249881232     
   1.6984073464101479        3.6403059370206150     
   1.7034073464101478        3.7316294130411363     
   1.7084073464101477        3.8229092059623584     
   1.7134073464101476        3.9141340400248659     
   1.7184073464101475        4.0052926126980353     
   1.7234073464101474        4.0963735965890038     
   1.7284073464101473        4.1873656413593032     
   1.7334073464101472        4.2782573756488205     
   1.7384073464101470        4.3690374090066975     
   1.7434073464101469        4.4596943338287787     
   1.7484073464101468        4.5502167273012493     
   1.7534073464101467        4.6405931533500615     
   1.7584073464101466        4.7308121645957728     
   1.7634073464101465        4.8208623043134233     
   1.7684073464101464        4.9107321083970366     
   1.7734073464101463        5.0004101073283902     
   1.7784073464101462        5.0898848281496454     
   1.7834073464101461        5.1791447964394539     
   1.7884073464101460        5.2681785382921484     
   1.7934073464101459        5.3569745822996255     
   1.7984073464101458        5.4455214615355345     
   1.8034073464101457        5.5338077155413661     
   1.8084073464101456        5.6218218923140704     
   1.8134073464101454        5.7095525502947728     
   1.8184073464101453        5.7969882603582228     
   1.8234073464101452        5.8841176078025921     
   1.8284073464101451        5.9709291943391660     
   1.8334073464101450        6.0574116400816038     
   1.8384073464101449        6.1435535855343355     
   1.8434073464101448        6.2293436935796898     
   1.8484073464101447        6.3147706514633768     
   1.8534073464101446        6.3998231727779364     
   1.8584073464101445        6.4844899994437180     
   1.8634073464101444        6.5687599036870461     
   1.8684073464101443        6.6526216900151303     
   1.8734073464101442        6.7360641971873614     
   1.8784073464101441        6.8190763001825712     
   1.8834073464101440        6.9016469121618842     
   1.8884073464101438        6.9837649864267455     
   1.8934073464101437        7.0654195183717601     
   1.8984073464101436        7.1465995474319239     
   1.9034073464101435        7.2272941590238746     
   1.9084073464101434        7.3074924864807631     
   1.9134073464101433        7.3871837129803684     
   1.9184073464101432        7.4663570734660469     
   1.9234073464101431        7.5450018565601606     
   1.9284073464101430        7.6231074064695594     
   1.9334073464101429        7.7006631248827864     
   1.9384073464101428        7.7776584728585672     
   1.9434073464101427        7.8540829727052461     
   1.9484073464101426        7.9299262098507750     
   1.9534073464101425        8.0051778347028666     
   1.9584073464101424        8.0798275644989612     
   1.9634073464101423        8.1538651851456159     
   1.9684073464101421        8.2272805530469473     
   1.9734073464101420        8.3000635969217651     
   1.9784073464101419        8.3722043196090219     
   1.9834073464101418        8.4436927998612266     
   1.9884073464101417        8.5145191941254357     
   1.9934073464101416        8.5846737383114995     
   1.9984073464101415        8.6541467495471611     
   2.0034073464101416        8.7229286279196856     
   2.0084073464101415        8.7910098582036564     
   2.0134073464101414        8.8583810115745951     
   2.0184073464101413        8.9250327473080393     
   2.0234073464101412        8.9909558144637600     
   2.0284073464101411        9.0561410535547520     
   2.0334073464101410        9.1205793982006789     
   2.0384073464101409        9.1842618767654276     
   2.0434073464101408        9.2471796139784459     
   2.0484073464101407        9.3093238325395244     
   2.0534073464101406        9.3706858547067053     
   2.0584073464101404        9.4312571038669937     
   2.0634073464101403        9.4910291060895595     
   2.0684073464101402        9.5499934916610911     
   2.0734073464101401        9.6081419966030239     
   2.0784073464101400        9.6654664641703008     
   2.0834073464101399        9.7219588463313880     
   2.0884073464101398        9.7776112052292206     
   2.0934073464101397        9.8324157146228135     
   2.0984073464101396        9.8863646613091909     
   2.1034073464101395        9.9394504465254236     
   2.1084073464101394        9.9916655873303899     
   2.1134073464101393        10.043002717966090     
   2.1184073464101392        10.093454591198125     
   2.1234073464101391        10.143014079635169     
   2.1284073464101390        10.191674177027076     
   2.1334073464101388        10.239427999541435     
   2.1384073464101387        10.286268787018255     
   2.1434073464101386        10.332189904202561     
   2.1484073464101385        10.377184841954616     
   2.1534073464101384        10.421247218437573     
   2.1584073464101383        10.464370780282252     
   2.1634073464101382        10.506549403728853     
   2.1684073464101381        10.547777095745364     
   2.1734073464101380        10.588047995122388     
   2.1784073464101379        10.627356373544274     
   2.1834073464101378        10.665696636636181     
   2.1884073464101377        10.703063324987010     
   2.1934073464101376        10.739451115147906     
   2.1984073464101375        10.774854820606141     
   2.2034073464101374        10.809269392734194     
   2.2084073464101373        10.842689921713855     
   2.2134073464101371        10.875111637435079     
   2.2184073464101370        10.906529910369532     
   2.2234073464101369        10.936940252418529     
   2.2284073464101368        10.966338317735278     
   2.2334073464101367        10.994719903521215     
   2.2384073464101366        11.022080950796294     
   2.2434073464101365        11.048417545143037     
   2.2484073464101364        11.073725917424243     
   2.2534073464101363        11.098002444474176     
   2.2584073464101362        11.121243649763095     
   2.2634073464101361        11.143446204034984     
   2.2684073464101360        11.164606925918376     
   2.2734073464101359        11.184722782510139     
   2.2784073464101358        11.203790889932060     
   2.2834073464101357        11.221808513860186     
   2.2884073464101355        11.238773070026756     
   2.2934073464101354        11.254682124694659     
   2.2984073464101353        11.269533395104295     
   2.3034073464101352        11.283324749892747     
   2.3084073464101351        11.296054209485211     
   2.3134073464101350        11.307719946458572     
   2.3184073464101349        11.318320285877048     
   2.3234073464101348        11.327853705599864     
   2.3284073464101347        11.336318836560872     
   2.3334073464101346        11.343714463020056     
   2.3384073464101345        11.350039522786881     
   2.3434073464101344        11.355293107415442     
   2.3484073464101343        11.359474462371358     
   2.3534073464101342        11.362582987170398     
   2.3584073464101341        11.364618235488798     
   2.3634073464101339        11.365579915245233     
   2.3684073464101338        11.365467888654461     
   2.3734073464101337        11.364282172252608     
   2.3784073464101336        11.362022936894066     
   2.3834073464101335        11.358690507720073     
   2.3884073464101334        11.354285364098878     
   2.3934073464101333        11.348808139537633     
   2.3984073464101332        11.342259621565891     
   2.4034073464101331        11.334640751590841     
   2.4084073464101330        11.325952624724282     
   2.4134073464101329        11.316196489581312     
   2.4184073464101328        11.305373748050872     
   2.4234073464101327        11.293485955038111     
   2.4284073464101326        11.280534818178673     
   2.4334073464101325        11.266522197524921     
   2.4384073464101323        11.251450105204231     
   2.4434073464101322        11.235320705049336     
   2.4484073464101321        11.218136312200869     
   2.4534073464101320        11.199899392682164     
   2.4584073464101319        11.180612562946379     
   2.4634073464101318        11.160278589396054     
   2.4684073464101317        11.138900387875230     
   2.4734073464101316        11.116481023134165     
   2.4784073464101315        11.093023708266813     
   2.4834073464101314        11.068531804121175     
   2.4884073464101313        11.043008818682598     
   2.4934073464101312        11.016458406430221     
   2.4984073464101311        10.988884367666625     
   2.5034073464101310        10.960290647820878     
   2.5084073464101309        10.930681336725096     
   2.5134073464101307        10.900060667864656     
   2.5184073464101306        10.868433017602252     
   2.5234073464101305        10.835802904375903     
   2.5284073464101304        10.802174987871126     
   2.5334073464101303        10.767554068167403     
   2.5384073464101302        10.731945084859127     
   2.5434073464101301        10.695353116151253     
   2.5484073464101300        10.657783377929743     
   2.5534073464101299        10.619241222807091     
   2.5584073464101298        10.579732139143060     
   2.5634073464101297        10.539261750040875     
   2.5684073464101296        10.497835812319028     
   2.5734073464101295        10.455460215458944     
   2.5784073464101294        10.412140980528726     
   2.5834073464101293        10.367884259083166     
   2.5884073464101292        10.322696332040250     
   2.5934073464101290        10.276583608534445     
   2.5984073464101289        10.229552624746901     
   2.6034073464101288        10.181610042712917     
   2.6084073464101287        10.132762649106816     
   2.6134073464101286        10.083017354004543     
   2.6184073464101285        10.032381189624207     
   2.6234073464101284        9.9808613090448439     
   2.6284073464101283        9.9284649849036271     
   2.6334073464101282        9.8751996080718438     
   2.6384073464101281        9.8210726863098472     
   2.6434073464101280        9.7660918429013108     
   2.6484073464101279        9.7102648152670206     
   2.6534073464101278        9.6535994535585221     
   2.6584073464101277        9.5961037192318948     
   2.6634073464101276        9.5377856836019177     
   2.6684073464101274        9.4786535263769771     
   2.6734073464101273        9.4187155341749538     
   2.6784073464101272        9.3579800990204518     
   2.6834073464101271        9.2964557168235995     
   2.6884073464101270        9.2341509858408113     
   2.6934073464101269        9.1710746051177807     
   2.6984073464101268        9.1072353729150066     
   2.7034073464101267        9.0426421851162040     
   2.7084073464101266        8.9773040336199141     
   2.7134073464101265        8.9112300047146498     
   2.7184073464101264        8.8444292774378503     
   2.7234073464101263        8.7769111219190705     
   2.7284073464101262        8.7086848977076379     
   2.7334073464101261        8.6397600520852347     
   2.7384073464101260        8.5701461183636347     
   2.7434073464101258        8.4998527141679752     
   2.7484073464101257        8.4288895397059722     
   2.7534073464101256        8.3572663760233503     
   2.7584073464101255        8.2849930832458565     
   2.7634073464101254        8.2120795988082627     
   2.7684073464101253        8.1385359356706513     
   2.7734073464101252        8.0643721805223869     
   2.7784073464101251        7.9895984919741174     
   2.7834073464101250        7.9142250987381759     
   2.7884073464101249        7.8382622977977450     
   2.7934073464101248        7.7617204525651813     
   2.7984073464101247        7.6846099910298209     
   2.8034073464101246        7.6069414038956733     
   2.8084073464101245        7.5287252427093847     
   2.8134073464101244        7.4499721179788354     
   2.8184073464101242        7.3706926972827489     
   2.8234073464101241        7.2908977033716766     
   2.8284073464101240        7.2105979122607877     
   2.8334073464101239        7.1298041513148203     
   2.8384073464101238        7.0485272973255588     
   2.8434073464101237        6.9667782745822455     
   2.8484073464101236        6.8845680529353288     
   2.8534073464101235        6.8019076458539187     
   2.8584073464101234        6.7188081084773295     
   2.8634073464101233        6.6352805356611118     
   2.8684073464101232        6.5513360600179729     
   2.8734073464101231        6.4669858499539901     
   2.8784073464101230        6.3822411077004562     
   2.8834073464101229        6.2971130673418036     
   2.8884073464101228        6.2116129928399850     
   2.8934073464101226        6.1257521760557276     
   2.8984073464101225        6.0395419347669845     
   2.9034073464101224        5.9529936106850716     
   2.9084073464101223        5.8661185674688205     
   2.9134073464101222        5.7789281887371962     
   2.9184073464101221        5.6914338760807004     
   2.9234073464101220        5.6036470470720401     
   2.9284073464101219        5.5155791332764021     
   2.9334073464101218        5.4272415782617616     
   2.9384073464101217        5.3386458356095901     
   2.9434073464101216        5.2498033669263791     
   2.9484073464101215        5.1607256398563699     
   2.9534073464101214        5.0714241260958977     
   2.9584073464101213        4.9819102994097069     
   2.9634073464101212        4.8921956336496564     
   2.9684073464101211        4.8022916007762220     
   2.9734073464101209        4.7122096688831547     
   2.9784073464101208        4.6219613002257081     
   2.9834073464101207        4.5315579492527966     
   2.9884073464101206        4.4410110606435147     
   2.9934073464101205        4.3503320673483881     
   2.9984073464101204        4.2595323886357113     
   3.0034073464101203        4.1686234281433858     
   3.0084073464101202        4.0776165719366633     
   3.0134073464101201        3.9865231865721276     
   3.0184073464101200        3.8953546171683273     
   3.0234073464101199        3.8041221854834140     
   3.0284073464101198        3.7128371880001918     
   3.0334073464101197        3.6215108940189475     
   3.0384073464101196        3.5301545437583979     
   3.0434073464101195        3.4387793464651657     
   3.0484073464101193        3.3473964785321346     
   3.0534073464101192        3.2560170816260809     
   3.0584073464101191        3.1646522608248788     
   3.0634073464101190        3.0733130827647015     
   3.0684073464101189        2.9820105737975671     
   3.0734073464101188        2.8907557181595749     
   3.0784073464101187        2.7995594561501820     
   3.0834073464101186        2.7084326823228810     
   3.0884073464101185        2.6173862436876409     
   3.0934073464101184        2.5264309379254417     
   3.0984073464101183        2.4355775116152425     
   3.1034073464101182        2.3448366584737306     
   3.1084073464101181        2.2542190176082073     
   3.1134073464101180        2.1637351717829181     
   3.1184073464101179        2.0733956456991773     
   3.1234073464101177        1.9832109042895893     
   3.1284073464101176        1.8931913510267375     
   3.1334073464101175        1.8033473262466353     
   3.1384073464101174        1.7136891054872425     
