  -3.1415926535897931        3.5369737091303763     
  -3.1365926535897932        2.8622818173239444     
  -3.1315926535897933        2.1797742728082499     
  -3.1265926535897934        1.4948637697740934     
  -3.1215926535897935       0.81300930953016692     
  -3.1165926535897936       0.13963754271814066     
  -3.1115926535897938      -0.51993549671786754     
  -3.1065926535897939       -1.1605809203498554     
  -3.1015926535897940       -1.7774304614913126     
  -3.0965926535897941       -2.3659456381427626     
  -3.0915926535897942       -2.9219814202447756     
  -3.0865926535897943       -3.4418433191759137     
  -3.0815926535897944       -3.9223369379238795     
  -3.0765926535897945       -4.3608091586576165     
  -3.0715926535897946       -4.7551802978584137     
  -3.0665926535897947       -5.1039667247544278     
  -3.0615926535897948       -5.4062936133388737     
  -3.0565926535897949       -5.6618976783592894     
  -3.0515926535897950       -5.8711199278627584     
  -3.0465926535897951       -6.0348886456582704     
  -3.0415926535897952       -6.1546929929364858     
  -3.0365926535897954       -6.2325477859017822     
  -3.0315926535897955       -6.2709501624278623     
  -3.0265926535897956       -6.2728289924900515     
  -3.0215926535897957       -6.2414880117951137     
  -3.0165926535897958       -6.1805437633107569     
  -3.0115926535897959       -6.0938595153735475     
  -3.0065926535897960       -5.9854763862361624     
  -3.0015926535897961       -5.8595429422739640     
  -2.9965926535897962       -5.7202445500496752     
  -2.9915926535897963       -5.5717337509676481     
  -2.9865926535897964       -5.4180628917487503     
  -2.9815926535897965       -5.2631201853135492     
  -2.9765926535897966       -5.1105702962151645     
  -2.9715926535897967       -4.9638004442797747     
  -2.9665926535897968       -4.8258729017399355     
  -2.9615926535897970       -4.6994846253736062     
  -2.9565926535897971       -4.5869346187636442     
  -2.9515926535897972       -4.4900994637738671     
  -2.9465926535897973       -4.4104172978669860     
  -2.9415926535897974       -4.3488803482397200     
  -2.9365926535897975       -4.3060359682245206     
  -2.9315926535897976       -4.2819959592787562     
  -2.9265926535897977       -4.2764538063227402     
  -2.9215926535897978       -4.2887093082068510     
  -2.9165926535897979       -4.3176999514723100     
  -2.9115926535897980       -4.3620382568279084     
  -2.9065926535897981       -4.4200542260796603     
  -2.9015926535897982       -4.4898419344352059     
  -2.8965926535897983       -4.5693092505733262     
  -2.8915926535897984       -4.6562296256068230     
  -2.8865926535897986       -4.7482948726167127     
  -2.8815926535897987       -4.8431678608908673     
  -2.8765926535897988       -4.9385340730056200     
  -2.8715926535897989       -5.0321510176553375     
  -2.8665926535897990       -5.1218945554571826     
  -2.8615926535897991       -5.2058012772455742     
  -2.8565926535897992       -5.2821061726840881     
  -2.8515926535897993       -5.3492749391160190     
  -2.8465926535897994       -5.4060304039497771     
  -2.8415926535897995       -5.4513726658291075     
  -2.8365926535897996       -5.4845926975286252     
  -2.8315926535897997       -5.5052792940159163     
  -2.8265926535897998       -5.5133193894875978     
  -2.8215926535897999       -5.5088919045135842     
  -2.8165926535898000       -5.4924554159098475     
  -2.8115926535898002       -5.4647300649609463     
  -2.8065926535898003       -5.4266742316997885     
  -2.8015926535898004       -5.3794566019531320     
  -2.7965926535898005       -5.3244243379112284     
  -2.7915926535898006       -5.2630681305515727     
  -2.7865926535898007       -5.1969849621806645     
  -2.7815926535898008       -5.1278394388799740     
  -2.7765926535898009       -5.0573245653812773     
  -2.7715926535898010       -4.9871228288781859     
  -2.7665926535898011       -4.9188684339314968     
  -2.7615926535898012       -4.8541114887526424     
  -2.7565926535898013       -4.7942848849192856     
  -2.7515926535898014       -4.7406745394914136     
  -2.7465926535898015       -4.6943935823482557     
  -2.7415926535898016       -4.6563609744057946     
  -2.7365926535898017       -4.6272849364570678     
  -2.7315926535898019       -4.6076514561122197     
  -2.7265926535898020       -4.5977180242189828     
  -2.7215926535898021       -4.5975126347744109     
  -2.7165926535898022       -4.6068379662498629     
  -2.7115926535898023       -4.6252805499320617     
  -2.7065926535898024       -4.6522246247062435     
  -2.7015926535898025       -4.6868702798819060     
  -2.6965926535898026       -4.7282554001834516     
  -2.6915926535898027       -4.7752808516419263     
  -2.6865926535898028       -4.8267382852897986     
  -2.6815926535898029       -4.8813398884219765     
  -2.6765926535898030       -4.9377493815527602     
  -2.6715926535898031       -4.9946135435313135     
  -2.6665926535898032       -5.0505935476832082     
  -2.6615926535898033       -5.1043954080786333     
  -2.6565926535898035       -5.1547988664981652     
  -2.6515926535898036       -5.2006840964645260     
  -2.6465926535898037       -5.2410556596147675     
  -2.6415926535898038       -5.2750632202179162     
  -2.6365926535898039       -5.3020186040755695     
  -2.6315926535898040       -5.3214088764597607     
  -2.6265926535898041       -5.3329052080777766     
  -2.6215926535898042       -5.3363673961355307     
  -2.6165926535898043       -5.3318440071748698     
  -2.6115926535898044       -5.3195682072567649     
  -2.6065926535898045       -5.2999494410643351     
  -2.6015926535898046       -5.2735612125148315     
  -2.5965926535898047       -5.2411253035408034     
  -2.5915926535898048       -5.2034928430483047     
  -2.5865926535898049       -5.1616227031238413     
  -2.5815926535898051       -5.1165577530244413     
  -2.5765926535898052       -5.0693995423071119     
  -2.5715926535898053       -5.0212820118884087     
  -2.5665926535898054       -4.9733448454298355     
  -2.5615926535898055       -4.9267070730951357     
  -2.5565926535898056       -4.8824415256061142     
  -2.5515926535898057       -4.8415507091237888     
  -2.5465926535898058       -4.8049446315844264     
  -2.5415926535898059       -4.7734210597731925     
  -2.5365926535898060       -4.7476486249179928     
  -2.5315926535898061       -4.7281531244373598     
  -2.5265926535898062       -4.7153072903613644     
  -2.5215926535898063       -4.7093242126816151     
  -2.5165926535898064       -4.7102545203885482     
  -2.5115926535898065       -4.7179873361854279     
  -2.5065926535898067       -4.7322549347977692     
  -2.5015926535898068       -4.7526409513572654     
  -2.4965926535898069       -4.7785919073816023     
  -2.4915926535898070       -4.8094317491257454     
  -2.4865926535898071       -4.8443790281182100     
  -2.4815926535898072       -4.8825662978961439     
  -2.4765926535898073       -4.9230612554730397     
  -2.4715926535898074       -4.9648891218265643     
  -2.4665926535898075       -5.0070557333296328     
  -2.4615926535898076       -5.0485708059418970     
  -2.4565926535898077       -5.0884708362248183     
  -2.4515926535898078       -5.1258411176566110     
  -2.4465926535898079       -5.1598363768459397     
  -2.4415926535898080       -5.1896995713567984     
  -2.4365926535898081       -5.2147784380034015     
  -2.4315926535898083       -5.2345394364772408     
  -2.4265926535898084       -5.2485787966643809     
  -2.4215926535898085       -5.2566304474798011     
  -2.4165926535898086       -5.2585706788472661     
  -2.4115926535898087       -5.2544194648657285     
  -2.4065926535898088       -5.2443384534633939     
  -2.4015926535898089       -5.2286257041818125     
  -2.3965926535898090       -5.2077073294276399     
  -2.3915926535898091       -5.1821262639273256     
  -2.3865926535898092       -5.1525284506833531     
  -2.3815926535898093       -5.1196467880680689     
  -2.3765926535898094       -5.0842832305905850     
  -2.3715926535898095       -5.0472894743225432     
  -2.3665926535898096       -5.0095466861846498     
  -2.3615926535898097       -4.9719447537312318     
  -2.3565926535898098       -4.9353615384288183     
  -2.3515926535898100       -4.9006426106659582     
  -2.3465926535898101       -4.8685819290672354     
  -2.3415926535898102       -4.8399039005727147     
  -2.3365926535898103       -4.8152472218776357     
  -2.3315926535898104       -4.7951508581137006     
  -2.3265926535898105       -4.7800424621946576     
  -2.3215926535898106       -4.7702294793131887     
  -2.3165926535898107       -4.7658931170686900     
  -2.3115926535898108       -4.7670852941347501     
  -2.3065926535898109       -4.7737286108171419     
  -2.3015926535898110       -4.7856193149173194     
  -2.2965926535898111       -4.8024331676055221     
  -2.2915926535898112       -4.8237340480842619     
  -2.2865926535898113       -4.8489850741716714     
  -2.2815926535898114       -4.8775619599312519     
  -2.2765926535898116       -4.9087682823541199     
  -2.2715926535898117       -4.9418522879303737     
  -2.2665926535898118       -4.9760248376038874     
  -2.2615926535898119       -5.0104780657591164     
  -2.2565926535898120       -5.0444043159846856     
  -2.2515926535898121       -5.0770149136118565     
  -2.2465926535898122       -5.1075583424171862     
  -2.2415926535898123       -5.1353374101575850     
  -2.2365926535898124       -5.1597250142969759     
  -2.2315926535898125       -5.1801781547007000     
  -2.2265926535898126       -5.1962498833349988     
  -2.2215926535898127       -5.2075989310608310     
  -2.2165926535898128       -5.2139968072524328     
  -2.2115926535898129       -5.2153322278809107     
  -2.2065926535898130       -5.2116127904738505     
  -2.2015926535898132       -5.2029638785296859     
  -2.1965926535898133       -5.1896248420469471     
  -2.1915926535898134       -5.1719425633511085     
  -2.1865926535898135       -5.1503625769409718     
  -2.1815926535898136       -5.1254179672865199     
  -2.1765926535898137       -5.0977163181530045     
  -2.1715926535898138       -5.0679250300019003     
  -2.1665926535898139       -5.0367553573876442     
  -2.1615926535898140       -5.0049455452712754     
  -2.1565926535898141       -4.9732434612477885     
  -2.1515926535898142       -4.9423891294784896     
  -2.1465926535898143       -4.9130975714983514     
  -2.1415926535898144       -4.8860423491089984     
  -2.1365926535898145       -4.8618401855660665     
  -2.1315926535898146       -4.8410370137234420     
  -2.1265926535898148       -4.8240957643997415     
  -2.1215926535898149       -4.8113861658512684     
  -2.1165926535898150       -4.8031767768945128     
  -2.1115926535898151       -4.7996294230714289     
  -2.1065926535898152       -4.8007961485494235     
  -2.1015926535898153       -4.8066187375233929     
  -2.0965926535898154       -4.8169307991112946     
  -2.0915926535898155       -4.8314623504900984     
  -2.0865926535898156       -4.8498467756664372     
  -2.0815926535898157       -4.8716299831256737     
  -2.0765926535898158       -4.8962815358808074     
  -2.0715926535898159       -4.9232074832670616     
  -2.0665926535898160       -4.9517645861818851     
  -2.0615926535898161       -4.9812755971802867     
  -2.0565926535898162       -5.0110452345544223     
  -2.0515926535898164       -5.0403764757184852     
  -2.0465926535898165       -5.0685867901513326     
  -2.0415926535898166       -5.0950239358839680     
  -2.0365926535898167       -5.1190809559169397     
  -2.0315926535898168       -5.1402100316769674     
  -2.0265926535898169       -5.1579348791439541     
  -2.0215926535898170       -5.1718614088956114     
  -2.0165926535898171       -5.1816864131635487     
  -2.0115926535898172       -5.1872040900701828     
  -2.0065926535898173       -5.1883102664036231     
  -2.0015926535898174       -5.1850042343830971     
  -1.9965926535898175       -5.1773881736053236     
  -1.9915926535898176       -5.1656641854473770     
  -1.9865926535898177       -5.1501290223369294     
  -1.9815926535898178       -5.1311666472199002     
  -1.9765926535898179       -5.1092388080485645     
  -1.9715926535898181       -5.0848738570570369     
  -1.9665926535898182       -5.0586540839731065     
  -1.9615926535898183       -5.0312018652565893     
  -1.9565926535898184       -5.0031649572293722     
  -1.9515926535898185       -4.9752012790144882     
  -1.9465926535898186       -4.9479635411551399     
  -1.9415926535898187       -4.9220840774536487     
  -1.9365926535898188       -4.8981602309587595     
  -1.9315926535898189       -4.8767406303351848     
  -1.9265926535898190       -4.8583126704524275     
  -1.9215926535898191       -4.8432914814883468     
  -1.9165926535898192       -4.8320106348759566     
  -1.9115926535898193       -4.8247147928934195     
  -1.9065926535898194       -4.8215544625947011     
  -1.9015926535898195       -4.8225829651906054     
  -1.8965926535898197       -4.8277556800798651     
  -1.8915926535898198       -4.8369315697092663     
  -1.8865926535898199       -4.8498769385408158     
  -1.8815926535898200       -4.8662713278454968     
  -1.8765926535898201       -4.8857153990114677     
  -1.8715926535898202       -4.9077406126718470     
  -1.8665926535898203       -4.9318204702540624     
  -1.8615926535898204       -4.9573830494485573     
  -1.8565926535898205       -4.9838245363739162     
  -1.8515926535898206       -5.0105234355122716     
  -1.8465926535898207       -5.0368551242724591     
  -1.8415926535898208       -5.0622064126022410     
  -1.8365926535898209       -5.0859897695281928     
  -1.8315926535898210       -5.1076568877825297     
  -1.8265926535898211       -5.1267112745301588     
  -1.8215926535898213       -5.1427195802120318     
  -1.8165926535898214       -5.1553214080856380     
  -1.8115926535898215       -5.1642373834337860     
  -1.8065926535898216       -5.1692753027606910     
  -1.8015926535898217       -5.1703342286222345     
  -1.7965926535898218       -5.1674064439783649     
  -1.7915926535898219       -5.1605772299816177     
  -1.7865926535898220       -5.1500224817613214     
  -1.7815926535898221       -5.1360042268544035     
  -1.7765926535898222       -5.1188641593128033     
  -1.7715926535898223       -5.0990153480737650     
  -1.7665926535898224       -5.0769323198689493     
  -1.7615926535898225       -5.0531397538239204     
  -1.7565926535898226       -5.0282000561264386     
  -1.7515926535898227       -5.0027001080218065     
  -1.7465926535898229       -4.9772374983754837     
  -1.7415926535898230       -4.9524065627398022     
  -1.7365926535898231       -4.9287845540536299     
  -1.7315926535898232       -4.9069182657483790     
  -1.7265926535898233       -4.8873114162612366     
  -1.7215926535898234       -4.8704130850680851     
  -1.7165926535898235       -4.8566074648104989     
  -1.7115926535898236       -4.8462051625193396     
  -1.7065926535898237       -4.8394362460872911     
  -1.7015926535898238       -4.8364451908863009     
  -1.6965926535898239       -4.8372878367363468     
  -1.6915926535898240       -4.8419304183564806     
  -1.6865926535898241       -4.8502506840666451     
  -1.6815926535898242       -4.8620410689845439     
  -1.6765926535898243       -4.8770138413992248     
  -1.6715926535898245       -4.8948080955009878     
  -1.6665926535898246       -4.9149984212511360     
  -1.6615926535898247       -4.9371050438562722     
  -1.6565926535898248       -4.9606051919424239     
  -1.6515926535898249       -4.9849454258604542     
  -1.6465926535898250       -5.0095546362152019     
  -1.6415926535898251       -5.0338574081704488     
  -1.6365926535898252       -5.0572874396509553     
  -1.6315926535898253       -5.0793007013913947     
  -1.6265926535898254       -5.0993880338468429     
  -1.6215926535898255       -5.1170868900940079     
  -1.6165926535898256       -5.1319919546643993     
  -1.6115926535898257       -5.1437643952562446     
  -1.6065926535898258       -5.1521395368247349     
  -1.6015926535898259       -5.1569327848771831     
  -1.5965926535898260       -5.1580436660206352     
  -1.5915926535898262       -5.1554578979568628     
  -1.5865926535898263       -5.1492474471603469     
  -1.5815926535898264       -5.1395685793367427     
  -1.5765926535898265       -5.1266579543531625     
  -1.5715926535898266       -5.1108268625793221     
  -1.5665926535898267       -5.0924537424348948     
  -1.5615926535898268       -5.0719751584187778     
  -1.5565926535898269       -5.0498754540946100     
  -1.5515926535898270       -5.0266753246223645     
  -1.5465926535898271       -5.0029195777748416     
  -1.5415926535898272       -4.9791643704139315     
  -1.5365926535898273       -4.9559642187254314     
  -1.5315926535898274       -4.9338590848803845     
  -1.5265926535898275       -4.9133618401246588     
  -1.5215926535898276       -4.8949463946793896     
  -1.5165926535898278       -4.8790367685057650     
  -1.5115926535898279       -4.8659973543465673     
  -1.5065926535898280       -4.8561245960468442     
  -1.5015926535898281       -4.8496402716515954     
  -1.4965926535898282       -4.8466865329710291     
  -1.4915926535898283       -4.8473228120817797     
  -1.4865926535898284       -4.8515246615608287     
  -1.4815926535898285       -4.8591845501468551     
  -1.4765926535898286       -4.8701145900409992     
  -1.4715926535898287       -4.8840511272509204     
  -1.4665926535898288       -4.9006610832857858     
  -1.4615926535898289       -4.9195498961202526     
  -1.4565926535898290       -4.9402708715914496     
  -1.4515926535898291       -4.9623357241180051     
  -1.4465926535898292       -4.9852260585700190     
  -1.4415926535898294       -5.0084055238886993     
  -1.4365926535898295       -5.0313323541308455     
  -1.4315926535898296       -5.0534720043268546     
  -1.4265926535898297       -5.0743095870673400     
  -1.4215926535898298       -5.0933618210893785     
  -1.4165926535898299       -5.1101882151785247     
  -1.4115926535898300       -5.1244012291410774     
  -1.4065926535898301       -5.1356751779894383     
  -1.4015926535898302       -5.1437536752424009     
  -1.3965926535898303       -5.1484554456684055     
  -1.3915926535898304       -5.1496783760840765     
  -1.3865926535898305       -5.1474017140658237     
  -1.3815926535898306       -5.1416863676749696     
  -1.3765926535898307       -5.1326733035301695     
  -1.3715926535898308       -5.1205800847553427     
  -1.3665926535898310       -5.1056956334632000     
  -1.3615926535898311       -5.0883733435043847     
  -1.3565926535898312       -5.0690227072732812     
  -1.3515926535898313       -5.0480996545365153     
  -1.3465926535898314       -5.0260958307551018     
  -1.3415926535898315       -5.0035270665315341     
  -1.3365926535898316       -4.9809213080799903     
  -1.3315926535898317       -4.9588062905794104     
  -1.3265926535898318       -4.9376972416614437     
  -1.3215926535898319       -4.9180849009966590     
  -1.3165926535898320       -4.9004241340161618     
  -1.3115926535898321       -4.8851234034395485     
  -1.3065926535898322       -4.8725353418197663     
  -1.3015926535898323       -4.8629486422479733     
  -1.2965926535898324       -4.8565814533026810     
  -1.2915926535898326       -4.8535764290073278     
  -1.2865926535898327       -4.8539975458068980     
  -1.2815926535898328       -4.8578287572931815     
  -1.2765926535898329       -4.8649745145615295     
  -1.2715926535898330       -4.8752621366678346     
  -1.2665926535898331       -4.8884459726799898     
  -1.2615926535898332       -4.9042132552808617     
  -1.2565926535898333       -4.9221915067402042     
  -1.2515926535898334       -4.9419573222354405     
  -1.2465926535898335       -4.9630463237913673     
  -1.2415926535898336       -4.9849640512553091     
  -1.2365926535898337       -5.0071975353419891     
  -1.2315926535898338       -5.0292272823580468     
  -1.2265926535898339       -5.0505393910978373     
  -1.2215926535898340       -5.0706375197908935     
  -1.2165926535898341       -5.0890544249270571     
  -1.2115926535898343       -5.1053628041859911     
  -1.2065926535898344       -5.1191851923009706     
  -1.2015926535898345       -5.1302026810983747     
  -1.1965926535898346       -5.1381622626440260     
  -1.1915926535898347       -5.1428826267453394     
  -1.1865926535898348       -5.1442582802462740     
  -1.1815926535898349       -5.1422618947654133     
  -1.1765926535898350       -5.1369448308505561     
  -1.1715926535898351       -5.1284358289947081     
  -1.1665926535898352       -5.1169379005899245     
  -1.1615926535898353       -5.1027234936980639     
  -1.1565926535898354       -5.0861280485217657     
  -1.1515926535898355       -5.0675420947385339     
  -1.1465926535898356       -5.0474020765547154     
  -1.1415926535898357       -5.0261801206666661     
  -1.1365926535898359       -5.0043729866086508     
  -1.1315926535898360       -4.9824904576639408     
  -1.1265926535898361       -4.9610434431902748     
  -1.1215926535898362       -4.9405320695768467     
  -1.1165926535898363       -4.9214340369675336     
  -1.1115926535898364       -4.9041935123642322     
  -1.1065926535898365       -4.8892108169239545     
  -1.1015926535898366       -4.8768331464888135     
  -1.0965926535898367       -4.8673465400819405     
  -1.0915926535898368       -4.8609692818355423     
  -1.0865926535898369       -4.8578468882751302     
  -1.0815926535898370       -4.8580487958494691     
  -1.0765926535898371       -4.8615668239334751     
  -1.0715926535898372       -4.8683154471639796     
  -1.0665926535898373       -4.8781338688590559     
  -1.0615926535898375       -4.8907898453983254     
  -1.0565926535898376       -4.9059851707765239     
  -1.0515926535898377       -4.9233626920284568     
  -1.0465926535898378       -4.9425146907524473     
  -1.0415926535898379       -4.9629924343518628     
  -1.0365926535898380       -4.9843166736006141     
  -1.0315926535898381       -5.0059888413412388     
  -1.0265926535898382       -5.0275026910449387     
  -1.0215926535898383       -5.0483561039693727     
  -1.0165926535898384       -5.0680627899689998     
  -1.0115926535898385       -5.0861636097240694     
  -1.0065926535898386       -5.1022372551896966     
  -1.0015926535898387       -5.1159100402102586     
 -0.99659265358983873       -5.1268645741404617     
 -0.99159265358983872       -5.1348471174724164     
 -0.98659265358983872       -5.1396734492768008     
 -0.98159265358983872       -5.1412331110063967     
 -0.97659265358983871       -5.1394919290720900     
 -0.97159265358983871       -5.1344927587040381     
 -0.96659265358983870       -5.1263544330201176     
 -0.96159265358983870       -5.1152689429785028     
 -0.95659265358983869       -5.1014969150207810     
 -0.95159265358983869       -5.0853614927617157     
 -0.94659265358983868       -5.0672407661343968     
 -0.94159265358983868       -5.0475589250961406     
 -0.93659265358983868       -5.0267763445600773     
 -0.93159265358983867       -5.0053788319570272     
 -0.92659265358983867       -4.9838662881787705     
 -0.92159265358983866       -4.9627410461622778     
 -0.91659265358983866       -4.9424961587332703     
 -0.91159265358983865       -4.9236039083696319     
 -0.90659265358983865       -4.9065048062492842     
 -0.90159265358983864       -4.8915973364396077     
 -0.89659265358983864       -4.8792286836360876     
 -0.89159265358983864       -4.8696866598752671     
 -0.88659265358983863       -4.8631930176666094     
 -0.88159265358983863       -4.8598983046624280     
 -0.87659265358983862       -4.8598783790664148     
 -0.87159265358983862       -4.8631326663056011     
 -0.86659265358983861       -4.8695841969569615     
 -0.86159265358983861       -4.8790814244705532     
 -0.85659265358983860       -4.8914017798288709     
 -0.85159265358983860       -4.9062568798892050     
 -0.84659265358983860       -4.9232992677093428     
 -0.84159265358983859       -4.9421305275502503     
 -0.83659265358983859       -4.9623105853082512     
 -0.83159265358983858       -4.9833679775947788     
 -0.82659265358983858       -5.0048108501928912     
 -0.82159265358983857       -5.0261384296972800     
 -0.81659265358983857       -5.0468527011810380     
 -0.81159265358983856       -5.0664700199811037     
 -0.80659265358983856       -5.0845323872647166     
 -0.80159265358983856       -5.1006181268942612     
 -0.79659265358983855       -5.1143517150636741     
 -0.79159265358983855       -5.1254125339119945     
 -0.78659265358983854       -5.1335423453694062     
 -0.78159265358983854       -5.1385513112759194     
 -0.77659265358983853       -5.1403224196406976     
 -0.77159265358983853       -5.1388142139948974     
 -0.76659265358983852       -5.1340617622711120     
 -0.76159265358983852       -5.1261758426008974     
 -0.75659265358983852       -5.1153403649071763     
 -0.75159265358983851       -5.1018080882164050     
 -0.74659265358983851       -5.0858947332729674     
 -0.74159265358983850       -5.0679716273836641     
 -0.73659265358983850       -5.0484570525857420     
 -0.73159265358983849       -5.0278064984234190     
 -0.72659265358983849       -5.0065020461335239     
 -0.72159265358983848       -4.9850411312871774     
 -0.71659265358983848       -4.9639249464401027     
 -0.71159265358983848       -4.9436467537714188     
 -0.70659265358983847       -4.9246803798421315     
 -0.70159265358983847       -4.9074691604294545     
 -0.69659265358983846       -4.8924155929864463     
 -0.69159265358983846       -4.8798719378787530     
 -0.68659265358983845       -4.8701319875410896     
 -0.68159265358983845       -4.8634241955850168     
 -0.67659265358983844       -4.8599063263048894     
 -0.67159265358983844       -4.8596617497035393     
 -0.66659265358983844       -4.8626974689119704     
 -0.66159265358983843       -4.8689439265967929     
 -0.65659265358983843       -4.8782565955693338     
 -0.65159265358983842       -4.8904193172934951     
 -0.64659265358983842       -4.9051493112992057     
 -0.64159265358983841       -4.9221037395909919     
 -0.63659265358983841       -4.9408876739018659     
 -0.63159265358983840       -4.9610632809242894     
 -0.62659265358983840       -4.9821600122148215     
 -0.62159265358983840       -5.0036855619795846     
 -0.61659265358983839       -5.0251373379526036     
 -0.61159265358983839       -5.0460141784990791     
 -0.60659265358983838       -5.0658280431948661     
 -0.60159265358983838       -5.0841154045920618     
 -0.59659265358983837       -5.1004480756713377     
 -0.59159265358983837       -5.1144432204508341     
 -0.58659265358983836       -5.1257723140713178     
 -0.58159265358983836       -5.1341688429735397     
 -0.57659265358983836       -5.1394345649654838     
 -0.57159265358983835       -5.1414441823692645     
 -0.56659265358983835       -5.1401483182671663     
 -0.56159265358983834       -5.1355747252799633     
 -0.55659265358983834       -5.1278276973941859     
 -0.55159265358983833       -5.1170856971552610     
 -0.54659265358983833       -5.1035972520890729     
 -0.54159265358983832       -5.0876752145403978     
 -0.53659265358983832       -5.0696895172842646     
 -0.53159265358983832       -5.0500585923870664     
 -0.52659265358983831       -5.0292396520497995     
 -0.52159265358983831       -5.0077180568256665     
 -0.51659265358983830       -4.9859960180460074     
 -0.51159265358983830       -4.9645808970082799     
 -0.50659265358983829       -4.9439733731076734     
 -0.50159265358983829       -4.9246557564003650     
 -0.49659265358983828       -4.9070807169886796     
 -0.49159265358983828       -4.8916606941823320     
 -0.48659265358983828       -4.8787582328287717     
 -0.48159265358983827       -4.8686774728747988     
 -0.47659265358983827       -4.8616569916112553     
 -0.47159265358983826       -4.8578641667753093     
 -0.46659265358983826       -4.8573911934632985     
 -0.46159265358983825       -4.8602528494549730     
 -0.45659265358983825       -4.8663860629557831     
 -0.45159265358983824       -4.8756512948682378     
 -0.44659265358983824       -4.8878357054787589     
 -0.44159265358983824       -4.9026580338737045     
 -0.43659265358983823       -4.9197750784445189     
 -0.43159265358983823       -4.9387896294373848     
 -0.42659265358983822       -4.9592596705202086     
 -0.42159265358983822       -4.9807086365727322     
 -0.41659265358983821       -5.0026364900513229     
 -0.41159265358983821       -5.0245313589223457     
 -0.40659265358983820       -5.0458814657536601     
 -0.40159265358983820       -5.0661870704220959     
 -0.39659265358983820       -5.0849721482095198     
 -0.39159265358983819       -5.1017955308458864     
 -0.38659265358983819       -5.1162612501885834     
 -0.38159265358983818       -5.1280278424300727     
 -0.37659265358983818       -5.1368163945857210     
 -0.37159265358983817       -5.1424171439839688     
 -0.36659265358983817       -5.1446944748955383     
 -0.36159265358983816       -5.1435901935270847     
 -0.35659265358983816       -5.1391250025105162     
 -0.35159265358983816       -5.1313981378190947     
 -0.34659265358983815       -5.1205851737664805     
 -0.34159265358983815       -5.1069340444032676     
 -0.33659265358983814       -5.0907593712260653     
 -0.33159265358983814       -5.0724352266876505     
 -0.32659265358983813       -5.0523864996207770     
 -0.32159265358983813       -5.0310790615063521     
 -0.31659265358983812       -5.0090089607603128     
 -0.31159265358983812       -4.9866908952186435     
 -0.30659265358983812       -4.9646462302231340     
 -0.30159265358983811       -4.9433908407419107     
 -0.29659265358983811       -4.9234230605314098     
 -0.29159265358983810       -4.9052120193433755     
 -0.28659265358983810       -4.8891866406365025     
 -0.28159265358983809       -4.8757255573550573     
 -0.27659265358983809       -4.8651481824210343     
 -0.27159265358983808       -4.8577071441279172     
 -0.26659265358983808       -4.8535822652275318     
 -0.26159265358983808       -4.8528762288881184     
 -0.25659265358983807       -4.8556120356912436     
 -0.25159265358983807       -4.8617323143282904     
 -0.24659265358983806       -4.8711005056139882     
 -0.24159265358983806       -4.8835038958524919     
 -0.23659265358983805       -4.8986584324827840     
 -0.23159265358983805       -4.9162152132977983     
 -0.22659265358983804       -4.9357685013461081     
 -0.22159265358983804       -4.9568650818021913     
 -0.21659265358983804       -4.9790147454704012     
 -0.21159265358983803       -5.0017016569124220     
 -0.20659265358983803       -5.0243963440884807     
 -0.20159265358983802       -5.0465680313805201     
 -0.19659265358983802       -5.0676970292830550     
 -0.19159265358983801       -5.0872868921174126     
 -0.18659265358983801       -5.1048760599063820     
 -0.18159265358983800       -5.1200487119424221     
 -0.17659265358983800       -5.1324445773425360     
 -0.17159265358983800       -5.1417674716081514     
 -0.16659265358983799       -5.1477923573601032     
 -0.16159265358983799       -5.1503707613317777     
 -0.15659265358983798       -5.1494344175998874     
 -0.15159265358983798       -5.1449970480402394     
 -0.14659265358983797       -5.1371542341693299     
 -0.14159265358983797       -5.1260813788727129     
 -0.13659265358983796       -5.1120298010001264     
 -0.13159265358983796       -5.0953210493916314     
 -0.12659265358983796       -5.0763395645731775     
 -0.12159265358983795       -5.0555238551508443     
 -0.11659265358983795       -5.0333563909318872     
 -0.11159265358983794       -5.0103524451847203     
 -0.10659265358983794       -4.9870481435015348     
 -0.10159265358983793       -4.9639879958510154     
  -9.6592653589837929E-002  -4.9417122011449175     
  -9.1592653589837925E-002  -4.9207440196791294     
  -8.6592653589837920E-002  -4.9015775079901358     
  -8.1592653589837916E-002  -4.8846659029924373     
  -7.6592653589837911E-002  -4.8704109278928396     
  -7.1592653589837907E-002  -4.8591532716296753     
  -6.6592653589837902E-002  -4.8511644669247351     
  -6.1592653589837905E-002  -4.8466403600670089     
  -5.6592653589837907E-002  -4.8456963289991561     
  -5.1592653589837910E-002  -4.8483643659871136     
  -4.6592653589837912E-002  -4.8545920980469850     
  -4.1592653589837915E-002  -4.8642437733755042     
  -3.6592653589837917E-002  -4.8771031963201805     
  -3.1592653589837920E-002  -4.8928785479933001     
  -2.6592653589837919E-002  -4.9112089855368817     
  -2.1592653589837918E-002  -4.9316728713124389     
  -1.6592653589837917E-002  -4.9537974448967166     
  -1.1592653589837916E-002  -4.9770697166145270     
  -6.5926535898379159E-003  -5.0009483322384982     
  -1.5926535898379158E-003  -5.0248761351241447     
   3.4073464101620843E-003  -5.0482931349871532     
   8.4073464101620844E-003  -5.0706495821833171     
   1.3407346410162085E-002  -5.0914188429808673     
   1.8407346410162086E-002  -5.1101097750193327     
   2.3407346410162087E-002  -5.1262783128638185     
   2.8407346410162088E-002  -5.1395379910613466     
   3.3407346410162089E-002  -5.1495691560006600     
   3.8407346410162087E-002  -5.1561266476331244     
   4.3407346410162084E-002  -5.1590457670570409     
   4.8407346410162082E-002  -5.1582463853045342     
   5.3407346410162079E-002  -5.1537350914992732     
   5.8407346410162077E-002  -5.1456053238899253     
   6.3407346410162074E-002  -5.1340354740631060     
   6.8407346410162079E-002  -5.1192850018173628     
   7.3407346410162083E-002  -5.1016886446413947     
   7.8407346410162088E-002  -5.0816488504027388     
   8.3407346410162092E-002  -5.0596266036736823     
   8.8407346410162096E-002  -5.0361308541175109     
   9.3407346410162101E-002  -5.0117067886344140     
   9.8407346410162105E-002  -4.9869232167329010     
  0.10340734641016211       -4.9623593601853324     
  0.10840734641016211       -4.9385913529217857     
  0.11340734641016212       -4.9161787649456690     
  0.11840734641016212       -4.8956514646103892     
  0.12340734641016213       -4.8774971268405372     
  0.12840734641016213       -4.8621496809443379     
  0.13340734641016214       -4.8499789708449343     
  0.13840734641016214       -4.8412818733152321     
  0.14340734641016215       -4.8362750867445508     
  0.14840734641016215       -4.8350897648420554     
  0.15340734641016215       -4.8377681273592019     
  0.15840734641016216       -4.8442621343593073     
  0.16340734641016216       -4.8544342628233341     
  0.16840734641016217       -4.8680603755582714     
  0.17340734641016217       -4.8848346235986781     
  0.17840734641016218       -4.9043762756965110     
  0.18340734641016218       -4.9262383231901516     
  0.18840734641016219       -4.9499176665918876     
  0.19340734641016219       -4.9748666526222811     
  0.19840734641016219       -5.0005056980406106     
  0.20340734641016220       -5.0262367102462360     
  0.20840734641016220       -5.0514569948928081     
  0.21340734641016221       -5.0755733281512381     
  0.21840734641016221       -5.0980158660995087     
  0.22340734641016222       -5.1182515661583565     
  0.22840734641016222       -5.1357968055054455     
  0.23340734641016223       -5.1502288987860103     
  0.23840734641016223       -5.1611962418211306     
  0.24340734641016223       -5.1684268388590437     
  0.24840734641016224       -5.1717350075302928     
  0.25340734641016222       -5.1710260972282365     
  0.25840734641016222       -5.1662991021974900     
  0.26340734641016222       -5.1576470991334347     
  0.26840734641016223       -5.1452554894610936     
  0.27340734641016223       -5.1293980775095793     
  0.27840734641016224       -5.1104310663461794     
  0.28340734641016224       -5.0887851019048878     
  0.28840734641016225       -5.0649555420959080     
  0.29340734641016225       -5.0394911697320186     
  0.29840734641016226       -5.0129816053587009     
  0.30340734641016226       -4.9860437075395145     
  0.30840734641016226       -4.9593072730695811     
  0.31340734641016227       -4.9334003673585674     
  0.31840734641016227       -4.9089346253950854     
  0.32340734641016228       -4.8864908660047792     
  0.32840734641016228       -4.8666053564544542     
  0.33340734641016229       -4.8497570509282815     
  0.33840734641016229       -4.8363561052859501     
  0.34340734641016230       -4.8267339422609172     
  0.34840734641016230       -4.8211351064913410     
  0.35340734641016230       -4.8197111082725748     
  0.35840734641016231       -4.8225164095908575     
  0.36340734641016231       -4.8295066568722476     
  0.36840734641016232       -4.8405392130805369     
  0.37340734641016232       -4.8553759885127512     
  0.37840734641016233       -4.8736885161005317     
  0.38340734641016233       -4.8950651644723795     
  0.38840734641016234       -4.9190203316903656     
  0.39340734641016234       -4.9450054156261558     
  0.39840734641016234       -4.9724213144919833     
  0.40340734641016235       -5.0006321741021589     
  0.40840734641016235       -5.0289800678956027     
  0.41340734641016236       -5.0568002723427625     
  0.41840734641016236       -5.0834367846724966     
  0.42340734641016237       -5.1082577222909338     
  0.42840734641016237       -5.1306702440444631     
  0.43340734641016238       -5.1501346426298396     
  0.43840734641016238       -5.1661772748085975     
  0.44340734641016238       -5.1784020212832704     
  0.44840734641016239       -5.1865000005969586     
  0.45340734641016239       -5.1902573005123331     
  0.45840734641016240       -5.1895605351401430     
  0.46340734641016240       -5.1844000856132348     
  0.46840734641016241       -5.1748709352171138     
  0.47340734641016241       -5.1611710653802971     
  0.47840734641016242       -5.1435974355226826     
  0.48340734641016242       -5.1225396261517258     
  0.48840734641016242       -5.0984712794740661     
  0.49340734641016243       -5.0719395238728584     
  0.49840734641016243       -5.0435526166633391     
  0.50340734641016238       -5.0139660824424279     
  0.50840734641016239       -4.9838676610663351     
  0.51340734641016239       -4.9539614089342470     
  0.51840734641016240       -4.9249513190959515     
  0.52340734641016240       -4.8975248391825801     
  0.52840734641016240       -4.8723366709184965     
  0.53340734641016241       -4.8499932308447873     
  0.53840734641016241       -4.8310381389110510     
  0.54340734641016242       -4.8159390800179276     
  0.54840734641016242       -4.8050763538642158     
  0.55340734641016243       -4.7987333912068211     
  0.55840734641016243       -4.7970894706951013     
  0.56340734641016244       -4.8002148207688151     
  0.56840734641016244       -4.8080682368257381     
  0.57340734641016244       -4.8204972861988242     
  0.57840734641016245       -4.8372411137486537     
  0.58340734641016245       -4.8579358004449604     
  0.58840734641016246       -4.8821221675778599     
  0.59340734641016246       -4.9092558615933353     
  0.59840734641016247       -4.9387195003388360     
  0.60340734641016247       -4.9698366120127497     
  0.60840734641016248       -5.0018870545147198     
  0.61340734641016248       -5.0341235662430615     
  0.61840734641016248       -5.0657890705779192     
  0.62340734641016249       -5.0961343360460392     
  0.62840734641016249       -5.1244355830142450     
  0.63340734641016250       -5.1500116260262834     
  0.63840734641016250       -5.1722401486885783     
  0.64340734641016251       -5.1905727252125793     
  0.64840734641016251       -5.2045482290041347     
  0.65340734641016252       -5.2138043035113748     
  0.65840734641016252       -5.2180866131578947     
  0.66340734641016252       -5.2172556416688165     
  0.66840734641016253       -5.2112908603491865     
  0.67340734641016253       -5.2002921486612710     
  0.67840734641016254       -5.1844784124206003     
  0.68340734641016254       -5.1641834096567880     
  0.68840734641016255       -5.1398488591803888     
  0.69340734641016255       -5.1120149706597298     
  0.69840734641016256       -5.0813085960574318     
  0.70340734641016256       -5.0484292591723827     
  0.70840734641016256       -5.0141333714309395     
  0.71340734641016257       -4.9792169867393365     
  0.71840734641016257       -4.9444974850616763     
  0.72340734641016258       -4.9107946025099940     
  0.72840734641016258       -4.8789112444044918     
  0.73340734641016259       -4.8496145264750004     
  0.73840734641016259       -4.8236174878464775     
  0.74340734641016259       -4.8015619076330047     
  0.74840734641016260       -4.7840026350439935     
  0.75340734641016260       -4.7713938113055709     
  0.75840734641016261       -4.7640773210674752     
  0.76340734641016261       -4.7622737621637494     
  0.76840734641016262       -4.7660761666804143     
  0.77340734641016262       -4.7754466444857684     
  0.77840734641016263       -4.7902160540737997     
  0.78340734641016263       -4.8100867362496018     
  0.78840734641016263       -4.8346382754207555     
  0.79340734641016264       -4.8633361826696655     
  0.79840734641016264       -4.8955433259992711     
  0.80340734641016265       -4.9305338677695829     
  0.80840734641016265       -4.9675094089146166     
  0.81340734641016266       -5.0056169854848127     
  0.81840734641016266       -5.0439685167043011     
  0.82340734641016267       -5.0816612662035601     
  0.82840734641016267       -5.1177988503327754     
  0.83340734641016267       -5.1515123102105358     
  0.83840734641016268       -5.1819807579119370     
  0.84340734641016268       -5.2084511121984551     
  0.84840734641016269       -5.2302564554311619     
  0.85340734641016269       -5.2468325705233205     
  0.85840734641016270       -5.2577322544586558     
  0.86340734641016270       -5.2626370522626953     
  0.86840734641016271       -5.2613661113730004     
  0.87340734641016271       -5.2538819199067515     
  0.87840734641016271       -5.2402927619854083     
  0.88340734641016272       -5.2208517975060040     
  0.88840734641016272       -5.1959527508885621     
  0.89340734641016273       -5.1661222716366080     
  0.89840734641016273       -5.1320091072371214     
  0.90340734641016274       -5.0943703042073558     
  0.90840734641016274       -5.0540547242166811     
  0.91340734641016275       -5.0119842274959581     
  0.91840734641016275       -4.9691329336366294     
  0.92340734641016275       -4.9265050189701078     
  0.92840734641016276       -4.8851115487857442     
  0.93340734641016276       -4.8459468706892519     
  0.93840734641016277       -4.8099651116600937     
  0.94340734641016277       -4.7780573253345864     
  0.94840734641016278       -4.7510298274944436     
  0.95340734641016278       -4.7295842367340031     
  0.95840734641016279       -4.7142997041542145     
  0.96340734641016279       -4.7056177713073684     
  0.96840734641016279       -4.7038302403823851     
  0.97340734641016280       -4.7090703759161610     
  0.97840734641016280       -4.7213076845092798     
  0.98340734641016281       -4.7403464396823534     
  0.98840734641016281       -4.7658280348647546     
  0.99340734641016282       -4.7972371604233235     
  0.99840734641016282       -4.8339117125637392     
   1.0034073464101627       -4.8750562548670286     
   1.0084073464101626       -4.9197587691521507     
   1.0134073464101625       -4.9670103532336753     
   1.0184073464101624       -5.0157274508306031     
   1.0234073464101623       -5.0647761351083647     
   1.0284073464101622       -5.1129979136549686     
   1.0334073464101621       -5.1592364804515114     
   1.0384073464101620       -5.2023648106995104     
   1.0434073464101619       -5.2413119780470145     
   1.0484073464101618       -5.2750890713539240     
   1.0534073464101616       -5.3028135998890953     
   1.0584073464101615       -5.3237318016763524     
   1.0634073464101614       -5.3372383092041504     
   1.0684073464101613       -5.3428926791723175     
   1.0734073464101612       -5.3404323573567387     
   1.0784073464101611       -5.3297817247357129     
   1.0834073464101610       -5.3110569551902058     
   1.0884073464101609       -5.2845665065920899     
   1.0934073464101608       -5.2508071639680693     
   1.0984073464101607       -5.2104556535677435     
   1.1034073464101606       -5.1643559478643883     
   1.1084073464101605       -5.1135024815188901     
   1.1134073464101604       -5.0590195948780528     
   1.1184073464101603       -5.0021376124445451     
   1.1234073464101602       -4.9441660468294915     
   1.1284073464101601       -4.8864644920084030     
   1.1334073464101599       -4.8304118314656233     
   1.1384073464101598       -4.7773744354836980     
   1.1434073464101597       -4.7286740561328235     
   1.1484073464101596       -4.6855561474652951     
   1.1534073464101595       -4.6491593413698329     
   1.1584073464101594       -4.6204867961855749     
   1.1634073464101593       -4.6003801055661961     
   1.1684073464101592       -4.5894964096321651     
   1.1734073464101591       -4.5882892899180892     
   1.1784073464101590       -4.5969939551219463     
   1.1834073464101589       -4.6156171376236541     
   1.1884073464101588       -4.6439320228893424     
   1.1934073464101587       -4.6814784272020935     
   1.1984073464101586       -4.7275683258696306     
   1.2034073464101585       -4.7812967165387574     
   1.2084073464101583       -4.8415576830075135     
   1.2134073464101582       -4.9070654065521691     
   1.2184073464101581       -4.9763797568799513     
   1.2234073464101580       -5.0479359859428872     
   1.2284073464101579       -5.1200779474722484     
   1.2334073464101578       -5.1910941755362092     
   1.2384073464101577       -5.2592560788037339     
   1.2434073464101576       -5.3228574453836979     
   1.2484073464101575       -5.3802544076757570     
   1.2534073464101574       -5.4299049888626669     
   1.2584073464101573       -5.4704073433762543     
   1.2634073464101572       -5.5005358133793854     
   1.2684073464101571       -5.5192739521208400     
   1.2734073464101570       -5.5258437126305822     
   1.2784073464101569       -5.5197300659117277     
   1.2834073464101567       -5.5007003954432685     
   1.2884073464101566       -5.4688181129440974     
   1.2934073464101565       -5.4244500521278951     
   1.2984073464101564       -5.3682673204462672     
   1.3034073464101563       -5.3012394211497655     
   1.3084073464101562       -5.2246215967420140     
   1.3134073464101561       -5.1399354872409724     
   1.3184073464101560       -5.0489433396575860     
   1.3234073464101559       -4.9536161457684500     
   1.3284073464101558       -4.8560962206169149     
   1.3334073464101557       -4.7586548613198714     
   1.3384073464101556       -4.6636458419127989     
   1.3434073464101555       -4.5734556025549153     
   1.3484073464101554       -4.4904510781095226     
   1.3534073464101553       -4.4169261798848680     
   1.3584073464101551       -4.3550479934856146     
   1.3634073464101550       -4.3068037839890971     
   1.3684073464101549       -4.2739499061438195     
   1.3734073464101548       -4.2579637015500147     
   1.3784073464101547       -4.2599994268347334     
   1.3834073464101546       -4.2808491971465799     
   1.3884073464101545       -4.3209098487870348     
   1.3934073464101544       -4.3801565248247032     
   1.3984073464101543       -4.4581236698750093     
   1.4034073464101542       -4.5538939870225921     
   1.4084073464101541       -4.6660957636058678     
   1.4134073464101540       -4.7929088160562472     
   1.4184073464101539       -4.9320791402051212     
   1.4234073464101538       -5.0809421856370491     
   1.4284073464101537       -5.2364545040852946     
   1.4334073464101535       -5.3952333558915235     
   1.4384073464101534       -5.5536036985178798     
   1.4434073464101533       -5.7076518302508585     
   1.4484073464101532       -5.8532848236581119     
   1.4534073464101531       -5.9862947599189562     
   1.4584073464101530       -6.1024266694314004     
   1.4634073464101529       -6.1974489983555117     
   1.4684073464101528       -6.2672253568523342     
   1.4734073464101527       -6.3077862641665714     
   1.4784073464101526       -6.3153995893697932     
   1.4834073464101525       -6.2866383950451263     
   1.4884073464101524       -6.2184449244765965     
   1.4934073464101523       -6.1081895305388274     
   1.4984073464101522       -5.9537234255094393     
   1.5034073464101521       -5.7534242340233446     
   1.5084073464101520       -5.5062334544874973     
   1.5134073464101518       -5.2116850752025785     
   1.5184073464101517       -4.8699247475574143     
   1.5234073464101516       -4.4817190870243317     
   1.5284073464101515       -4.0484548500873760     
   1.5334073464101514       -3.5721279182895511     
   1.5384073464101513       -3.0553222057760792     
   1.5434073464101512       -2.5011787904724181     
   1.5484073464101511       -1.9133557478216974     
   1.5534073464101510       -1.2959793363595224     
   1.5584073464101509      -0.65358734302748500     
   1.5634073464101508        8.9344600520271378E-003
   1.5684073464101507       0.68642166938265436     
   1.5734073464101506        1.3735052303194821     
   1.5784073464101505        2.0646887754226917     
   1.5834073464101504        2.7544279922170745     
   1.5884073464101502        3.4372106560501452     
   1.5934073464101501        4.1076359536672022     
   1.5984073464101500        4.7604917387200993     
   1.6034073464101499        5.3908284013572185     
   1.6084073464101498        5.9940280994663304     
   1.6134073464101497        6.5658681877441456     
   1.6184073464101496        7.1025777907773513     
   1.6234073464101495        7.6008865955565845     
   1.6284073464101494        8.0580650847518154     
   1.6334073464101493        8.4719555917824358     
   1.6384073464101492        8.8409937290826619     
   1.6434073464101491        9.1642199186637363     
   1.6484073464101490        9.4412809356464074     
   1.6534073464101489        9.6724215573617336     
   1.6584073464101488        9.8584665893845091     
   1.6634073464101486        10.000793712044928     
   1.6684073464101485        10.101297753279649     
   1.6734073464101484        10.162347143071042     
   1.6784073464101483        10.186733438391933     
   1.6834073464101482        10.177614923063640     
   1.6884073464101481        10.138455382163635     
   1.6934073464101480        10.072959223920172     
   1.6984073464101479        9.9850041721840448     
   1.7034073464101478        9.8785727788243172     
   1.7084073464101477        9.7576840074840483     
   1.7134073464101476        9.6263261182701356     
   1.7184073464101475        9.4883920378253368     
   1.7234073464101474        9.3476183319889330     
   1.7284073464101473        9.2075288104713309     
   1.7334073464101472        9.0713836866214521     
   1.7384073464101470        8.9421350927770256     
   1.7434073464101469        8.8223896154852515     
   1.7484073464101468        8.7143783679348434     
   1.7534073464101467        8.6199349623084629     
   1.7584073464101466        8.5404815856235619     
   1.7634073464101465        8.4770232222124626     
   1.7684073464101464        8.4301499075189152     
   1.7734073464101463        8.4000467445013562     
   1.7784073464101462        8.3865112686325887     
   1.7834073464101461        8.3889776130718889     
   1.7884073464101460        8.4065468045992819     
   1.7934073464101459        8.4380224155792511     
   1.7984073464101458        8.4819507094467994     
   1.8034073464101457        8.5366643484836988     
   1.8084073464101456        8.6003286840666302     
   1.8134073464101454        8.6709896217802864     
   1.8184073464101453        8.7466220470205798     
   1.8234073464101452        8.8251778107488530     
   1.8284073464101451        8.9046323092544757     
   1.8334073464101450        8.9830287450872266     
   1.8384073464101449        9.0585192272974826     
   1.8434073464101448        9.1294019559888220     
   1.8484073464101447        9.1941538368567937     
   1.8534073464101446        9.2514579835125641     
   1.8584073464101445        9.3002256864208679     
   1.8634073464101444        9.3396125545184798     
   1.8684073464101443        9.3690286662334543     
   1.8734073464101442        9.3881426978781111     
   1.8784073464101441        9.3968801264540076     
   1.8834073464101440        9.3954157280869488     
   1.8884073464101438        9.3841607100539726     
   1.8934073464101437        9.3637449213203325     
   1.8984073464101436        9.3349946815665330     
   1.9034073464101435        9.2989068500370138     
   1.9084073464101434        9.2566198216883393     
   1.9134073464101433        9.2093821879137394     
   1.9184073464101432        9.1585198318003691     
   1.9234073464101431        9.1054022430468642     
   1.9284073464101430        9.0514088353285125     
   1.9334073464101429        8.9978960294222503     
   1.9384073464101428        8.9461658295392255     
   1.9434073464101427        8.8974365691476596     
   1.9484073464101426        8.8528164375118941     
   1.9534073464101425        8.8132803209133197     
   1.9584073464101424        8.7796504049870983     
   1.9634073464101423        8.7525808889304137     
   1.9684073464101421        8.7325470607867270     
   1.9734073464101420        8.7198388779516431     
   1.9784073464101419        8.7145590908870183     
   1.9834073464101418        8.7166258431633885     
   1.9884073464101417        8.7257795797050512     
   1.9934073464101416        8.7415939996965992     
   1.9984073464101415        8.7634907030708398     
   2.0034073464101416        8.7907571016738206     
   2.0084073464101415        8.8225670996848660     
   2.0134073464101414        8.8580039939721154     
   2.0184073464101413        8.8960850047963174     
   2.0234073464101412        8.9357868213243759     
   2.0284073464101411        8.9760715351325775     
   2.0334073464101410        9.0159123382823694     
   2.0384073464101409        9.0543183803214617     
   2.0434073464101408        9.0903582100592892     
   2.0484073464101407        9.1231812722449135     
   2.0534073464101406        9.1520369851157888     
   2.0584073464101404        9.1762909907177423     
   2.0634073464101403        9.1954382442416325     
   2.0684073464101402        9.2091126895298849     
   2.0734073464101401        9.2170933534028983     
   2.0784073464101400        9.2193067794864945     
   2.0834073464101399        9.2158258107026789     
   2.0884073464101398        9.2068648164494213     
   2.0934073464101397        9.1927715437367752     
   2.0984073464101396        9.1740158492734416     
   2.1034073464101395        9.1511756399666435     
   2.1084073464101394        9.1249204109575448     
   2.1134073464101393        9.0959928218366244     
   2.1184073464101392        9.0651887919913960     
   2.1234073464101391        9.0333366243324580     
   2.1284073464101390        9.0012756824095312     
   2.1334073464101388        8.9698351489553136     
   2.1384073464101387        8.9398133842680068     
   2.1434073464101386        8.9119583809464000     
   2.1484073464101385        8.8869497779910240     
   2.1534073464101384        8.8653828531131111     
   2.1584073464101383        8.8477548584214851     
   2.1634073464101382        8.8344540028719223     
   2.1684073464101381        8.8257513165236219     
   2.1734073464101380        8.8217955584537933     
   2.1784073464101379        8.8226112539322727     
   2.1834073464101378        8.8280998690053316     
   2.1884073464101377        8.8380440538463354     
   2.1934073464101376        8.8521148119305142     
   2.1984073464101375        8.8698813820372919     
   2.2034073464101374        8.8908235559155298     
   2.2084073464101373        8.9143460976489006     
   2.2134073464101371        8.9397948826280427     
   2.2184073464101370        8.9664743356527499     
   2.2234073464101369        8.9936657198907408     
   2.2284073464101368        9.0206458117899064     
   2.2334073464101367        9.0467054918872698     
   2.2384073464101366        9.0711677878134616     
   2.2434073464101365        9.0934049234145640     
   2.2484073464101364        9.1128539562923798     
   2.2534073464101363        9.1290306244369361     
   2.2584073464101362        9.1415410699908985     
   2.2634073464101361        9.1500911633388142     
   2.2684073464101360        9.1544932122654536     
   2.2734073464101359        9.1546699073450988     
   2.2784073464101358        9.1506554243663381     
   2.2834073464101357        9.1425936757547692     
   2.2884073464101355        9.1307337738914214     
   2.2934073464101354        9.1154228382148865     
   2.2984073464101353        9.0970963433708931     
   2.3034073464101352        9.0762662658610154     
   2.3084073464101351        9.0535073402002837     
   2.3134073464101350        9.0294417812440795     
   2.3184073464101349        9.0047228660089758     
   2.3234073464101348        8.9800177951279050     
   2.3284073464101347        8.9559902704294405     
   2.3334073464101346        8.9332832306482359     
   2.3384073464101345        8.9125021818577004     
   2.3434073464101344        8.8941995430289680     
   2.3484073464101343        8.8788604005856069     
   2.3534073464101342        8.8668900296121311     
   2.3584073464101341        8.8586034943934067     
   2.3634073464101339        8.8542175883248930     
   2.3684073464101338        8.8538453142414291     
   2.3734073464101337        8.8574930423160083     
   2.3784073464101336        8.8650604154487453     
   2.3834073464101335        8.8763430031489179     
   2.3884073464101334        8.8910376359975096     
   2.3934073464101333        8.9087502855533334     
   2.3984073464101332        8.9290062906775720     
   2.4034073464101331        8.9512626722678679     
   2.4084073464101330        8.9749222257601300     
   2.4134073464101329        8.9993490357697734     
   2.4184073464101328        9.0238850210150989     
   2.4234073464101327        9.0478670910925327     
   2.4284073464101326        9.0706444804235478     
   2.4334073464101325        9.0915958191844481     
   2.4384073464101323        9.1101455064180499     
   2.4434073464101322        9.1257789667075215     
   2.4484073464101321        9.1380563983960190     
   2.4534073464101320        9.1466246577413699     
   2.4584073464101319        9.1512269687415397     
   2.4634073464101318        9.1517102015725005     
   2.4684073464101317        9.1480295223720312     
   2.4734073464101316        9.1402502820428992     
   2.4784073464101315        9.1285470802667632     
   2.4834073464101314        9.1132000113569376     
   2.4884073464101313        9.0945881692176549     
   2.4934073464101312        9.0731805577933109     
   2.4984073464101311        9.0495246192857834     
   2.5034073464101310        9.0242326534614001     
   2.5084073464101309        8.9979664560433541     
   2.5134073464101307        8.9714205511166156     
   2.5184073464101306        8.9453044304653595     
   2.5234073464101305        8.9203242408344092     
   2.5284073464101304        8.8971643775031986     
   2.5334073464101303        8.8764694487853824     
   2.5384073464101302        8.8588270708874699     
   2.5434073464101301        8.8447519360164630     
   2.5484073464101300        8.8346715690343487     
   2.5534073464101299        8.8289141499020385     
   2.5584073464101298        8.8276987314735589     
   2.5634073464101297        8.8311281259743097     
   2.5684073464101296        8.8391846700137364     
   2.5734073464101295        8.8517290087212341     
   2.5784073464101294        8.8685019661808333     
   2.5834073464101293        8.8891294935160392     
   2.5884073464101292        8.9131306095551732     
   2.5934073464101290        8.9399281738336871     
   2.5984073464101289        8.9688622595937701     
   2.6034073464101288        8.9992058271988746     
   2.6084073464101287        9.0301823376656056     
   2.6134073464101286        9.0609848933650738     
   2.6184073464101285        9.0907964497182228     
   2.6234073464101284        9.1188106090529750     
   2.6284073464101283        9.1442524866140982     
   2.6334073464101282        9.1663991296624889     
   2.6384073464101281        9.1845989740345910     
   2.6434073464101280        9.1982898385232570     
   2.6484073464101279        9.2070149857637116     
   2.6534073464101278        9.2104368184405772     
   2.6584073464101277        9.2083478307667441     
   2.6634073464101276        9.2006784962460344     
   2.6684073464101274        9.1875018423952177     
   2.6734073464101273        9.1690345398226114     
   2.6784073464101272        9.1456344151134843     
   2.6834073464101271        9.1177943824791203     
   2.6884073464101270        9.0861328761074187     
   2.6934073464101269        9.0513809515662160     
   2.6984073464101268        9.0143663084023355     
   2.7034073464101267        8.9759945652292359     
   2.7084073464101266        8.9372281911652713     
   2.7134073464101265        8.8990635616610163     
   2.7184073464101264        8.8625066608979903     
   2.7234073464101263        8.8285479956209834     
   2.7284073464101262        8.7981373152995381     
   2.7334073464101261        8.7721587499927853     
   2.7384073464101260        8.7514069796101239     
   2.7434073464101258        8.7365650361309157     
   2.7484073464101257        8.7281843138109281     
   2.7534073464101256        8.7266673218368318     
   2.7584073464101255        8.7322536599959442     
   2.7634073464101254        8.7450096317262336     
   2.7684073464101253        8.7648218317199653     
   2.7734073464101252        8.7913949586614635     
   2.7784073464101251        8.8242540095151227     
   2.7834073464101250        8.8627509120736043     
   2.7884073464101249        8.9060755494146644     
   2.7934073464101248        8.9532710257979620     
   2.7984073464101247        9.0032529207171681     
   2.8034073464101246        9.0548321786751629     
   2.8084073464101245        9.1067411890920766     
   2.8134073464101244        9.1576625258093394     
   2.8184073464101242        9.2062597409951685     
   2.8234073464101241        9.2512095457612880     
   2.8284073464101240        9.2912346611062020     
   2.8334073464101239        9.3251365892571130     
   2.8384073464101238        9.3518275381304985     
   2.8434073464101237        9.3703607311642099     
   2.8484073464101236        9.3799583515228058     
   2.8534073464101235        9.3800364035985950     
   2.8584073464101234        9.3702258253994550     
   2.8634073464101233        9.3503892520300802     
   2.8684073464101232        9.3206329118731226     
   2.8734073464101231        9.2813132317531881     
   2.8784073464101230        9.2330378334988996     
   2.8834073464101229        9.1766607198055095     
   2.8884073464101228        9.1132715698037519     
   2.8934073464101226        9.0441791917327894     
   2.8984073464101225        8.9708893089294293     
   2.9034073464101224        8.8950769832357732     
   2.9084073464101223        8.8185541041217732     
   2.9134073464101222        8.7432324895830256     
   2.9184073464101221        8.6710832535681810     
   2.9234073464101220        8.6040931918285750     
   2.9284073464101219        8.5442190213865032     
   2.9334073464101218        8.4933403762719699     
   2.9384073464101217        8.4532125120668873     
   2.9434073464101216        8.4254197027590330     
   2.9484073464101215        8.4113303244581896     
   2.9534073464101214        8.4120546110864804     
   2.9584073464101213        8.4284060370677221     
   2.9634073464101212        8.4608672315814459     
   2.9684073464101211        8.5095612588226892     
   2.9734073464101209        8.5742290100446716     
   2.9784073464101208        8.6542133474874845     
   2.9834073464101207        8.7484505195151279     
   2.9884073464101206        8.8554692326377911     
   2.9934073464101205        8.9733976221238674     
   2.9984073464101204        9.0999782113914183     
   3.0034073464101203        9.2325907942864482     
   3.0084073464101202        9.3682830168098548     
   3.0134073464101201        9.5038082790209160     
   3.0184073464101200        9.6356704268973541     
   3.0234073464101199        9.7601745609836250     
   3.0284073464101198        9.8734831566951158     
   3.0334073464101197        9.9716765729594492     
   3.0384073464101196        10.050816924012627     
   3.0434073464101195        10.107014205865635     
   3.0484073464101193        10.136493506103660     
   3.0534073464101192        10.135662084766317     
   3.0584073464101191        10.101175096147136     
   3.0634073464101190        10.029998727052899     
   3.0684073464101189        9.9194695565188873     
   3.0734073464101188        9.7673489948480441     
   3.0784073464101187        9.5718717353227980     
   3.0834073464101186        9.3317872487599018     
   3.0884073464101185        9.0463934675363493     
   3.0934073464101184        8.7155619397001391     
   3.0984073464101183        8.3397538828186271     
   3.1034073464101182        7.9200267285201296     
   3.1084073464101181        7.4580309191987011     
   3.1134073464101180        6.9559968948235147     
   3.1184073464101179        6.4167123868330753     
   3.1234073464101177        5.8434903142391983     
   3.1284073464101176        5.2401277508575674     
   3.1334073464101175        4.6108565986290566     
   3.1384073464101174        3.9602867570478311     
