  -3.1415926535897931        4.5277217358661463     
  -3.1365926535897932        3.3608774749078094     
  -3.1315926535897933        2.1618715033590838     
  -3.1265926535897934       0.96092361016945960     
  -3.1215926535897935      -0.21176412147205426     
  -3.1165926535897936       -1.3273939536910513     
  -3.1115926535897938       -2.3598760302027095     
  -3.1065926535897939       -3.2869780503821984     
  -3.1015926535897940       -4.0912598537469860     
  -3.0965926535897941       -4.7607447918701373     
  -3.0915926535897942       -5.2892956011811849     
  -3.0865926535897943       -5.6766800536203839     
  -3.0815926535897944       -5.9283298496245598     
  -3.0765926535897945       -6.0548139000642225     
  -3.0715926535897946       -6.0710632376482803     
  -3.0665926535897947       -5.9953983365537775     
  -3.0615926535897948       -5.8484198103143319     
  -3.0565926535897949       -5.6518297354734202     
  -3.0515926535897950       -5.4272529028894869     
  -3.0465926535897951       -5.1951250939112859     
  -3.0415926535897952       -4.9737092499634654     
  -3.0365926535897954       -4.7782906374100600     
  -3.0315926535897955       -4.6205895057434256     
  -3.0265926535897956       -4.5084151622552531     
  -3.0215926535897957       -4.4455698121237326     
  -3.0165926535897958       -4.4319949513082486     
  -3.0115926535897959       -4.4641385362793091     
  -3.0065926535897960       -4.5355084847341027     
  -3.0015926535897961       -4.6373680337660526     
  -2.9965926535897962       -4.7595216530834419     
  -2.9915926535897963       -4.8911369135761058     
  -2.9865926535897964       -5.0215480385605629     
  -2.9815926535897965       -5.1409906693083904     
  -2.9765926535897966       -5.2412242872346804     
  -2.9715926535897967       -5.3160081887106196     
  -2.9665926535897968       -5.3614081911336822     
  -2.9615926535897970       -5.3759235487311425     
  -2.9565926535897971       -5.3604360206404928     
  -2.9515926535897972       -5.3179948265353101     
  -2.9465926535897973       -5.2534615839394547     
  -2.9415926535897974       -5.1730476061850510     
  -2.9365926535897975       -5.0837816723880760     
  -2.9315926535897976       -4.9929492718559754     
  -2.9265926535897977       -4.9075442891474639     
  -2.9215926535897978       -4.8337712493414555     
  -2.9165926535897979       -4.7766308909387805     
  -2.9115926535897980       -4.7396144425382758     
  -2.9065926535897981       -4.7245231393822706     
  -2.9015926535897982       -4.7314198967661465     
  -2.8965926535897983       -4.7587103592571447     
  -2.8915926535897984       -4.8033414485748525     
  -2.8865926535897986       -4.8610976537504031     
  -2.8815926535897987       -4.9269691528949293     
  -2.8765926535897988       -4.9955617957163216     
  -2.8715926535897989       -5.0615172185955455     
  -2.8665926535897990       -5.1199119484239004     
  -2.8615926535897991       -5.1666071491703356     
  -2.8565926535897992       -5.1985253951897770     
  -2.8515926535897993       -5.2138371085448023     
  -2.8465926535897994       -5.2120465702317569     
  -2.8415926535897995       -5.1939751474021971     
  -2.8365926535897996       -5.1616469964913589     
  -2.8315926535897997       -5.1180894589676953     
  -2.8265926535897998       -5.0670661812213869     
  -2.8215926535897999       -5.0127652801069544     
  -2.8165926535898000       -4.9594673807333800     
  -2.8115926535898002       -4.9112189508281761     
  -2.8065926535898003       -4.8715350663034576     
  -2.8015926535898004       -4.8431527220175106     
  -2.7965926535898005       -4.8278513277849102     
  -2.7915926535898006       -4.8263514774255754     
  -2.7865926535898007       -4.8382968902375527     
  -2.7815926535898008       -4.8623180749130421     
  -2.7765926535898009       -4.8961702281528980     
  -2.7715926535898010       -4.9369325895542797     
  -2.7665926535898011       -4.9812522983656882     
  -2.7615926535898012       -5.0256130111729531     
  -2.7565926535898013       -5.0666073068598090     
  -2.7515926535898014       -5.1011922712816977     
  -2.7465926535898015       -5.1269095446605268     
  -2.7415926535898016       -5.1420543448473426     
  -2.7365926535898017       -5.1457822705025444     
  -2.7315926535898019       -5.1381476903265924     
  -2.7265926535898020       -5.1200728451271500     
  -2.7215926535898021       -5.0932520232624503     
  -2.7165926535898022       -5.0599999289029594     
  -2.7115926535898023       -5.0230573044400257     
  -2.7065926535898024       -4.9853697210533392     
  -2.7015926535898025       -4.9498570311096657     
  -2.6965926535898026       -4.9191911986324932     
  -2.6915926535898027       -4.8955991089484803     
  -2.6865926535898028       -4.8807046245667296     
  -2.6815926535898029       -4.8754208082207491     
  -2.6765926535898030       -4.8798991530746783     
  -2.6715926535898031       -4.8935381696509372     
  -2.6665926535898032       -4.9150491269022387     
  -2.6615926535898033       -4.9425724748621551     
  -2.6565926535898035       -4.9738348026848804     
  -2.6515926535898036       -5.0063333704418582     
  -2.6465926535898037       -5.0375334868141648     
  -2.6415926535898038       -5.0650633954279991     
  -2.6365926535898039       -5.0868918981088429     
  -2.6315926535898040       -5.1014756130435917     
  -2.6265926535898041       -5.1078653875465232     
  -2.6215926535898042       -5.1057647384580651     
  -2.6165926535898043       -5.0955370077391580     
  -2.6115926535898044       -5.0781618975324072     
  -2.6065926535898045       -5.0551458833506002     
  -2.6015926535898046       -5.0283944092155277     
  -2.5965926535898047       -5.0000564963955769     
  -2.5915926535898048       -4.9723542564255991     
  -2.5865926535898049       -4.9474106677457090     
  -2.5815926535898051       -4.9270888095051237     
  -2.5765926535898052       -4.9128545809873776     
  -2.5715926535898053       -4.9056728807399610     
  -2.5665926535898054       -4.9059444508387333     
  -2.5615926535898055       -4.9134873341974439     
  -2.5565926535898056       -4.9275634041784766     
  -2.5515926535898057       -4.9469469758659876     
  -2.5465926535898058       -4.9700293586158342     
  -2.5415926535898059       -4.9949505931573999     
  -2.5365926535898060       -5.0197477216360422     
  -2.5315926535898061       -5.0425078950235180     
  -2.5265926535898062       -5.0615144915504180     
  -2.5215926535898063       -5.0753751938743461     
  -2.5165926535898064       -5.0831225746399049     
  -2.5115926535898065       -5.0842800315305228     
  -2.5065926535898067       -5.0788887057365519     
  -2.5015926535898068       -5.0674940893412490     
  -2.4965926535898069       -5.0510941378875396     
  -2.4915926535898070       -5.0310536163450257     
  -2.4865926535898071       -5.0089919014984599     
  -2.4815926535898072       -4.9866533589472626     
  -2.4765926535898073       -4.9657705750489640     
  -2.4715926535898074       -4.9479310781993391     
  -2.4665926535898075       -4.9344577177384910     
  -2.4615926535898076       -4.9263116331862173     
  -2.4565926535898077       -4.9240248498902224     
  -2.4515926535898078       -4.9276671364466589     
  -2.4465926535898079       -4.9368490470135207     
  -2.4415926535898080       -4.9507602608291368     
  -2.4365926535898081       -4.9682396385866046     
  -2.4315926535898083       -4.9878710446908086     
  -2.4265926535898084       -5.0080971115828499     
  -2.4215926535898085       -5.0273418819242899     
  -2.4165926535898086       -5.0441327405125653     
  -2.4115926535898087       -5.0572122681663343     
  -2.4065926535898088       -5.0656315849121363     
  -2.4015926535898089       -5.0688183158963476     
  -2.3965926535898090       -5.0666143799450953     
  -2.3915926535898091       -5.0592812008902941     
  -2.3865926535898092       -5.0474724861775080     
  -2.3815926535898093       -5.0321772084479202     
  -2.3765926535898094       -5.0146376736106326     
  -2.3715926535898095       -4.9962493949761475     
  -2.3665926535898096       -4.9784507831369673     
  -2.3615926535898097       -4.9626113152570150     
  -2.3565926535898098       -4.9499268252390776     
  -2.3515926535898100       -4.9413298703069772     
  -2.3465926535898101       -4.9374218429716823     
  -2.3415926535898102       -4.9384317183223994     
  -2.3365926535898103       -4.9442041993544903     
  -2.3315926535898104       -4.9542177163619208     
  -2.3265926535898105       -4.9676304302148830     
  -2.3215926535898106       -4.9833502607744125     
  -2.3165926535898107       -5.0001231716210475     
  -2.3115926535898108       -5.0166326231561547     
  -2.3065926535898109       -5.0316023523079982     
  -2.3015926535898110       -5.0438944980769174     
  -2.2965926535898111       -5.0525955695800606     
  -2.2915926535898112       -5.0570838013356578     
  -2.2865926535898113       -5.0570729703206831     
  -2.2815926535898114       -5.0526296361809662     
  -2.2765926535898116       -5.0441628595641061     
  -2.2715926535898117       -5.0323875898318118     
  -2.2665926535898118       -5.0182649273874835     
  -2.2615926535898119       -5.0029242042525128     
  -2.2565926535898120       -4.9875731594048744     
  -2.2515926535898121       -4.9734033158125044     
  -2.2465926535898122       -4.9614979370964623     
  -2.2415926535898123       -4.9527496402022919     
  -2.2365926535898124       -4.9477938974303424     
  -2.2315926535898125       -4.9469633490025728     
  -2.2265926535898126       -4.9502661734766837     
  -2.2215926535898127       -4.9573898616042333     
  -2.2165926535898128       -4.9677297592661587     
  -2.2115926535898129       -4.9804398405420933     
  -2.2065926535898130       -4.9945014885848975     
  -2.2015926535898132       -5.0088047266387221     
  -2.1965926535898133       -5.0222354526572159     
  -2.1915926535898134       -5.0337618512855151     
  -2.1865926535898135       -5.0425133091652228     
  -2.1815926535898136       -5.0478458250379630     
  -2.1765926535898137       -5.0493890270693784     
  -2.1715926535898138       -5.0470713939382179     
  -2.1665926535898139       -5.0411220044451763     
  -2.1615926535898140       -5.0320489762788840     
  -2.1565926535898141       -5.0205965551110934     
  -2.1515926535898142       -5.0076844418478004     
  -2.1465926535898143       -4.9943342752207025     
  -2.1415926535898144       -4.9815891199750908     
  -2.1365926535898145       -4.9704322804811314     
  -2.1315926535898146       -4.9617117350105691     
  -2.1265926535898148       -4.9560759750225598     
  -2.1215926535898149       -4.9539260818581550     
  -2.1165926535898150       -4.9553875590243948     
  -2.1115926535898151       -4.9603038675538276     
  -2.1065926535898152       -4.9682519091144099     
  -2.1015926535898153       -4.9785779997268458     
  -2.0965926535898154       -4.9904513076160191     
  -2.0915926535898155       -5.0029304116329714     
  -2.0865926535898156       -5.0150376707395727     
  -2.0815926535898157       -5.0258355509147119     
  -2.0765926535898158       -5.0344989708050836     
  -2.0715926535898159       -5.0403781029122428     
  -2.0665926535898160       -5.0430468688963419     
  -2.0615926535898161       -5.0423335289433480     
  -2.0565926535898162       -5.0383311922958551     
  -2.0515926535898164       -5.0313876556879515     
  -2.0465926535898165       -5.0220755846994596     
  -2.0415926535898166       -5.0111455652322459     
  -2.0365926535898167       -4.9994658524574698     
  -2.0315926535898168       -4.9879536343687647     
  -2.0265926535898169       -4.9775032332224960     
  -2.0215926535898170       -4.9689168478123635     
  -2.0165926535898171       -4.9628431833006212     
  -2.0115926535898172       -4.9597286476084887     
  -2.0065926535898173       -4.9597847701244682     
  -2.0015926535898174       -4.9629742026133297     
  -1.9965926535898175       -4.9690161968312756     
  -1.9915926535898176       -4.9774109336697538     
  -1.9865926535898177       -4.9874806228861663     
  -1.9815926535898178       -4.9984240127271242     
  -1.9765926535898179       -5.0093799423549328     
  -1.9715926535898181       -5.0194949121724086     
  -1.9665926535898182       -5.0279893854051609     
  -1.9615926535898183       -5.0342176850146974     
  -1.9565926535898184       -5.0377168974652893     
  -1.9515926535898185       -5.0382410927731680     
  -1.9465926535898186       -5.0357783456620533     
  -1.9415926535898187       -5.0305494017825865     
  -1.9365926535898188       -5.0229882687357383     
  -1.9315926535898189       -5.0137064120657460     
  -1.9265926535898190       -5.0034434932396330     
  -1.9215926535898191       -4.9930086038280592     
  -1.9165926535898192       -4.9832166510235494     
  -1.9115926535898193       -4.9748248828644179     
  -1.9065926535898194       -4.9684744846249389     
  -1.9015926535898195       -4.9646417387658470     
  -1.8965926535898197       -4.9636024571363802     
  -1.8915926535898198       -4.9654123296740416     
  -1.8865926535898199       -4.9699045737357670     
  -1.8815926535898200       -4.9767049119025932     
  -1.8765926535898201       -4.9852625596877100     
  -1.8715926535898202       -4.9948946724087424     
  -1.8665926535898203       -5.0048406771515346     
  -1.8615926535898204       -5.0143221788376131     
  -1.8565926535898205       -5.0226037336134777     
  -1.8515926535898206       -5.0290497558922755     
  -1.8465926535898207       -5.0331731663363062     
  -1.8415926535898208       -5.0346720672930498     
  -1.8365926535898209       -5.0334516941213341     
  -1.8315926535898210       -5.0296300584390305     
  -1.8265926535898211       -5.0235269802440579     
  -1.8215926535898213       -5.0156374997322635     
  -1.8165926535898214       -5.0065918659020818     
  -1.8115926535898215       -4.9971053247545694     
  -1.8065926535898216       -4.9879216968870770     
  -1.8015926535898217       -4.9797551850626256     
  -1.7965926535898218       -4.9732349544348207     
  -1.7915926535898219       -4.9688567763579137     
  -1.7865926535898220       -4.9669454434556233     
  -1.7815926535898221       -4.9676307967589475     
  -1.7765926535898222       -4.9708391247923691     
  -1.7715926535898223       -4.9763004851127732     
  -1.7665926535898224       -4.9835712559225795     
  -1.7615926535898225       -4.9920700458052290     
  -1.7565926535898226       -5.0011240645356869     
  -1.7515926535898227       -5.0100222657912505     
  -1.7465926535898229       -5.0180710732416802     
  -1.7415926535898230       -5.0246483315675459     
  -1.7365926535898231       -5.0292512942205416     
  -1.7315926535898232       -5.0315349544820416     
  -1.7265926535898233       -5.0313378047852702     
  -1.7215926535898234       -5.0286931087929467     
  -1.7165926535898235       -5.0238249120877532     
  -1.7115926535898236       -5.0171292108003751     
  -1.7065926535898237       -5.0091418499202458     
  -1.7015926535898238       -5.0004957450965941     
  -1.6965926535898239       -4.9918708348828016     
  -1.6915926535898240       -4.9839407128211661     
  -1.6865926535898241       -4.9773201201833306     
  -1.6815926535898242       -4.9725173846945845     
  -1.6765926535898243       -4.9698954778120985     
  -1.6715926535898245       -4.9696446673274224     
  -1.6665926535898246       -4.9717688192231826     
  -1.6615926535898247       -4.9760863261131885     
  -1.6565926535898248       -4.9822454939857055     
  -1.6515926535898249       -4.9897530939178250     
  -1.6465926535898250       -4.9980137683230064     
  -1.6415926535898251       -5.0063771505714030     
  -1.6365926535898252       -5.0141889759282368     
  -1.6315926535898253       -5.0208421743102996     
  -1.6265926535898254       -5.0258239618907865     
  -1.6215926535898255       -5.0287552850734780     
  -1.6165926535898256       -5.0294195887105708     
  -1.6115926535898257       -5.0277787308089481     
  -1.6065926535898258       -5.0239748807687414     
  -1.6015926535898259       -5.0183183374526203     
  -1.5965926535898260       -5.0112623010334572     
  -1.5915926535898262       -5.0033666431829369     
  -1.5865926535898263       -4.9952535655891648     
  -1.5815926535898264       -4.9875586521807138     
  -1.5765926535898265       -4.9808811592106395     
  -1.5715926535898266       -4.9757374247307471     
  -1.5665926535898267       -4.9725210137681870     
  -1.5615926535898268       -4.9714726700613268     
  -1.5565926535898269       -4.9726623635573652     
  -1.5515926535898270       -4.9759847671957722     
  -1.5465926535898271       -4.9811684421744555     
  -1.5415926535898272       -4.9877979405607729     
  -1.5365926535898273       -4.9953470312072037     
  -1.5315926535898274       -5.0032203972055020     
  -1.5265926535898275       -5.0108005065932346     
  -1.5215926535898276       -5.0174959719557819     
  -1.5165926535898278       -5.0227876176542683     
  -1.5115926535898279       -5.0262686717082676     
  -1.5065926535898280       -5.0276759759099932     
  -1.5015926535898281       -5.0269098240063546     
  -1.4965926535898282       -5.0240409367509535     
  -1.4915926535898283       -5.0193040933528641     
  -1.4865926535898284       -5.0130789820367543     
  -1.4815926535898285       -5.0058598266427010     
  -1.4765926535898286       -4.9982162142092639     
  -1.4715926535898287       -4.9907482232722842     
  -1.4665926535898288       -4.9840393825154123     
  -1.4615926535898289       -4.9786111420831869     
  -1.4565926535898290       -4.9748824047106384     
  -1.4515926535898291       -4.9731372527017372     
  -1.4465926535898292       -4.9735033530058717     
  -1.4415926535898294       -4.9759426782518261     
  -1.4365926535898295       -4.9802552132695528     
  -1.4315926535898296       -4.9860953003845152     
  -1.4265926535898297       -4.9929992920294772     
  -1.4215926535898298       -5.0004223026033898     
  -1.4165926535898299       -5.0077811508817369     
  -1.4115926535898300       -5.0145001135108309     
  -1.4065926535898301       -5.0200559049270579     
  -1.4015926535898302       -5.0240183743173858     
  -1.3965926535898303       -5.0260837589495129     
  -1.3915926535898304       -5.0260979270442094     
  -1.3865926535898305       -5.0240678350462149     
  -1.3815926535898306       -5.0201603511557167     
  -1.3765926535898307       -5.0146885864957902     
  -1.3715926535898308       -5.0080868499115514     
  -1.3665926535898310       -5.0008762261868878     
  -1.3615926535898311       -4.9936235018561810     
  -1.3565926535898312       -4.9868966718972851     
  -1.3515926535898313       -4.9812205155226348     
  -1.3465926535898314       -4.9770357110970416     
  -1.3415926535898315       -4.9746646713205251     
  -1.3365926535898316       -4.9742867437307305     
  -1.3315926535898317       -4.9759246809935842     
  -1.3265926535898318       -4.9794433988451443     
  -1.3215926535898319       -4.9845610765817625     
  -1.3165926535898320       -4.9908716910417343     
  -1.3115926535898321       -4.9978771852708075     
  -1.3065926535898322       -5.0050267266703594     
  -1.3015926535898323       -5.0117599641374531     
  -1.2965926535898324       -5.0175508913992957     
  -1.2915926535898326       -5.0219488872197102     
  -1.2865926535898327       -5.0246137344151318     
  -1.2815926535898328       -5.0253418997814290     
  -1.2765926535898329       -5.0240820478685633     
  -1.2715926535898330       -5.0209386085096783     
  -1.2665926535898331       -5.0161631545637846     
  -1.2615926535898332       -5.0101342991323632     
  -1.2565926535898333       -5.0033277161726391     
  -1.2515926535898334       -4.9962786553170302     
  -1.2465926535898335       -4.9895399013467587     
  -1.2415926535898336       -4.9836384764542050     
  -1.2365926535898337       -4.9790344726744955     
  -1.2315926535898338       -4.9760852264101851     
  -1.2265926535898339       -4.9750176212132562     
  -1.2215926535898340       -4.9759106628092304     
  -1.2165926535898341       -4.9786896624224015     
  -1.2115926535898343       -4.9831324542603808     
  -1.2065926535898344       -4.9888871318272958     
  -1.2015926535898345       -4.9954998890852647     
  -1.1965926535898346       -5.0024507664022870     
  -1.1915926535898347       -5.0091944887910014     
  -1.1865926535898348       -5.0152031925470721     
  -1.1815926535898349       -5.0200076960766644     
  -1.1765926535898350       -5.0232340918428688     
  -1.1715926535898351       -5.0246328089262962     
  -1.1665926535898352       -5.0240978900580151     
  -1.1615926535898353       -5.0216749962789677     
  -1.1565926535898354       -5.0175575361960467     
  -1.1515926535898355       -5.0120712459196346     
  -1.1465926535898356       -5.0056484475675411     
  -1.1415926535898357       -4.9987940183675645     
  -1.1365926535898359       -4.9920457463041732     
  -1.1315926535898360       -4.9859321819744746     
  -1.1265926535898361       -4.9809312863772544     
  -1.1215926535898362       -4.9774331063621711     
  -1.1165926535898363       -4.9757093891794604     
  -1.1115926535898364       -4.9758925004330337     
  -1.1065926535898365       -4.9779652788481785     
  -1.1015926535898366       -4.9817626039797354     
  -1.0965926535898367       -4.9869845364372587     
  -1.0915926535898368       -4.9932199860364150     
  -1.0865926535898369       -4.9999790420692296     
  -1.0815926535898370       -5.0067314256081854     
  -1.0765926535898371       -5.0129480488492408     
  -1.0715926535898372       -5.0181424277516786     
  -1.0665926535898373       -5.0219087099648441     
  -1.0615926535898375       -5.0239533486754029     
  -1.0565926535898376       -5.0241179532634730     
  -1.0515926535898377       -5.0223915401736843     
  -1.0465926535898378       -5.0189112378865621     
  -1.0415926535898379       -5.0139514033127073     
  -1.0365926535898380       -5.0079020127070208     
  -1.0315926535898381       -5.0012380275882560     
  -1.0265926535898382       -4.9944821398407946     
  -1.0215926535898383       -4.9881638153622436     
  -1.0165926535898384       -4.9827778422604831     
  -1.0115926535898385       -4.9787456255305838     
  -1.0065926535898386       -4.9763822527754220     
  -1.0015926535898387       -4.9758719020639930     
 -0.99659265358983873       -4.9772535090503247     
 -0.99159265358983872       -4.9804178072245371     
 -0.98659265358983872       -4.9851159654674086     
 -0.98159265358983872       -4.9909791404638293     
 -0.97659265358983871       -4.9975474088019443     
 -0.97159265358983871       -5.0043058112966499     
 -0.96659265358983870       -5.0107246873371647     
 -0.96159265358983870       -5.0163011430899553     
 -0.95659265358983869       -5.0205984101548076     
 -0.95159265358983869       -5.0232800174689318     
 -0.94659265358983868       -5.0241361057937706     
 -0.94159265358983868       -5.0230998291605804     
 -0.93659265358983868       -5.0202525630918009     
 -0.93159265358983867       -5.0158175146526229     
 -0.92659265358983867       -5.0101422360455539     
 -0.92159265358983866       -5.0036714107343201     
 -0.91659265358983866       -4.9969120412546797     
 -0.91159265358983865       -4.9903937615959926     
 -0.90659265358983865       -4.9846273779765031     
 -0.90159265358983864       -4.9800648802596035     
 -0.89659265358983864       -4.9770640513707081     
 -0.89159265358983864       -4.9758604428517756     
 -0.88659265358983863       -4.9765489091777084     
 -0.88159265358983863       -4.9790761465862596     
 -0.87659265358983862       -4.9832448222465544     
 -0.87159265358983862       -4.9887289737477882     
 -0.86659265358983861       -4.9950994778585018     
 -0.86159265358983861       -5.0018576000935973     
 -0.85659265358983860       -5.0084740043421849     
 -0.85159265358983860       -5.0144301740751489     
 -0.84659265358983860       -5.0192590069328853     
 -0.84159265358983859       -5.0225814076925239     
 -0.83659265358983859       -5.0241360158945403     
 -0.83159265358983858       -5.0237997395700775     
 -0.82659265358983858       -5.0215974838676711     
 -0.82159265358983857       -5.0177003070048398     
 -0.81659265358983857       -5.0124121400568953     
 -0.81159265358983856       -5.0061461010776300     
 -0.80659265358983856       -4.9993922481073412     
 -0.80159265358983856       -4.9926792861427289     
 -0.79659265358983855       -4.9865332176592734     
 -0.79159265358983855       -4.9814361675955183     
 -0.78659265358983854       -4.9777886028055205     
 -0.78159265358983854       -4.9758779035117948     
 -0.77659265358983853       -4.9758557505306769     
 -0.77159265358983853       -4.9777261053502997     
 -0.76659265358983852       -4.9813447339640247     
 -0.76159265358983852       -4.9864303240810406     
 -0.75659265358983852       -4.9925863392548564     
 -0.75159265358983851       -4.9993319133370608     
 -0.74659265358983851       -5.0061393801499507     
 -0.74159265358983850       -5.0124755118457420     
 -0.73659265358983850       -5.0178432460085221     
 -0.73159265358983849       -5.0218206393340550     
 -0.72659265358983849       -5.0240939982904038     
 -0.72159265358983848       -5.0244825882357160     
 -0.71659265358983848       -5.0229529771306014     
 -0.71159265358983848       -5.0196218773801986     
 -0.70659265358983847       -5.0147472466363201     
 -0.70159265358983847       -5.0087083256460430     
 -0.69659265358983846       -5.0019761568562338     
 -0.69159265358983846       -4.9950768738114872     
 -0.68659265358983845       -4.9885506199647169     
 -0.68159265358983845       -4.9829093016901540     
 -0.67659265358983844       -4.9785964766723927     
 -0.67159265358983844       -4.9759525175193442     
 -0.66659265358983844       -4.9751877835868132     
 -0.66159265358983843       -4.9763659129664326     
 -0.65659265358983843       -4.9793985595002352     
 -0.65159265358983842       -4.9840520077090336     
 -0.64659265358983842       -4.9899651711131581     
 -0.64159265358983841       -4.9966775889256505     
 -0.63659265358983841       -5.0036652521027474     
 -0.63159265358983840       -5.0103814736523589     
 -0.62659265358983840       -5.0162996183493940     
 -0.62159265358983840       -5.0209543552166274     
 -0.61659265358983839       -5.0239782046444139     
 -0.61159265358983839       -5.0251305128944450     
 -0.60659265358983838       -5.0243165723075105     
 -0.60159265358983838       -5.0215953705668213     
 -0.59659265358983837       -5.0171753375135699     
 -0.59159265358983837       -5.0113983944286451     
 -0.58659265358983836       -5.0047135253939183     
 -0.58159265358983836       -4.9976419118733686     
 -0.57659265358983836       -4.9907363356660337     
 -0.57159265358983835       -4.9845380096819101     
 -0.56659265358983835       -4.9795342046260886     
 -0.56159265358983834       -4.9761199857773164     
 -0.55659265358983834       -4.9745670611918955     
 -0.55159265358983833       -4.9750021946430660     
 -0.54659265358983833       -4.9773968956163763     
 -0.54159265358983832       -4.9815692220802683     
 -0.53659265358983832       -4.9871975876184722     
 -0.53159265358983832       -4.9938455263686965     
 -0.52659265358983831       -5.0009955103035191     
 -0.52159265358983831       -5.0080892009648128     
 -0.51659265358983830       -5.0145710078231085     
 -0.51159265358983830       -5.0199315583286737     
 -0.50659265358983829       -5.0237476819674924     
 -0.50159265358983829       -5.0257157731827888     
 -0.49659265358983828       -5.0256759061272636     
 -0.49159265358983828       -5.0236247889153516     
 -0.48659265358983828       -5.0197165111645319     
 -0.48159265358983827       -5.0142509889938811     
 -0.47659265358983827       -5.0076509723632094     
 -0.47159265358983826       -5.0004293757391300     
 -0.46659265358983826       -4.9931494544358399     
 -0.46159265358983825       -4.9863809157669632     
 -0.45659265358983825       -4.9806553815270025     
 -0.45159265358983824       -4.9764246799988427     
 -0.44659265358983824       -4.9740252360049686     
 -0.44159265358983824       -4.9736513619804494     
 -0.43659265358983823       -4.9753395671487235     
 -0.43159265358983823       -4.9789651484323905     
 -0.42659265358983822       -4.9842513717766526     
 -0.42159265358983822       -4.9907905702832629     
 -0.41659265358983821       -4.9980755525054583     
 -0.41159265358983821       -5.0055389034133135     
 -0.40659265358983820       -5.0125971355943300     
 -0.40159265358983820       -5.0186962586134554     
 -0.39659265358983820       -5.0233552113474440     
 -0.39159265358983819       -5.0262037560781678     
 -0.38659265358983819       -5.0270118531540584     
 -0.38159265358983818       -5.0257081892945772     
 -0.37659265358983818       -5.0223863709243082     
 -0.37159265358983817       -5.0172982515497875     
 -0.36659265358983817       -5.0108348648611463     
 -0.36159265358983816       -5.0034964048933306     
 -0.35659265358983816       -4.9958535554422268     
 -0.35159265358983816       -4.9885031554242873     
 -0.34659265358983815       -4.9820216409149634     
 -0.34159265358983815       -4.9769198918859123     
 -0.33659265358983814       -4.9736030165302569     
 -0.33159265358983814       -4.9723382348259761     
 -0.32659265358983813       -4.9732334035025794     
 -0.32159265358983813       -4.9762279041746398     
 -0.31659265358983812       -4.9810966582730414     
 -0.31159265358983812       -4.9874670107195049     
 -0.30659265358983812       -4.9948472184878367     
 -0.30159265358983811       -5.0026643687995422     
 -0.29659265358983811       -5.0103088061975116     
 -0.29159265358983810       -5.0171816269807730     
 -0.28659265358983810       -5.0227415450393833     
 -0.28159265358983809       -5.0265474659898572     
 -0.27659265358983809       -5.0282934253552538     
 -0.27159265358983808       -5.0278331277367512     
 -0.26659265358983808       -5.0251921233048780     
 -0.26159265358983808       -5.0205666141167118     
 -0.25659265358983807       -5.0143089218639387     
 -0.25159265358983807       -5.0069006900076234     
 -0.24659265358983806       -4.9989158556542446     
 -0.24159265358983806       -4.9909762345582607     
 -0.23659265358983805       -4.9837031525741100     
 -0.23159265358983805       -4.9776688817097483     
 -0.22659265358983804       -4.9733516720871123     
 -0.22159265358983804       -4.9710979086376463     
 -0.21659265358983804       -4.9710943823236535     
 -0.21159265358983803       -4.9733528907952813     
 -0.20659265358983803       -4.9777084319618963     
 -0.20159265358983802       -4.9838311993118687     
 -0.19659265358983802       -4.9912515116917060     
 -0.19159265358983801       -4.9993957964592042     
 -0.18659265358983801       -5.0076308728121166     
 -0.18159265358983800       -5.0153131203690151     
 -0.17659265358983800       -5.0218387193897094     
 -0.17159265358983800       -5.0266910457803311     
 -0.16659265358983799       -5.0294815057809155     
 -0.16159265358983799       -5.0299805878095327     
 -0.15659265358983798       -5.0281366554280646     
 -0.15159265358983798       -5.0240809489166747     
 -0.14659265358983797       -5.0181183309642758     
 -0.14159265358983797       -5.0107044218908472     
 -0.13659265358983796       -5.0024108353075079     
 -0.13159265358983796       -4.9938811628926834     
 -0.12659265358983796       -4.9857810932283577     
 -0.12159265358983795       -4.9787465259185817     
 -0.11659265358983795       -4.9733337199661527     
 -0.11159265358983794       -4.9699753791276464     
 -0.10659265358983794       -4.9689461355986841     
 -0.10159265358983793       -4.9703401796191651     
  -9.6592653589837929E-002  -4.9740628505530387     
  -9.1592653589837925E-002  -4.9798369261165760     
  -8.6592653589837920E-002  -4.9872232039695090     
  -8.1592653589837916E-002  -4.9956538525311069     
  -7.6592653589837911E-002  -5.0044760028709705     
  -7.1592653589837907E-002  -5.0130022398270508     
  -6.6592653589837902E-002  -5.0205640926446362     
  -6.1592653589837905E-002  -5.0265643683740464     
  -5.6592653589837907E-002  -5.0305242368031697     
  -5.1592653589837910E-002  -5.0321213606226252     
  -4.6592653589837912E-002  -5.0312160407174584     
  -4.1592653589837915E-002  -5.0278632629859876     
  -3.6592653589837917E-002  -5.0223096199184436     
  -3.1592653589837920E-002  -5.0149752536562398     
  -2.6592653589837919E-002  -5.0064221364747308     
  -2.1592653589837918E-002  -4.9973110784500401     
  -1.6592653589837917E-002  -4.9883507462223422     
  -1.1592653589837916E-002  -4.9802426204712313     
  -6.5926535898379159E-003  -4.9736261612619383     
  -1.5926535898379158E-003  -4.9690284613058084     
   3.4073464101620843E-003  -4.9668223444819226     
   8.4073464101620844E-003  -4.9671962337268134     
   1.3407346410162085E-002  -4.9701382159837753     
   1.8407346410162086E-002  -4.9754356404753466     
   2.3407346410162087E-002  -4.9826903839052825     
   2.8407346410162088E-002  -4.9913486952919754     
   3.3407346410162089E-002  -5.0007433889846817     
   3.8407346410162087E-002  -5.0101451766569252     
   4.3407346410162084E-002  -5.0188191949746432     
   4.8407346410162082E-002  -5.0260823539987864     
   5.3407346410162079E-002  -5.0313570378389505     
   5.8407346410162077E-002  -5.0342169431713391     
   6.3407346410162074E-002  -5.0344214255124049     
   6.8407346410162079E-002  -5.0319355943143780     
   7.3407346410162083E-002  -5.0269344901074957     
   7.8407346410162088E-002  -5.0197909064905541     
   8.3407346410162092E-002  -5.0110476919339098     
   8.8407346410162096E-002  -5.0013765823084881     
   9.3407346410162101E-002  -4.9915266796897022     
   9.8407346410162105E-002  -4.9822665223250393     
  0.10340734641016211       -4.9743242184521117     
  0.10840734641016211       -4.9683302996728091     
  0.11340734641016212       -4.9647677711282761     
  0.11840734641016212       -4.9639333070986673     
  0.12340734641016213       -4.9659127005291870     
  0.12840734641016213       -4.9705725865423735     
  0.13340734641016214       -4.9775692062016121     
  0.13840734641016214       -4.9863736540795136     
  0.14340734641016215       -4.9963117640586496     
  0.14840734641016215       -5.0066156328883595     
  0.15340734641016215       -5.0164828512693251     
  0.15840734641016216       -5.0251388817147342     
  0.16340734641016216       -5.0318977424816458     
  0.16840734641016217       -5.0362162519162990     
  0.17340734641016217       -5.0377375530489390     
  0.17840734641016218       -5.0363204407788551     
  0.18340734641016218       -5.0320520936004876     
  0.18840734641016219       -5.0252430866058697     
  0.19340734641016219       -5.0164049347111206     
  0.19840734641016219       -5.0062117786134541     
  0.20340734641016220       -4.9954490746605105     
  0.20840734641016220       -4.9849531854882017     
  0.21340734641016221       -4.9755465086454480     
  0.21840734641016221       -4.9679731654933450     
  0.22340734641016222       -4.9628402696326512     
  0.22840734641016222       -4.9605694001029184     
  0.23340734641016223       -4.9613621471329949     
  0.23840734641016223       -4.9651825333277699     
  0.24340734641016223       -4.9717578212443652     
  0.24840734641016224       -4.9805977980513338     
  0.25340734641016222       -4.9910311888760965     
  0.25840734641016222       -5.0022565043903002     
  0.26340734641016222       -5.0134034807062049     
  0.26840734641016223       -5.0236004117328292     
  0.27340734641016223       -5.0320421749742099     
  0.27840734641016224       -5.0380536532220663     
  0.28340734641016224       -5.0411435677671568     
  0.28840734641016225       -5.0410444427630736     
  0.29340734641016225       -5.0377354637799998     
  0.29840734641016226       -5.0314462981029289     
  0.30340734641016226       -5.0226414106958055     
  0.30840734641016226       -5.0119859252622057     
  0.31340734641016227       -5.0002955269752203     
  0.31840734641016227       -4.9884741690090415     
  0.32340734641016228       -4.9774443288950874     
  0.32840734641016228       -4.9680751838836432     
  0.33340734641016229       -4.9611142852088062     
  0.33840734641016229       -4.9571280893337359     
  0.34340734641016230       -4.9564560632560397     
  0.34840734641016230       -4.9591820668564548     
  0.35340734641016230       -4.9651254035837571     
  0.35840734641016231       -4.9738524208176536     
  0.36340734641016231       -4.9847079486948846     
  0.36840734641016232       -4.9968643141616456     
  0.37340734641016232       -5.0093842766522378     
  0.37840734641016233       -5.0212931127671210     
  0.38340734641016233       -5.0316543192379335     
  0.38840734641016234       -5.0396430687031675     
  0.39340734641016234       -5.0446116714342049     
  0.39840734641016234       -5.0461418632418455     
  0.40340734641016235       -5.0440797155424990     
  0.40840734641016235       -5.0385502760054504     
  0.41340734641016236       -5.0299505985078481     
  0.41840734641016236       -5.0189214910188023     
  0.42340734641016237       -5.0062999707988682     
  0.42840734641016237       -4.9930559386731899     
  0.43340734641016238       -4.9802178483403150     
  0.43840734641016238       -4.9687930518255508     
  0.44340734641016238       -4.9596889742969408     
  0.44840734641016239       -4.9536412694716532     
  0.45340734641016239       -4.9511546261254242     
  0.45840734641016240       -4.9524609693097545     
  0.46340734641016240       -4.9574984943184379     
  0.46840734641016241       -4.9659133848756349     
  0.47340734641016241       -4.9770843199264840     
  0.47840734641016242       -4.9901680999923306     
  0.48340734641016242       -5.0041630619314779     
  0.48840734641016242       -5.0179855305274241     
  0.49340734641016243       -5.0305534895935740     
  0.49840734641016243       -5.0408710308458593     
  0.50340734641016238       -5.0481070088874773     
  0.50840734641016239       -5.0516617106499293     
  0.51340734641016239       -5.0512162134674412     
  0.51840734641016240       -5.0467603955514324     
  0.52340734641016240       -5.0385971803157199     
  0.52840734641016240       -5.0273224195958086     
  0.53340734641016241       -5.0137817108004228     
  0.53840734641016241       -4.9990072532402099     
  0.54340734641016242       -4.9841394377010584     
  0.54840734641016242       -4.9703391048033563     
  0.55340734641016243       -4.9586972014310211     
  0.55840734641016243       -4.9501488437971464     
  0.56340734641016244       -4.9453985330159123     
  0.56840734641016244       -4.9448624786336843     
  0.57340734641016244       -4.9486327228404070     
  0.57840734641016245       -4.9564661157499961     
  0.58340734641016245       -4.9677992934581354     
  0.58840734641016246       -4.9817888001359778     
  0.59340734641016246       -4.9973735281272766     
  0.59840734641016247       -5.0133548792654121     
  0.60340734641016247       -5.0284886163297022     
  0.60840734641016248       -5.0415813911545539     
  0.61340734641016248       -5.0515844871089541     
  0.61840734641016248       -5.0576774397410320     
  0.62340734641016249       -5.0593348974618513     
  0.62840734641016249       -5.0563713069160032     
  0.63340734641016250       -5.0489596665449472     
  0.63840734641016250       -5.0376225632591023     
  0.64340734641016251       -5.0231958417947196     
  0.64840734641016251       -5.0067673904376804     
  0.65340734641016252       -4.9895954945658216     
  0.65840734641016252       -4.9730128559636197     
  0.66340734641016252       -4.9583235691662511     
  0.66840734641016253       -4.9467009877766159     
  0.67340734641016253       -4.9390944469128399     
  0.67840734641016254       -4.9361522223226846     
  0.68340734641016254       -4.9381669397656127     
  0.68840734641016255       -4.9450479831165017     
  0.69340734641016255       -4.9563234091153552     
  0.69840734641016256       -4.9711716143166678     
  0.70340734641016256       -4.9884806883344357     
  0.70840734641016256       -5.0069312057598214     
  0.71340734641016257       -5.0250963282695587     
  0.71840734641016257       -5.0415516584977365     
  0.72340734641016258       -5.0549864252943930     
  0.72840734641016258       -5.0643073606424327     
  0.73340734641016259       -5.0687270775234481     
  0.73840734641016259       -5.0678298497061665     
  0.74340734641016259       -5.0616093528871717     
  0.74840734641016260       -5.0504750309634634     
  0.75340734641016260       -5.0352261443420323     
  0.75840734641016261       -5.0169950574054862     
  0.76340734641016261       -4.9971637370296920     
  0.76840734641016262       -4.9772595747837718     
  0.77340734641016262       -4.9588383421087183     
  0.77840734641016263       -4.9433632023463359     
  0.78340734641016263       -4.9320891410962080     
  0.78840734641016263       -4.9259618932381892     
  0.79340734641016264       -4.9255394525143350     
  0.79840734641016264       -4.9309426143922792     
  0.80340734641016265       -4.9418388423798065     
  0.80840734641016265       -4.9574612218111413     
  0.81340734641016266       -4.9766615638499996     
  0.81840734641016266       -4.9979940529294220     
  0.82340734641016267       -5.0198234005897966     
  0.82840734641016267       -5.0404494697965454     
  0.83340734641016267       -5.0582389279349114     
  0.83840734641016268       -5.0717537919486446     
  0.84340734641016268       -5.0798668104166467     
  0.84840734641016269       -5.0818544905602456     
  0.85340734641016269       -5.0774601686127712     
  0.85840734641016270       -5.0669217278743020     
  0.86340734641016270       -5.0509612289267123     
  0.86840734641016271       -5.0307366319913678     
  0.87340734641016271       -5.0077587404322230     
  0.87840734641016271       -4.9837792489482835     
  0.88340734641016272       -4.9606581234356462     
  0.88840734641016272       -4.9402202834968900     
  0.89340734641016273       -4.9241125580974714     
  0.89840734641016273       -4.9136720500846671     
  0.90340734641016274       -4.9098163494119635     
  0.90840734641016274       -4.9129645173217433     
  0.91340734641016275       -4.9229955280121684     
  0.91840734641016275       -4.9392480613122398     
  0.92340734641016275       -4.9605623962969903     
  0.92840734641016276       -4.9853618989191899     
  0.93340734641016276       -5.0117684767868464     
  0.93840734641016277       -5.0377436351054783     
  0.94340734641016277       -5.0612446282881836     
  0.94840734641016278       -5.0803838380862096     
  0.95340734641016278       -5.0935790407540189     
  0.95840734641016279       -5.0996827051475551     
  0.96340734641016279       -5.0980798709095030     
  0.96840734641016279       -5.0887463991514679     
  0.97340734641016280       -5.0722623092020269     
  0.97840734641016280       -5.0497783007177022     
  0.98340734641016281       -5.0229371576190971     
  0.98840734641016281       -4.9937552647593453     
  0.99340734641016282       -4.9644726655119813     
  0.99840734641016282       -4.9373826949760407     
   1.0034073464101627       -4.9146540263977769     
   1.0084073464101626       -4.8981588127748141     
   1.0134073464101625       -4.8893204074538614     
   1.0184073464101624       -4.8889929016248557     
   1.0234073464101623       -4.8973824983931538     
   1.0284073464101622       -4.9140177044421947     
   1.0334073464101621       -4.9377716792870432     
   1.0384073464101620       -4.9669361076320131     
   1.0434073464101619       -4.9993419523525606     
   1.0484073464101618       -5.0325187127554019     
   1.0534073464101616       -5.0638806487867827     
   1.0584073464101615       -5.0909260927707098     
   1.0634073464101614       -5.1114346539060032     
   1.0684073464101613       -5.1236469504194382     
   1.0734073464101612       -5.1264125176889843     
   1.0784073464101611       -5.1192936853112805     
   1.0834073464101610       -5.1026163513867235     
   1.0884073464101609       -5.0774624884557218     
   1.0934073464101608       -5.0456036087470570     
   1.0984073464101607       -5.0093789692668036     
   1.1034073464101606       -4.9715266628393282     
   1.1084073464101605       -4.9349795792401689     
   1.1134073464101604       -4.9026412236075592     
   1.1184073464101603       -4.8771582970641685     
   1.1234073464101602       -4.8607076041244248     
   1.1284073464101601       -4.8548141726903760     
   1.1334073464101599       -4.8602154756486557     
   1.1384073464101598       -4.8767834501271912     
   1.1434073464101597       -4.9035118376887006     
   1.1484073464101596       -4.9385715126228469     
   1.1534073464101595       -4.9794312819494992     
   1.1584073464101594       -5.0230365193220905     
   1.1634073464101593       -5.0660333300444611     
   1.1684073464101592       -5.1050221050388913     
   1.1734073464101591       -5.1368216230873465     
   1.1784073464101590       -5.1587235390752335     
   1.1834073464101589       -5.1687172882587040     
   1.1884073464101588       -5.1656671677519288     
   1.1934073464101587       -5.1494265348326644     
   1.1984073464101586       -5.1208784830077470     
   1.2034073464101585       -5.0818977167982311     
   1.2084073464101583       -5.0352342611691929     
   1.2134073464101582       -4.9843256752827410     
   1.2184073464101581       -4.9330501358748480     
   1.2234073464101580       -4.8854376693953663     
   1.2284073464101579       -4.8453605476213957     
   1.2334073464101578       -4.8162261006474552     
   1.2384073464101577       -4.8006957303576732     
   1.2434073464101576       -4.8004526365139357     
   1.2484073464101575       -4.8160377398669674     
   1.2534073464101574       -4.8467686796333442     
   1.2584073464101573       -4.8907508780763518     
   1.2634073464101572       -4.9449829097537785     
   1.2684073464101571       -5.0055512718170387     
   1.2734073464101570       -5.0679026525985762     
   1.2784073464101569       -5.1271754718119489     
   1.2834073464101567       -5.1785673156542726     
   1.2884073464101566       -5.2177113397639383     
   1.2934073464101565       -5.2410330814538693     
   1.2984073464101564       -5.2460595953701636     
   1.3034073464101563       -5.2316554377721696     
   1.3084073464101562       -5.1981646495757552     
   1.3134073464101561       -5.1474442487263596     
   1.3184073464101560       -5.0827824218965141     
   1.3234073464101559       -5.0087030759946511     
   1.3284073464101558       -4.9306670676740030     
   1.3334073464101557       -4.8546886363294464     
   1.3384073464101556       -4.7868926974424166     
   1.3434073464101555       -4.7330441414411499     
   1.3484073464101554       -4.6980836631074077     
   1.3534073464101553       -4.6857055915900689     
   1.3584073464101551       -4.6980115420650428     
   1.3634073464101550       -4.7352694918558376     
   1.3684073464101549       -4.7958013093364240     
   1.3734073464101548       -4.8760132247574592     
   1.3784073464101547       -4.9705737758735262     
   1.3834073464101546       -5.0727330570227434     
   1.3884073464101545       -5.1747663945082039     
   1.3934073464101544       -5.2685156363392709     
   1.3984073464101543       -5.3459928249659683     
   1.4034073464101542       -5.4000047797256636     
   1.4084073464101541       -5.4247535815576775     
   1.4134073464101540       -5.4163674827151782     
   1.4184073464101539       -5.3733195109978196     
   1.4234073464101538       -5.2966969323370563     
   1.4284073464101537       -5.1902934849085511     
   1.4334073464101535       -5.0605074001224599     
   1.4384073464101534       -4.9160409976409483     
   1.4434073464101533       -4.7674112609068802     
   1.4484073464101532       -4.6262943585094574     
   1.4534073464101531       -4.5047396413984666     
   1.4584073464101530       -4.4142993208364620     
   1.4634073464101529       -4.3651280220625495     
   1.4684073464101528       -4.3651110769007708     
   1.4734073464101527       -4.4190813337548374     
   1.4784073464101526       -4.5281812350606527     
   1.4834073464101525       -4.6894200097572343     
   1.4884073464101524       -4.8954653830626960     
   1.4934073464101523       -5.1346957953296526     
   1.4984073464101522       -5.3915235368208343     
   1.5034073464101521       -5.6469824020098089     
   1.5084073464101520       -5.8795565067389370     
   1.5134073464101518       -6.0662108922193756     
   1.5184073464101517       -6.1835705238490837     
   1.5234073464101516       -6.2091832358000056     
   1.5284073464101515       -6.1227948578066895     
   1.5334073464101514       -5.9075617449903053     
   1.5384073464101513       -5.5511275034183258     
   1.5434073464101512       -5.0464968605371370     
   1.5484073464101511       -4.3926500717174060     
   1.5534073464101510       -3.5948554020062526     
   1.5584073464101509       -2.6646542486695637     
   1.5634073464101508       -1.6195123514958376     
   1.5684073464101507      -0.48215011792632767     
   1.5734073464101506       0.72041584616902465     
   1.5784073464101505        1.9580705574943760     
   1.5834073464101504        3.1989738443586786     
   1.5884073464101502        4.4110341189161852     
   1.5934073464101501        5.5634015858795021     
   1.5984073464101500        6.6278982400227058     
   1.6034073464101499        7.5803054806027914     
   1.6084073464101498        8.4014384242055336     
   1.6134073464101497        9.0779485259908057     
   1.6184073464101496        9.6028121486797176     
   1.6234073464101495        9.9754812524454071     
   1.6284073464101494        10.201692262532811     
   1.6334073464101493        10.292949166693486     
   1.6384073464101492        10.265715759493091     
   1.6434073464101491        10.140368519905950     
   1.6484073464101490        9.9399748686345717     
   1.6534073464101489        9.6889707051248557     
   1.6584073464101488        9.4118156412256724     
   1.6634073464101486        9.1317039987054240     
   1.6684073464101485        8.8694045040803466     
   1.6734073464101484        8.6422920842828415     
   1.6784073464101483        8.4636219058667539     
   1.6834073464101482        8.3420797055513010     
   1.6884073464101481        8.2816245985787855     
   1.6934073464101480        8.2816220904558779     
   1.6984073464101479        8.3372471457264812     
   1.7034073464101478        8.4401210165486820     
   1.7084073464101477        8.5791321058997756     
   1.7134073464101476        8.7413812426871260     
   1.7184073464101475        8.9131859414028209     
   1.7234073464101474        9.0810767911517001     
   1.7284073464101473        9.2327220586725360     
   1.7334073464101472        9.3577236002296171     
   1.7384073464101470        9.4482376974410087     
   1.7434073464101469        9.4993876801904289     
   1.7484073464101468        9.5094502283951705     
   1.7534073464101467        9.4798130074931741     
   1.7584073464101466        9.4147167174797701     
   1.7634073464101465        9.3208086960034233     
   1.7684073464101464        9.2065470012856423     
   1.7734073464101463        9.0815026740381999     
   1.7784073464101462        8.9556131241516681     
   1.7834073464101461        8.8384410450579605     
   1.7884073464101460        8.7384909289347394     
   1.7934073464101459        8.6626294017364955     
   1.7984073464101458        8.6156467173204501     
   1.8034073464101457        8.5999855408801196     
   1.8084073464101456        8.6156504547728652     
   1.8134073464101454        8.6602983596249832     
   1.8184073464101453        8.7294970629670345     
   1.8234073464101452        8.8171277407684396     
   1.8284073464101451        8.9158974082633708     
   1.8334073464101450        9.0179206668005385     
   1.8384073464101449        9.1153262214202133     
   1.8434073464101448        9.2008431793335816     
   1.8484073464101447        9.2683248951114088     
   1.8534073464101446        9.3131738477588897     
   1.8584073464101445        9.3326392366713122     
   1.8634073464101444        9.3259690198692944     
   1.8684073464101443        9.2944092239284686     
   1.8734073464101442        9.2410547054687679     
   1.8784073464101441        9.1705663137771829     
   1.8834073464101440        9.0887788270654468     
   1.8884073464101438        9.0022314579886498     
   1.8934073464101437        8.9176576521955742     
   1.8984073464101436        8.8414730322426696     
   1.9034073464101435        8.7792995725989886     
   1.9084073464101434        8.7355605462150212     
   1.9134073464101433        8.7131747755527265     
   1.9184073464101432        8.7133707406898608     
   1.9234073464101431        8.7356317683839020     
   1.9284073464101430        8.7777735599543334     
   1.9334073464101429        8.8361454572382492     
   1.9384073464101428        8.9059378180918074     
   1.9434073464101427        8.9815703255431742     
   1.9484073464101426        9.0571305172573808     
   1.9534073464101425        9.1268286670598862     
   1.9584073464101424        9.1854345688088710     
   1.9634073464101423        9.2286637630273507     
   1.9684073464101421        9.2534851168793182     
   1.9734073464101420        9.2583280541475901     
   1.9784073464101419        9.2431756265075116     
   1.9834073464101418        9.2095384096111736     
   1.9884073464101417        9.1603132292893186     
   1.9934073464101416        9.0995392996591828     
   1.9984073464101415        9.0320718543281444     
   2.0034073464101416        8.9631992316808287     
   2.0084073464101415        8.8982332210878621     
   2.0134073464101414        8.8421040315658548     
   2.0184073464101413        8.7989904248393316     
   2.0234073464101412        8.7720124557536714     
   2.0284073464101411        8.7630091480179892     
   2.0334073464101410        8.7724167126250663     
   2.0384073464101409        8.7992551147969156     
   2.0434073464101408        8.8412225117344079     
   2.0484073464101407        8.8948889450940403     
   2.0534073464101406        8.9559732876555742     
   2.0584073464101404        9.0196813579709119     
   2.0634073464101403        9.0810787710673608     
   2.0684073464101402        9.1354697931958952     
   2.0734073464101401        9.1787533630274396     
   2.0784073464101400        9.2077295132347334     
   2.0834073464101399        9.2203334945371864     
   2.0884073464101398        9.2157806406072247     
   2.0934073464101397        9.1946119665329213     
   2.0984073464101396        9.1586381287889562     
   2.1034073464101395        9.1107871081856739     
   2.1084073464101394        9.0548682248052330     
   2.1134073464101393        8.9952713135721343     
   2.1184073464101392        8.9366246215147100     
   2.1234073464101391        8.8834378899578201     
   2.1284073464101390        8.8397579548926224     
   2.1334073464101388        8.8088629896204687     
   2.1384073464101387        8.7930183356471208     
   2.1434073464101386        8.7933119784260931     
   2.1484073464101385        8.8095815085424931     
   2.1534073464101384        8.8404373478358362     
   2.1584073464101383        8.8833796552058804     
   2.1634073464101382        8.9349992184800655     
   2.1684073464101381        8.9912463230660471     
   2.1734073464101380        9.0477465375112303     
   2.1784073464101379        9.1001389437504052     
   2.1834073464101378        9.1444108123659920     
   2.1884073464101377        9.1772031829249698     
   2.1934073464101376        9.1960642076467813     
   2.1984073464101375        9.1996312581758808     
   2.2034073464101374        9.1877283542674455     
   2.2084073464101373        9.1613720186731644     
   2.2134073464101371        9.1226856913312950     
   2.2184073464101370        9.0747298114394788     
   2.2234073464101369        9.0212610686387080     
   2.2284073464101368        8.9664396520818759     
   2.2334073464101367        8.9145071897479564     
   2.2384073464101366        8.8694601843034775     
   2.2434073464101365        8.8347439646178820     
   2.2484073464101364        8.8129904772147967     
   2.2534073464101363        8.8058197777812826     
   2.2584073464101362        8.8137201212817011     
   2.2634073464101361        8.8360154745848885     
   2.2684073464101360        8.8709225549714947     
   2.2734073464101359        8.9156926456651000     
   2.2784073464101358        8.9668269777392435     
   2.2834073464101357        9.0203488867848804     
   2.2884073464101355        9.0721116741867185     
   2.2934073464101354        9.1181184478500832     
   2.2984073464101353        9.1548293823246958     
   2.3034073464101352        9.1794328810520120     
   2.3084073464101351        9.1900599585400293     
   2.3134073464101350        9.1859255662297734     
   2.3184073464101349        9.1673862224107303     
   2.3234073464101348        9.1359097408298098     
   2.3284073464101347        9.0939595921037011     
   2.3334073464101346        9.0448029621337156     
   2.3384073464101345        8.9922573949732332     
   2.3434073464101344        8.9403955813838643     
   2.3484073464101343        8.8932310243637271     
   2.3534073464101342        8.8544087400709817     
   2.3584073464101341        8.8269247307145342     
   2.3634073464101339        8.8128957299955939     
   2.3684073464101338        8.8133968445146067     
   2.3734073464101337        8.8283794939411528     
   2.3784073464101336        8.8566758884268424     
   2.3834073464101335        8.8960896449985984     
   2.3884073464101334        8.9435655424180354     
   2.3934073464101333        8.9954253502238863     
   2.3984073464101332        9.0476516051322164     
   2.4034073464101331        9.0961975329775662     
   2.4084073464101330        9.1372993074707711     
   2.4134073464101329        9.1677666516456036     
   2.4184073464101328        9.1852294385860311     
   2.4234073464101327        9.1883213095461258     
   2.4284073464101326        9.1767861441114000     
   2.4334073464101325        9.1514991217453723     
   2.4384073464101323        9.1144006568217932     
   2.4434073464101322        9.0683481709066349     
   2.4484073464101321        9.0168969763337508     
   2.4534073464101320        8.9640270014130010     
   2.4584073464101319        8.9138362717588304     
   2.4634073464101318        8.8702246524217596     
   2.4684073464101317        8.8365921509352052     
   2.4734073464101316        8.8155750177246066     
   2.4784073464101315        8.8088400348736755     
   2.4834073464101314        8.8169529703511316     
   2.4884073464101313        8.8393315259191194     
   2.4934073464101312        8.8742866515244536     
   2.4984073464101311        8.9191493281064353     
   2.5034073464101310        8.9704733509555190     
   2.5084073464101309        9.0242987797360019     
   2.5134073464101307        9.0764560096493785     
   2.5184073464101306        9.1228872250091513     
   2.5234073464101305        9.1599605712334231     
   2.5284073464101304        9.1847528395248013     
   2.5334073464101303        9.1952787726956622     
   2.5384073464101302        9.1906491014772520     
   2.5434073464101301        9.1711448096905617     
   2.5484073464101300        9.1382014982039870     
   2.5534073464101299        9.0943045893068124     
   2.5584073464101298        9.0428029622836128     
   2.5634073464101297        8.9876549141166713     
   2.5684073464101296        8.9331256119413993     
   2.5734073464101295        8.8834590377874090     
   2.5784073464101294        8.8425495204197091     
   2.5834073464101293        8.8136381338701071     
   2.5884073464101292        8.7990574922072806     
   2.5934073464101290        8.8000449072231177     
   2.5984073464101289        8.8166387608617818     
   2.6034073464101288        8.8476666580945107     
   2.6084073464101287        8.8908269408915253     
   2.6134073464101286        8.9428579886350832     
   2.6184073464101285        8.9997829499305002     
   2.6234073464101284        9.0572116656871398     
   2.6284073464101283        9.1106770094434655     
   2.6334073464101282        9.1559800445201542     
   2.6384073464101281        9.1895175076916935     
   2.6434073464101280        9.2085662590121906     
   2.6484073464101279        9.2115024174965008     
   2.6534073464101278        9.1979377138791953     
   2.6584073464101277        9.1687617824652179     
   2.6634073464101276        9.1260862240818774     
   2.6684073464101274        9.0730937674062773     
   2.6734073464101273        9.0138031685266462     
   2.6784073464101272        8.9527670593129223     
   2.6834073464101271        8.8947252760394431     
   2.6884073464101270        8.8442398529082009     
   2.6934073464101269        8.8053395554901375     
   2.6984073464101268        8.7812014076111637     
   2.7034073464101267        8.7738941416667338     
   2.7084073464101266        8.7842040462143824     
   2.7134073464101265        8.8115576138524645     
   2.7184073464101264        8.8540481506390556     
   2.7234073464101263        8.9085656330904115     
   2.7284073464101262        8.9710211816273748     
   2.7334073464101261        9.0366501616554427     
   2.7384073464101260        9.1003716913561856     
   2.7434073464101258        9.1571777163303487     
   2.7484073464101257        9.2025221768791852     
   2.7534073464101256        9.2326803698003559     
   2.7584073464101255        9.2450504546504817     
   2.7634073464101254        9.2383730650738265     
   2.7684073464101253        9.2128508847682795     
   2.7734073464101252        9.1701574144302818     
   2.7784073464101251        9.1133324535384794     
   2.7834073464101250        9.0465704343746189     
   2.7884073464101249        8.9749160279781641     
   2.7934073464101248        8.9038887611581394     
   2.7984073464101247        8.8390641718393841     
   2.8034073464101246        8.7856428252394529     
   2.8084073464101245        8.7480399968428006     
   2.8134073464101244        8.7295278498391689     
   2.8184073464101242        8.7319585271060145     
   2.8234073464101241        8.7555909562340624     
   2.8284073464101240        8.7990367153372002     
   2.8334073464101239        8.8593315556961532     
   2.8384073464101238        8.9321297592156217     
   2.8434073464101237        9.0120091195293348     
   2.8484073464101236        9.0928656806741284     
   2.8534073464101235        9.1683701096358128     
   2.8584073464101234        9.2324522896311532     
   2.8634073464101233        9.2797778345504067     
   2.8684073464101232        9.3061800057529407     
   2.8734073464101231        9.3090130314708492     
   2.8784073464101230        9.2873979557362034     
   2.8834073464101229        9.2423395515596418     
   2.8884073464101228        9.1767020203567267     
   2.8934073464101226        9.0950415230893178     
   2.8984073464101225        9.0033043080616366     
   2.9034073464101224        8.9084095310900260     
   2.9084073464101223        8.8177450332536189     
   2.9134073464101222        8.7386116458098186     
   2.9184073464101221        8.6776564487396222     
   2.9234073464101220        8.6403374025832189     
   2.9284073464101219        8.6304606862400668     
   2.9334073464101218        8.6498279090866284     
   2.9384073464101217        8.6980233504556885     
   2.9434073464101216        8.7723619512148527     
   2.9484073464101215        8.8680075632220703     
   2.9534073464101214        8.9782587185294283     
   2.9584073464101213        9.0949867684471091     
   2.9634073464101212        9.2091995520171839     
   2.9684073464101211        9.3116936423434300     
   2.9734073464101209        9.3937504533800080     
   2.9784073464101208        9.4478266863550804     
   2.9834073464101207        9.4681881758480593     
   2.9884073464101206        9.4514383535315929     
   2.9934073464101205        9.3968982284977116     
   2.9984073464101204        9.3068036844807374     
   3.0034073464101203        9.1862974818089551     
   3.0084073464101202        9.0432068920261610     
   3.0134073464101201        8.8876125002663198     
   3.0184073464101200        8.7312284055396248     
   3.0234073464101199        8.5866278253363042     
   3.0284073464101198        8.4663600027565966     
   3.0334073464101197        8.3820134642633981     
   3.0384073464101196        8.3432863953529548     
   3.0434073464101195        8.3571267197087344     
   3.0484073464101193        8.4270021686161058     
   3.0534073464101192        8.5523542682697897     
   3.0584073464101191        8.7282800830121960     
   3.0634073464101190        8.9454723174704753     
   3.0684073464101189        9.1904328043965844     
   3.0734073464101188        9.4459574606978958     
   3.0784073464101187        9.6918735603979158     
   3.0834073464101186        9.9059937640871887     
   3.0884073464101185        10.065236835541912     
   3.0934073464101184        10.146853333431272     
   3.0984073464101183        10.129686580455747     
   3.1034073464101182        9.9953954464160706     
   3.1084073464101181        9.7295662307900752     
   3.1134073464101180        9.3226462008242788     
   3.1184073464101179        8.7706408482524658     
   3.1234073464101177        8.0755301126276091     
   3.1284073464101176        7.2453748838023468     
   3.1334073464101175        6.2941030539521030     
   3.1384073464101174        5.2409831294829461     
