  -3.1415926535897931        2.1039685762091436     
  -3.1365926535897932        1.9254792674559955     
  -3.1315926535897933        1.7473379463648797     
  -3.1265926535897934        1.5696358742116454     
  -3.1215926535897935        1.3924636364811327     
  -3.1165926535897936        1.2159110641013053     
  -3.1115926535897938        1.0400671557208603     
  -3.1065926535897939       0.86502000110675903     
  -3.1015926535897940       0.69085670573665925     
  -3.0965926535897941       0.51766331665965071     
  -3.0915926535897942       0.34552474969704972     
  -3.0865926535897943       0.17452471805345793     
  -3.0815926535897944        4.7456624064285968E-003
  -3.0765926535897945      -0.16373131745869030     
  -3.0715926535897946      -0.33082652940414370     
  -3.0665926535897947      -0.49646175402261905     
  -3.0615926535897948      -0.66056030798688958     
  -3.0565926535897949      -0.82304710560764693     
  -3.0515926535897950      -0.98384871854308997     
  -3.0465926535897951       -1.1428934336059573     
  -3.0415926535897952       -1.3001113086159668     
  -3.0365926535897954       -1.4554342262479181     
  -3.0315926535897955       -1.6087959458281071     
  -3.0265926535897956       -1.7601321530339904     
  -3.0215926535897957       -1.9093805074545012     
  -3.0165926535897958       -2.0564806879709243     
  -3.0115926535897959       -2.2013744359206813     
  -3.0065926535897960       -2.3440055960089623     
  -3.0015926535897961       -2.4843201549356335     
  -2.9965926535897962       -2.6222662777074879     
  -2.9915926535897963       -2.7577943416085544     
  -2.9865926535897964       -2.8908569678037335     
  -2.9815926535897965       -3.0214090505537090     
  -2.9765926535897966       -3.1494077840217960     
  -2.9715926535897967       -3.2748126866560217     
  -2.9665926535897968       -3.3975856231324206     
  -2.9615926535897970       -3.5176908238482438     
  -2.9565926535897971       -3.6350949019564434     
  -2.9515926535897972       -3.7497668679355538     
  -2.9465926535897973       -3.8616781416916961     
  -2.9415926535897974       -3.9708025621921808     
  -2.9365926535897975       -4.0771163946328564     
  -2.9315926535897976       -4.1805983351439746     
  -2.9265926535897977       -4.2812295130420290     
  -2.9215926535897978       -4.3789934906376393     
  -2.9165926535897979       -4.4738762606121973     
  -2.9115926535897980       -4.5658662409784698     
  -2.9065926535897981       -4.6549542676430757     
  -2.9015926535897982       -4.7411335845911022     
  -2.8965926535897983       -4.8243998317158123     
  -2.8915926535897984       -4.9047510303186428     
  -2.8865926535897986       -4.9821875663073003     
  -2.8815926535897987       -5.0567121711220624     
  -2.8765926535897988       -5.1283299004227096     
  -2.8715926535897989       -5.1970481105708428     
  -2.8665926535897990       -5.2628764329445925     
  -2.8615926535897991       -5.3258267461248900     
  -2.8565926535897992       -5.3859131459946461     
  -2.8515926535897993       -5.4431519137942219     
  -2.8465926535897994       -5.4975614821786545     
  -2.8415926535897995       -5.5491623993240635     
  -2.8365926535897996       -5.5979772911325565     
  -2.8315926535897997       -5.6440308215867701     
  -2.8265926535897998       -5.6873496513070405     
  -2.8215926535897999       -5.7279623943658518     
  -2.8165926535898000       -5.7658995734158873     
  -2.8115926535898002       -5.8011935731895399     
  -2.8065926535898003       -5.8338785924292615     
  -2.8015926535898004       -5.8639905943096560     
  -2.7965926535898005       -5.8915672554133742     
  -2.7915926535898006       -5.9166479133243648     
  -2.7865926535898007       -5.9392735129030365     
  -2.7815926535898008       -5.9594865513092152     
  -2.7765926535898009       -5.9773310218396922     
  -2.7715926535898010       -5.9928523566480933     
  -2.7665926535898011       -6.0060973684157899     
  -2.7615926535898012       -6.0171141910434081     
  -2.7565926535898013       -6.0259522194329893     
  -2.7515926535898014       -6.0326620484317530     
  -2.7465926535898015       -6.0372954110087864     
  -2.7415926535898016       -6.0399051157365813     
  -2.7365926535898017       -6.0405449836496707     
  -2.7315926535898019       -6.0392697845528645     
  -2.7265926535898020       -6.0361351728518713     
  -2.7215926535898021       -6.0311976229793292     
  -2.7165926535898022       -6.0245143644890984     
  -2.7115926535898023       -6.0161433168917737     
  -2.7065926535898024       -6.0061430243042668     
  -2.7015926535898025       -5.9945725899861033     
  -2.6965926535898026       -5.9814916108347820     
  -2.6915926535898027       -5.9669601119121536     
  -2.6865926535898028       -5.9510384810733852     
  -2.6815926535898029       -5.9337874037696352     
  -2.6765926535898030       -5.9152677980947717     
  -2.6715926535898031       -5.8955407501459547     
  -2.6665926535898032       -5.8746674497670570     
  -2.6615926535898033       -5.8527091267432185     
  -2.6565926535898035       -5.8297269875136806     
  -2.6515926535898036       -5.8057821524693258     
  -2.6465926535898037       -5.7809355939001197     
  -2.6415926535898038       -5.7552480746566648     
  -2.6365926535898039       -5.7287800875888015     
  -2.6315926535898040       -5.7015917958229849     
  -2.6265926535898041       -5.6737429739388601     
  -2.6215926535898042       -5.6452929501040243     
  -2.6165926535898043       -5.6163005492246203     
  -2.6115926535898044       -5.5868240371677995     
  -2.6065926535898045       -5.5569210661106183     
  -2.6015926535898046       -5.5266486210682828     
  -2.5965926535898047       -5.4960629676530006     
  -2.5915926535898048       -5.4652196011129819     
  -2.5865926535898049       -5.4341731966993736     
  -2.5815926535898051       -5.4029775614070870     
  -2.5765926535898052       -5.3716855871336504     
  -2.5715926535898053       -5.3403492052982822     
  -2.5665926535898054       -5.3090193429614905     
  -2.5615926535898055       -5.2777458804835007     
  -2.5565926535898056       -5.2465776107578002     
  -2.5515926535898057       -5.2155622000540749     
  -2.5465926535898058       -5.1847461505027681     
  -2.5415926535898059       -5.1541747642512883     
  -2.5365926535898060       -5.1238921093199075     
  -2.5315926535898061       -5.0939409871831707     
  -2.5265926535898062       -5.0643629021004939     
  -2.5215926535898063       -5.0351980322174628     
  -2.5165926535898064       -5.0064852024571183     
  -2.5115926535898065       -4.9782618592183772     
  -2.5065926535898067       -4.9505640468964813     
  -2.5015926535898068       -4.9234263862381198     
  -2.4965926535898069       -4.8968820545417442     
  -2.4915926535898070       -4.8709627677112977     
  -2.4865926535898071       -4.8456987641693869     
  -2.4815926535898072       -4.8211187906337321     
  -2.4765926535898073       -4.7972500897584549     
  -2.4715926535898074       -4.7741183896397041     
  -2.4665926535898075       -4.7517478951827776     
  -2.4615926535898076       -4.7301612813258540     
  -2.4565926535898077       -4.7093796881131889     
  -2.4515926535898078       -4.6894227176086476     
  -2.4465926535898079       -4.6703084326381852     
  -2.4415926535898080       -4.6520533573478753     
  -2.4365926535898081       -4.6346724795620418     
  -2.4315926535898083       -4.6181792549240059     
  -2.4265926535898084       -4.6025856127999658     
  -2.4215926535898085       -4.5879019639245371     
  -2.4165926535898086       -4.5741372097646265     
  -2.4115926535898087       -4.5612987535763381     
  -2.4065926535898088       -4.5493925131279234     
  -2.4015926535898089       -4.5384229350597014     
  -2.3965926535898090       -4.5283930108504515     
  -2.3915926535898091       -4.5193042943578092     
  -2.3865926535898092       -4.5111569208987063     
  -2.3815926535898093       -4.5039496278341478     
  -2.3765926535898094       -4.4976797766211289     
  -2.3715926535898095       -4.4923433762930101     
  -2.3665926535898096       -4.4879351083281875     
  -2.3615926535898097       -4.4844483528653845     
  -2.3565926535898098       -4.4818752162228508     
  -2.3515926535898100       -4.4802065596770744     
  -2.3465926535898101       -4.4794320294557988     
  -2.3415926535898102       -4.4795400878986209     
  -2.3365926535898103       -4.4805180457376181     
  -2.3315926535898104       -4.4823520954492651     
  -2.3265926535898105       -4.4850273456280778     
  -2.3215926535898106       -4.4885278563312543     
  -2.3165926535898107       -4.4928366753431215     
  -2.3115926535898108       -4.4979358753071050     
  -2.3065926535898109       -4.5038065916724399     
  -2.3015926535898110       -4.5104290614021050     
  -2.2965926535898111       -4.5177826623879023     
  -2.2915926535898112       -4.5258459535182292     
  -2.2865926535898113       -4.5345967153435369     
  -2.2815926535898114       -4.5440119912840995     
  -2.2765926535898116       -4.5540681293246035     
  -2.2715926535898117       -4.5647408241396636     
  -2.2665926535898118       -4.5760051595943132     
  -2.2615926535898119       -4.5878356515634797     
  -2.2565926535898120       -4.6002062910143131     
  -2.2515926535898121       -4.6130905872954813     
  -2.2465926535898122       -4.6264616115775246     
  -2.2415926535898123       -4.6402920403886254     
  -2.2365926535898124       -4.6545541991904074     
  -2.2315926535898125       -4.6692201059387202     
  -2.2265926535898126       -4.6842615145747590     
  -2.2215926535898127       -4.6996499583922997     
  -2.2165926535898128       -4.7153567932274267     
  -2.2115926535898129       -4.7313532404176346     
  -2.2065926535898130       -4.7476104294779589     
  -2.2015926535898132       -4.7640994404423775     
  -2.1965926535898133       -4.7807913458195417     
  -2.1915926535898134       -4.7976572521128427     
  -2.1865926535898135       -4.8146683408555111     
  -2.1815926535898136       -4.8317959091125591     
  -2.1765926535898137       -4.8490114094022996     
  -2.1715926535898138       -4.8662864889912516     
  -2.1665926535898139       -4.8835930285173745     
  -2.1615926535898140       -4.9009031798976483     
  -2.1565926535898141       -4.9181894034773510     
  -2.1515926535898142       -4.9354245043795038     
  -2.1465926535898143       -4.9525816680143802     
  -2.1415926535898144       -4.9696344947101654     
  -2.1365926535898145       -4.9865570334274238     
  -2.1315926535898146       -5.0033238145212389     
  -2.1265926535898148       -5.0199098815165630     
  -2.1215926535898149       -5.0362908218636075     
  -2.1165926535898150       -5.0524427966417829     
  -2.1115926535898151       -5.0683425691821951     
  -2.1065926535898152       -5.0839675325802727     
  -2.1015926535898153       -5.0992957360717233     
  -2.0965926535898154       -5.1143059102467099     
  -2.0915926535898155       -5.1289774910787296     
  -2.0865926535898156       -5.1432906427463578     
  -2.0815926535898157       -5.1572262792278041     
  -2.0765926535898158       -5.1707660846498280     
  -2.0715926535898159       -5.1838925323743856     
  -2.0665926535898160       -5.1965889028080561     
  -2.0615926535898161       -5.2088392999210704     
  -2.0565926535898162       -5.2206286664645578     
  -2.0515926535898164       -5.2319427978762816     
  -2.0465926535898165       -5.2427683548670414     
  -2.0415926535898166       -5.2530928746815562     
  -2.0365926535898167       -5.2629047810294862     
  -2.0315926535898168       -5.2721933926839668     
  -2.0265926535898169       -5.2809489307467929     
  -2.0215926535898170       -5.2891625245811502     
  -2.0165926535898171       -5.2968262164144884     
  -2.0115926535898172       -5.3039329646158704     
  -2.0065926535898173       -5.3104766456538357     
  -2.0015926535898174       -5.3164520547425083     
  -1.9965926535898175       -5.3218549051853117     
  -1.9915926535898176       -5.3266818264273592     
  -1.9865926535898177       -5.3309303608291474     
  -1.9815926535898178       -5.3345989591758149     
  -1.9765926535898179       -5.3376869749378155     
  -1.9715926535898181       -5.3401946573003185     
  -1.9665926535898182       -5.3421231429802694     
  -1.9615926535898183       -5.3434744468514257     
  -1.9565926535898184       -5.3442514513991783     
  -1.9515926535898185       -5.3444578950283663     
  -1.9465926535898186       -5.3440983592486306     
  -1.9415926535898187       -5.3431782547632505     
  -1.9365926535898188       -5.3417038064886260     
  -1.9315926535898189       -5.3396820375328451     
  -1.9265926535898190       -5.3371207521629707     
  -1.9215926535898191       -5.3340285177918823     
  -1.9165926535898192       -5.3304146460165329     
  -1.9115926535898193       -5.3262891727406290     
  -1.9065926535898194       -5.3216628374156878     
  -1.9015926535898195       -5.3165470614354735     
  -1.8965926535898197       -5.3109539257196383     
  -1.8915926535898198       -5.3048961475233138     
  -1.8865926535898199       -5.2983870565101716     
  -1.8815926535898200       -5.2914405701273068     
  -1.8765926535898201       -5.2840711683208532     
  -1.8715926535898202       -5.2762938676320656     
  -1.8665926535898203       -5.2681241947140220     
  -1.8615926535898204       -5.2595781593097710     
  -1.8565926535898205       -5.2506722267331707     
  -1.8515926535898206       -5.2414232898940503     
  -1.8465926535898207       -5.2318486409097469     
  -1.8415926535898208       -5.2219659423454106     
  -1.8365926535898209       -5.2117931981255827     
  -1.8315926535898210       -5.2013487241599012     
  -1.8265926535898211       -5.1906511187258051     
  -1.8215926535898213       -5.1797192326512782     
  -1.8165926535898214       -5.1685721393405970     
  -1.8115926535898215       -5.1572291046861078     
  -1.8065926535898216       -5.1457095569088676     
  -1.8015926535898217       -5.1340330563709271     
  -1.7965926535898218       -5.1222192654017364     
  -1.7915926535898219       -5.1102879181809886     
  -1.7865926535898220       -5.0982587907197363     
  -1.7815926535898221       -5.0861516709815167     
  -1.7765926535898222       -5.0739863291844696     
  -1.7715926535898223       -5.0617824883252149     
  -1.7665926535898224       -5.0495597949645665     
  -1.7615926535898225       -5.0373377903146830     
  -1.7565926535898226       -5.0251358816665590     
  -1.7515926535898227       -5.0129733141960591     
  -1.7465926535898229       -5.0008691431860726     
  -1.7415926535898230       -4.9888422067014719     
  -1.7365926535898231       -4.9769110987528222     
  -1.7315926535898232       -4.9650941429838671     
  -1.7265926535898233       -4.9534093669169383     
  -1.7215926535898234       -4.9418744767894829     
  -1.7165926535898235       -4.9305068330139115     
  -1.7115926535898236       -4.9193234262919265     
  -1.7065926535898237       -4.9083408544134137     
  -1.7015926535898238       -4.8975752997689623     
  -1.6965926535898239       -4.8870425076038062     
  -1.6915926535898240       -4.8767577650399376     
  -1.6865926535898241       -4.8667358808918344     
  -1.6815926535898242       -4.8569911663001317     
  -1.6765926535898243       -4.8475374162062153     
  -1.6715926535898245       -4.8383878916894751     
  -1.6665926535898246       -4.8295553031876253     
  -1.6615926535898247       -4.8210517946192430     
  -1.6565926535898248       -4.8128889284262373     
  -1.6515926535898249       -4.8050776715526480     
  -1.6465926535898250       -4.7976283823747794     
  -1.6415926535898251       -4.7905507985962945     
  -1.6365926535898252       -4.7838540261204665     
  -1.6315926535898253       -4.7775465289103760     
  -1.6265926535898254       -4.7716361198464012     
  -1.6215926535898255       -4.7661299525889413     
  -1.6165926535898256       -4.7610345144528772     
  -1.6115926535898257       -4.7563556202987654     
  -1.6065926535898258       -4.7520984074444135     
  -1.6015926535898259       -4.7482673315990045     
  -1.5965926535898260       -4.7448661638204532     
  -1.5915926535898262       -4.7418979884953352     
  -1.5865926535898263       -4.7393652023392248     
  -1.5815926535898264       -4.7372695144139136     
  -1.5765926535898265       -4.7356119471565297     
  -1.5715926535898266       -4.7343928384142391     
  -1.5665926535898267       -4.7336118444767692     
  -1.5615926535898268       -4.7332679440976717     
  -1.5565926535898269       -4.7333594434938959     
  -1.5515926535898270       -4.7338839823118866     
  -1.5465926535898271       -4.7348385405471625     
  -1.5415926535898272       -4.7362194464029859     
  -1.5365926535898273       -4.7380223850725454     
  -1.5315926535898274       -4.7402424084278092     
  -1.5265926535898275       -4.7428739455969842     
  -1.5215926535898276       -4.7459108144113769     
  -1.5165926535898278       -4.7493462337013046     
  -1.5115926535898279       -4.7531728364195684     
  -1.5065926535898280       -4.7573826835699595     
  -1.5015926535898281       -4.7619672789171918     
  -1.4965926535898282       -4.7669175844536813     
  -1.4915926535898283       -4.7722240365975930     
  -1.4865926535898284       -4.7778765630957007     
  -1.4815926535898285       -4.7838646006036321     
  -1.4765926535898286       -4.7901771129152904     
  -1.4715926535898287       -4.7968026098124454     
  -1.4665926535898288       -4.8037291665046524     
  -1.4615926535898289       -4.8109444436290127     
  -1.4565926535898290       -4.8184357077785585     
  -1.4515926535898291       -4.8261898525274791     
  -1.4465926535898292       -4.8341934199207515     
  -1.4415926535898294       -4.8424326223952487     
  -1.4365926535898295       -4.8508933650988908     
  -1.4315926535898296       -4.8595612685739855     
  -1.4265926535898297       -4.8684216917704921     
  -1.4215926535898298       -4.8774597553545842     
  -1.4165926535898299       -4.8866603652776348     
  -1.4115926535898300       -4.8960082365704833     
  -1.4065926535898301       -4.9054879173276218     
  -1.4015926535898302       -4.9150838128458414     
  -1.3965926535898303       -4.9247802098817317     
  -1.3915926535898304       -4.9345613009924314     
  -1.3865926535898305       -4.9444112089240040     
  -1.3815926535898306       -4.9543140110118342     
  -1.3765926535898307       -4.9642537635576272     
  -1.3715926535898308       -4.9742145261476542     
  -1.3665926535898310       -4.9841803858771598     
  -1.3615926535898311       -4.9941354814460182     
  -1.3565926535898312       -5.0040640270911174     
  -1.3515926535898313       -5.0139503363212032     
  -1.3465926535898314       -5.0237788454203702     
  -1.3415926535898315       -5.0335341366867725     
  -1.3365926535898316       -5.0432009613736541     
  -1.3315926535898317       -5.0527642623002889     
  -1.3265926535898318       -5.0622091961010209     
  -1.3215926535898319       -5.0715211550811672     
  -1.3165926535898320       -5.0806857886492480     
  -1.3115926535898321       -5.0896890242956712     
  -1.3065926535898322       -5.0985170880887409     
  -1.3015926535898323       -5.1071565246596284     
  -1.2965926535898324       -5.1155942166487884     
  -1.2915926535898326       -5.1238174035870898     
  -1.2865926535898327       -5.1318137001858792     
  -1.2815926535898328       -5.1395711140110558     
  -1.2765926535898329       -5.1470780625172265     
  -1.2715926535898330       -5.1543233894189635     
  -1.2665926535898331       -5.1612963803772240     
  -1.2615926535898332       -5.1679867779799835     
  -1.2565926535898333       -5.1743847959972520     
  -1.2515926535898334       -5.1804811328917015     
  -1.2465926535898335       -5.1862669845672489     
  -1.2415926535898336       -5.1917340563390866     
  -1.2365926535898337       -5.1968745741097875     
  -1.2315926535898338       -5.2016812947373072     
  -1.2265926535898339       -5.2061475155818933     
  -1.2215926535898340       -5.2102670832201232     
  -1.2165926535898341       -5.2140344013154696     
  -1.2115926535898343       -5.2174444376361073     
  -1.2065926535898344       -5.2204927302118556     
  -1.2015926535898345       -5.2231753926234044     
  -1.1965926535898346       -5.2254891184182712     
  -1.1915926535898347       -5.2274311846491770     
  -1.1865926535898348       -5.2289994545317615     
  -1.1815926535898349       -5.2301923792199174     
  -1.1765926535898350       -5.2310089986981874     
  -1.1715926535898351       -5.2314489417920056     
  -1.1665926535898352       -5.2315124252978240     
  -1.1615926535898353       -5.2312002522363539     
  -1.1565926535898354       -5.2305138092335248     
  -1.1515926535898355       -5.2294550630348802     
  -1.1465926535898356       -5.2280265561604242     
  -1.1415926535898357       -5.2262314017081861     
  -1.1365926535898359       -5.2240732773158802     
  -1.1315926535898360       -5.2215564182913079     
  -1.1265926535898361       -5.2186856099233001     
  -1.1215926535898362       -5.2154661789861425     
  -1.1165926535898363       -5.2119039844515429     
  -1.1115926535898364       -5.2080054074233768     
  -1.1065926535898365       -5.2037773403114542     
  -1.1015926535898366       -5.1992271752616750     
  -1.0965926535898367       -5.1943627918609403     
  -1.0915926535898368       -5.1891925441362226     
  -1.0865926535898369       -5.1837252468681747     
  -1.0815926535898370       -5.1779701612405704     
  -1.0765926535898371       -5.1719369798478612     
  -1.0715926535898372       -5.1656358110839280     
  -1.0665926535898373       -5.1590771629360717     
  -1.0615926535898375       -5.1522719262089600     
  -1.0565926535898376       -5.1452313572041950     
  -1.0515926535898377       -5.1379670598817366     
  -1.0465926535898378       -5.1304909675302808     
  -1.0415926535898379       -5.1228153239742351     
  -1.0365926535898380       -5.1149526643456307     
  -1.0315926535898381       -5.1069157954498783     
  -1.0265926535898382       -5.0987177757547872     
  -1.0215926535898383       -5.0903718950328347     
  -1.0165926535898384       -5.0818916536870580     
  -1.0115926535898385       -5.0732907417913902     
  -1.0065926535898386       -5.0645830178766644     
  -1.0015926535898387       -5.0557824874937571     
 -0.99659265358983873       -5.0469032815857009     
 -0.99159265358983872       -5.0379596347007771     
 -0.98659265358983872       -5.0289658630788310     
 -0.98159265358983872       -5.0199363426431685     
 -0.97659265358983871       -5.0108854869304800     
 -0.97159265358983871       -5.0018277249913519     
 -0.96659265358983870       -4.9927774792938617     
 -0.96159265358983870       -4.9837491436627142     
 -0.95659265358983869       -4.9747570612863985     
 -0.95159265358983869       -4.9658155028245474     
 -0.94659265358983868       -4.9569386446476233     
 -0.94159265358983868       -4.9481405472408335     
 -0.93659265358983868       -4.9394351338037970     
 -0.93159265358983867       -4.9308361690773292     
 -0.92659265358983867       -4.9223572384282432     
 -0.92159265358983866       -4.9140117272226709     
 -0.91659265358983866       -4.9058128005180732     
 -0.91159265358983865       -4.8977733831034795     
 -0.90659265358983865       -4.8899061399170378     
 -0.90159265358983864       -4.8822234568694700     
 -0.89659265358983864       -4.8747374221012194     
 -0.89159265358983864       -4.8674598077006488     
 -0.88659265358983863       -4.8604020519098334     
 -0.88159265358983863       -4.8535752418437887     
 -0.87659265358983862       -4.8469900967482458     
 -0.87159265358983862       -4.8406569518203026     
 -0.86659265358983861       -4.8345857426153795     
 -0.86159265358983861       -4.8287859900631540     
 -0.85659265358983860       -4.8232667861141456     
 -0.85159265358983860       -4.8180367800378212     
 -0.84659265358983860       -4.8131041653920139     
 -0.84159265358983859       -4.8084766676825810     
 -0.83659265358983859       -4.8041615327311495     
 -0.83159265358983858       -4.8001655157677883     
 -0.82659265358983858       -4.7964948712644295     
 -0.82159265358983857       -4.7931553435237069     
 -0.81659265358983857       -4.7901521580368591     
 -0.81159265358983856       -4.7874900136232155     
 -0.80659265358983856       -4.7851730753625858     
 -0.80159265358983856       -4.7832049683308346     
 -0.79659265358983855       -4.7815887721476580     
 -0.79159265358983855       -4.7803270163444767     
 -0.78659265358983854       -4.7794216765591369     
 -0.78159265358983854       -4.7788741715629044     
 -0.77659265358983853       -4.7786853611241025     
 -0.77159265358983853       -4.7788555447114138     
 -0.76659265358983852       -4.7793844610388092     
 -0.76159265358983852       -4.7802712884526954     
 -0.75659265358983852       -4.7815146461607680     
 -0.75159265358983851       -4.7831125963007963     
 -0.74659265358983851       -4.7850626468463249     
 -0.74159265358983850       -4.7873617553451506     
 -0.73659265358983850       -4.7900063334851453     
 -0.73159265358983849       -4.7929922524808228     
 -0.72659265358983849       -4.7963148492728980     
 -0.72159265358983848       -4.7999689335318720     
 -0.71659265358983848       -4.8039487954555042     
 -0.71159265358983848       -4.8082482143489438     
 -0.70659265358983847       -4.8128604679750655     
 -0.70159265358983847       -4.8177783426615308     
 -0.69659265358983846       -4.8229941441499511     
 -0.69159265358983846       -4.8284997091714308     
 -0.68659265358983845       -4.8342864177317724     
 -0.68159265358983845       -4.8403452060885508     
 -0.67659265358983844       -4.8466665804012514     
 -0.67159265358983844       -4.8532406310347280     
 -0.66659265358983844       -4.8600570474952427     
 -0.66159265358983843       -4.8671051339774287     
 -0.65659265358983843       -4.8743738254996591     
 -0.65159265358983842       -4.8818517046044008     
 -0.64659265358983842       -4.8895270185993027     
 -0.64159265358983841       -4.8973876973140325     
 -0.63659265358983841       -4.9054213713470167     
 -0.63159265358983840       -4.9136153907756102     
 -0.62659265358983840       -4.9219568443024491     
 -0.62159265358983840       -4.9304325788101773     
 -0.61659265358983839       -4.9390292192960512     
 -0.61159265358983839       -4.9477331891573826     
 -0.60659265358983838       -4.9565307307982760     
 -0.60159265358983838       -4.9654079265275923     
 -0.59659265358983837       -4.9743507197176458     
 -0.59159265358983837       -4.9833449361927000     
 -0.58659265358983836       -4.9923763058160571     
 -0.58159265358983836       -5.0014304842440982     
 -0.57659265358983836       -5.0104930748154679     
 -0.57159265358983835       -5.0195496505433042     
 -0.56659265358983835       -5.0285857761782378     
 -0.56159265358983834       -5.0375870303098216     
 -0.55659265358983834       -5.0465390274738358     
 -0.55159265358983833       -5.0554274402329922     
 -0.54659265358983833       -5.0642380211984754     
 -0.54159265358983832       -5.0729566249598630     
 -0.53659265358983832       -5.0815692298910369     
 -0.53159265358983832       -5.0900619597998134     
 -0.52659265358983831       -5.0984211053892770     
 -0.52159265358983831       -5.1066331454989493     
 -0.51659265358983830       -5.1146847680942562     
 -0.51159265358983830       -5.1225628909730858     
 -0.50659265358983829       -5.1302546821585118     
 -0.50159265358983829       -5.1377475799473089     
 -0.49659265358983828       -5.1450293125841959     
 -0.49159265358983828       -5.1520879175323353     
 -0.48659265358983828       -5.1589117603111179     
 -0.48159265358983827       -5.1654895528728613     
 -0.47659265358983827       -5.1718103714906452     
 -0.47159265358983826       -5.1778636741302018     
 -0.46659265358983826       -5.1836393172794590     
 -0.46159265358983825       -5.1891275722100785     
 -0.45659265358983825       -5.1943191406461251     
 -0.45159265358983824       -5.1992051698157820     
 -0.44659265358983824       -5.2037772668629083     
 -0.44159265358983824       -5.2080275125961091     
 -0.43659265358983823       -5.2119484745538891     
 -0.43159265358983823       -5.2155332193654393     
 -0.42659265358983822       -5.2187753243875408     
 -0.42159265358983822       -5.2216688885991278     
 -0.41659265358983821       -5.2242085427360463     
 -0.41159265358983821       -5.2263894586496260     
 -0.40659265358983820       -5.2282073578737585     
 -0.40159265358983820       -5.2296585193863132     
 -0.39659265358983820       -5.2307397865517897     
 -0.39159265358983819       -5.2314485732333598     
 -0.38659265358983819       -5.2317828690635038     
 -0.38159265358983818       -5.2317412438637394     
 -0.37659265358983818       -5.2313228512050864     
 -0.37159265358983817       -5.2305274311021375     
 -0.36659265358983817       -5.2293553118348415     
 -0.36159265358983816       -5.2278074108933756     
 -0.35659265358983816       -5.2258852350426777     
 -0.35159265358983816       -5.2235908795044921     
 -0.34659265358983815       -5.2209270262560841     
 -0.34159265358983815       -5.2178969414459750     
 -0.33659265358983814       -5.2145044719283815     
 -0.33159265358983814       -5.2107540409192659     
 -0.32659265358983813       -5.2066506427782100     
 -0.32159265358983813       -5.2021998369215652     
 -0.31659265358983812       -5.1974077408735955     
 -0.31159265358983812       -5.1922810224635967     
 -0.30659265358983812       -5.1868268911782041     
 -0.30159265358983811       -5.1810530886793495     
 -0.29659265358983811       -5.1749678784995359     
 -0.29159265358983810       -5.1685800349273174     
 -0.28659265358983810       -5.1618988310970719     
 -0.28159265358983809       -5.1549340262983279     
 -0.27659265358983809       -5.1476958525210312     
 -0.27159265358983808       -5.1401950002543435     
 -0.26659265358983808       -5.1324426035576245     
 -0.26159265358983808       -5.1244502244233532     
 -0.25659265358983807       -5.1162298364528400     
 -0.25159265358983807       -5.1077938078665817     
 -0.24659265358983806       -5.0991548838721430     
 -0.24159265358983806       -5.0903261684134584     
 -0.23659265358983805       -5.0813211053263441     
 -0.23159265358983805       -5.0721534589259747     
 -0.22659265358983804       -5.0628372940529562     
 -0.22159265358983804       -5.0533869556054665     
 -0.21659265358983804       -5.0438170475857582     
 -0.21159265358983803       -5.0341424116901052     
 -0.20659265358983803       -5.0243781054719783     
 -0.20159265358983802       -5.0145393801090101     
 -0.19659265358983802       -5.0046416578048589     
 -0.19159265358983801       -4.9947005088578047     
 -0.18659265358983801       -4.9847316284284124     
 -0.18159265358983800       -4.9747508130391669     
 -0.17659265358983800       -4.9647739368394612     
 -0.17159265358983800       -4.9548169276697243     
 -0.16659265358983799       -4.9448957429589537     
 -0.16159265358983799       -4.9350263454901704     
 -0.15659265358983798       -4.9252246790686867     
 -0.15159265358983798       -4.9155066441282731     
 -0.14659265358983797       -4.9058880733105878     
 -0.14159265358983797       -4.8963847070533006     
 -0.13659265358983796       -4.8870121692225359     
 -0.13159265358983796       -4.8777859428252439     
 -0.12659265358983796       -4.8687213458371676     
 -0.12159265358983795       -4.8598335071820253     
 -0.11659265358983795       -4.8511373428973918     
 -0.11159265358983794       -4.8426475325227045     
 -0.10659265358983794       -4.8343784957445370     
 -0.10159265358983793       -4.8263443693341195     
  -9.6592653589837929E-002  -4.8185589844117391     
  -9.1592653589837925E-002  -4.8110358440723582     
  -8.6592653589837920E-002  -4.8037881014063792     
  -8.1592653589837916E-002  -4.7968285379490370     
  -7.6592653589837911E-002  -4.7901695425914417     
  -7.1592653589837907E-002  -4.7838230909857593     
  -6.6592653589837902E-002  -4.7778007254764088     
  -6.1592653589837905E-002  -4.7721135355885727     
  -5.6592653589837907E-002  -4.7667721391046198     
  -5.1592653589837910E-002  -4.7617866637583344     
  -4.6592653589837912E-002  -4.7571667295760642     
  -4.1592653589837915E-002  -4.7529214318931503     
  -3.6592653589837917E-002  -4.7490593250730999     
  -3.1592653589837920E-002  -4.7455884069561032     
  -2.6592653589837919E-002  -4.7425161040625756     
  -2.1592653589837918E-002  -4.7398492575764442     
  -1.6592653589837917E-002  -4.7375941101318482     
  -1.1592653589837916E-002  -4.7357562934259771     
  -6.5926535898379159E-003  -4.7343408166795919     
  -1.5926535898379158E-003  -4.7333520559657467     
   3.4073464101620843E-003  -4.7327937444260524     
   8.4073464101620844E-003  -4.7326689633926398     
   1.3407346410162085E-002  -4.7329801344328324     
   1.8407346410162086E-002  -4.7337290123322342     
   2.3407346410162087E-002  -4.7349166790307669     
   2.8407346410162088E-002  -4.7365435385248151     
   3.3407346410162089E-002  -4.7386093127474567     
   3.8407346410162087E-002  -4.7411130384372777     
   4.3407346410162084E-002  -4.7440530650050885     
   4.8407346410162082E-002  -4.7474270534063603     
   5.3407346410162079E-002  -4.7512319760259087     
   5.8407346410162077E-002  -4.7554641175799084     
   6.3407346410162074E-002  -4.7601190770389614     
   6.8407346410162079E-002  -4.7651917705744635     
   7.3407346410162083E-002  -4.7706764355291389     
   7.8407346410162088E-002  -4.7765666354111884     
   8.3407346410162092E-002  -4.7828552659099799     
   8.8407346410162096E-002  -4.7895345619298650     
   9.3407346410162101E-002  -4.7965961056372137     
   9.8407346410162105E-002  -4.8040308355142942     
  0.10340734641016211       -4.8118290564122592     
  0.10840734641016211       -4.8199804505939730     
  0.11340734641016212       -4.8284740897560710     
  0.11840734641016212       -4.8372984480181582     
  0.12340734641016213       -4.8464414158656854     
  0.12840734641016213       -4.8558903150316102     
  0.13340734641016214       -4.8656319143006010     
  0.13840734641016214       -4.8756524462181510     
  0.14340734641016215       -4.8859376246856181     
  0.14840734641016215       -4.8964726634209059     
  0.15340734641016215       -4.9072422952631358     
  0.15840734641016216       -4.9182307922984627     
  0.16340734641016216       -4.9294219867828222     
  0.16840734641016217       -4.9407992928362647     
  0.17340734641016217       -4.9523457288822543     
  0.17840734641016218       -4.9640439408041832     
  0.18340734641016218       -4.9758762257901887     
  0.18840734641016219       -4.9878245568362587     
  0.19340734641016219       -4.9998706078765478     
  0.19840734641016219       -5.0119957795087799     
  0.20340734641016220       -5.0241812252816427     
  0.20840734641016220       -5.0364078785100599     
  0.21340734641016221       -5.0486564795834266     
  0.21840734641016221       -5.0609076037308949     
  0.22340734641016222       -5.0731416892070555     
  0.22840734641016222       -5.0853390658605635     
  0.23340734641016223       -5.0974799840474887     
  0.23840734641016223       -5.1095446438505254     
  0.24340734641016223       -5.1215132245645449     
  0.24840734641016224       -5.1333659144083503     
  0.25340734641016222       -5.1450829404220482     
  0.25840734641016222       -5.1566445985088398     
  0.26340734641016222       -5.1680312835797260     
  0.26840734641016223       -5.1792235197591614     
  0.27340734641016223       -5.1902019906093804     
  0.27840734641016224       -5.2009475693309124     
  0.28340734641016224       -5.2114413488964662     
  0.28840734641016225       -5.2216646720753532     
  0.29340734641016225       -5.2315991613053914     
  0.29840734641016226       -5.2412267483692849     
  0.30340734641016226       -5.2505297038323855     
  0.30840734641016226       -5.2594906661989409     
  0.31340734641016227       -5.2680926707439371     
  0.31840734641016227       -5.2763191779779106     
  0.32340734641016228       -5.2841541017023195     
  0.32840734641016228       -5.2915818366133580     
  0.33340734641016229       -5.2985872854124736     
  0.33840734641016229       -5.3051558853822627     
  0.34340734641016230       -5.3112736343868647     
  0.34840734641016230       -5.3169271162565339     
  0.35340734641016230       -5.3221035255166607     
  0.35840734641016231       -5.3267906914221150     
  0.36340734641016231       -5.3309771012585143     
  0.36840734641016232       -5.3346519228727534     
  0.37340734641016232       -5.3378050263959693     
  0.37840734641016233       -5.3404270051228977     
  0.38340734641016233       -5.3425091955125943     
  0.38840734641016234       -5.3440436962763327     
  0.39340734641016234       -5.3450233865196211     
  0.39840734641016234       -5.3454419429062341     
  0.40340734641016235       -5.3452938558133374     
  0.40840734641016235       -5.3445744444479022     
  0.41340734641016236       -5.3432798708958060     
  0.41840734641016236       -5.3414071530762577     
  0.42340734641016237       -5.3389541765755171     
  0.42840734641016237       -5.3359197053350913     
  0.43340734641016238       -5.3323033911711208     
  0.43840734641016238       -5.3281057821028828     
  0.44340734641016238       -5.3233283294699758     
  0.44840734641016239       -5.3179733938190399     
  0.45340734641016239       -5.3120442495425202     
  0.45840734641016240       -5.3055450882534299     
  0.46340734641016240       -5.2984810208816846     
  0.46840734641016241       -5.2908580784791317     
  0.47340734641016241       -5.2826832117220928     
  0.47840734641016242       -5.2739642891017748     
  0.48340734641016242       -5.2647100937946929     
  0.48840734641016242       -5.2549303192068244     
  0.49340734641016243       -5.2446355631869848     
  0.49840734641016243       -5.2338373209066296     
  0.50340734641016238       -5.2225479764049583     
  0.50840734641016239       -5.2107807928000343     
  0.51340734641016239       -5.1985499011682990     
  0.51840734641016240       -5.1858702880966705     
  0.52340734641016240       -5.1727577819131598     
  0.52840734641016240       -5.1592290376036889     
  0.53340734641016241       -5.1453015204246046     
  0.53840734641016241       -5.1309934882221047     
  0.54340734641016242       -5.1163239724715366     
  0.54840734641016242       -5.1013127580513578     
  0.55340734641016243       -5.0859803617681978     
  0.55840734641016243       -5.0703480096512479     
  0.56340734641016244       -5.0544376130359252     
  0.56840734641016244       -5.0382717434584077     
  0.57340734641016244       -5.0218736063843989     
  0.57840734641016245       -5.0052670137970781     
  0.58340734641016245       -4.9884763556708718     
  0.58840734641016246       -4.9715265703592744     
  0.59340734641016246       -4.9544431139265779     
  0.59840734641016247       -4.9372519284548719     
  0.60340734641016247       -4.9199794093592644     
  0.60840734641016248       -4.9026523717457460     
  0.61340734641016248       -4.8852980158475594     
  0.61840734641016248       -4.8679438915774238     
  0.62340734641016249       -4.8506178622342944     
  0.62840734641016249       -4.8333480674046960     
  0.63340734641016250       -4.8161628851000060     
  0.63840734641016250       -4.7990908931722789     
  0.64340734641016251       -4.7821608300524305     
  0.64840734641016251       -4.7654015548557753     
  0.65340734641016252       -4.7488420069010306     
  0.65840734641016252       -4.7325111646899218     
  0.66340734641016252       -4.7164380043955774     
  0.66840734641016253       -4.7006514579088527     
  0.67340734641016253       -4.6851803704925867     
  0.67840734641016254       -4.6700534580946851     
  0.68340734641016254       -4.6552992643716609     
  0.68840734641016255       -4.6409461174750293     
  0.69340734641016255       -4.6270220866535814     
  0.69840734641016256       -4.6135549387251693     
  0.70340734641016256       -4.6005720944722048     
  0.70840734641016256       -4.5881005850154848     
  0.71340734641016257       -4.5761670082214128     
  0.71840734641016257       -4.5647974851980191     
  0.72340734641016258       -4.5540176169354263     
  0.72840734641016258       -4.5438524411466661     
  0.73340734641016259       -4.5343263893648196     
  0.73840734641016259       -4.5254632443526228     
  0.74340734641016259       -4.5172860978805529     
  0.74840734641016260       -4.5098173089294926     
  0.75340734641016260       -4.5030784623737858     
  0.75840734641016261       -4.4970903282004056     
  0.76340734641016261       -4.4918728213195980     
  0.76840734641016262       -4.4874449620220895     
  0.77340734641016262       -4.4838248371374716     
  0.77840734641016263       -4.4810295619479064     
  0.78340734641016263       -4.4790752429107794     
  0.78840734641016263       -4.4779769412432522     
  0.79340734641016264       -4.4777486374209889     
  0.79840734641016264       -4.4784031966426125     
  0.80340734641016265       -4.4799523353105570     
  0.80840734641016265       -4.4824065885781321     
  0.81340734641016266       -4.4857752790116425     
  0.81840734641016266       -4.4900664864153716     
  0.82340734641016267       -4.4952870188662022     
  0.82840734641016267       -4.5014423850033953     
  0.83340734641016267       -4.5085367676179366     
  0.83840734641016268       -4.5165729985845680     
  0.84340734641016268       -4.5255525351781962     
  0.84840734641016269       -4.5354754378151210     
  0.85340734641016269       -4.5463403492579753     
  0.85840734641016270       -4.5581444753218037     
  0.86340734641016270       -4.5708835671171562     
  0.86840734641016271       -4.5845519048644450     
  0.87340734641016271       -4.5991422833121627     
  0.87840734641016271       -4.6146459987898707     
  0.88340734641016272       -4.6310528379250817     
  0.88840734641016272       -4.6483510680513946     
  0.89340734641016273       -4.6665274293333496     
  0.89840734641016273       -4.6855671286316687     
  0.90340734641016274       -4.7054538351305473     
  0.90840734641016274       -4.7261696777467366     
  0.91340734641016275       -4.7476952443381819     
  0.91840734641016275       -4.7700095827279387     
  0.92340734641016275       -4.7930902035570346     
  0.92840734641016276       -4.8169130849778519     
  0.93340734641016276       -4.8414526791975607     
  0.93840734641016277       -4.8666819208788974     
  0.94340734641016277       -4.8925722374035514     
  0.94840734641016278       -4.9190935610011604     
  0.95340734641016278       -4.9462143427447796     
  0.95840734641016279       -4.9739015684114953     
  0.96340734641016279       -5.0021207762046371     
  0.96840734641016279       -5.0308360763318092     
  0.97340734641016280       -5.0600101724307915     
  0.97840734641016280       -5.0896043848330956     
  0.98340734641016281       -5.1195786756527744     
  0.98840734641016281       -5.1498916756858222     
  0.99340734641016282       -5.1805007131033438     
  0.99840734641016282       -5.2113618439194340     
   1.0034073464101627       -5.2424298842125214     
   1.0084073464101626       -5.2736584440767320     
   1.0134073464101625       -5.3049999632777300     
   1.0184073464101624       -5.3364057485852499     
   1.0234073464101623       -5.3678260127525013     
   1.0284073464101622       -5.3992099151104753     
   1.0334073464101621       -5.4305056037431196     
   1.0384073464101620       -5.4616602592073118     
   1.0434073464101619       -5.4926201397595413     
   1.0484073464101618       -5.5233306280492576     
   1.0534073464101616       -5.5537362792368405     
   1.0584073464101615       -5.5837808704923066     
   1.0634073464101614       -5.6134074518290014     
   1.0684073464101613       -5.6425583982246410     
   1.0734073464101612       -5.6711754629803952     
   1.0784073464101611       -5.6991998322669160     
   1.0834073464101610       -5.7265721808045349     
   1.0884073464101609       -5.7532327286233071     
   1.0934073464101608       -5.7791212988469338     
   1.0984073464101607       -5.8041773764431293     
   1.1034073464101606       -5.8283401678815494     
   1.1084073464101605       -5.8515486616390078     
   1.1134073464101604       -5.8737416894903891     
   1.1184073464101603       -5.8948579885223662     
   1.1234073464101602       -5.9148362638059311     
   1.1284073464101601       -5.9336152516625136     
   1.1334073464101599       -5.9511337834574753     
   1.1384073464101598       -5.9673308498537905     
   1.1434073464101597       -5.9821456654577583     
   1.1484073464101596       -5.9955177337877918     
   1.1534073464101595       -6.0073869124965977     
   1.1584073464101594       -6.0176934787762901     
   1.1634073464101593       -6.0263781948754707     
   1.1684073464101592       -6.0333823736566972     
   1.1734073464101591       -6.0386479441223919     
   1.1784073464101590       -6.0421175168367789     
   1.1834073464101589       -6.0437344491712715     
   1.1884073464101588       -6.0434429103003726     
   1.1934073464101587       -6.0411879458752100     
   1.1984073464101586       -6.0369155423016041     
   1.2034073464101585       -6.0305726905497732     
   1.2084073464101583       -6.0221074494227445     
   1.2134073464101582       -6.0114690082109412     
   1.2184073464101581       -5.9986077486605014     
   1.2234073464101580       -5.9834753061834460     
   1.2284073464101579       -5.9660246302381257     
   1.2334073464101578       -5.9462100438090637     
   1.2384073464101577       -5.9239873019157994     
   1.2434073464101576       -5.8993136490811402     
   1.2484073464101575       -5.8721478756900183     
   1.2534073464101574       -5.8424503731709692     
   1.2584073464101573       -5.8101831879332346     
   1.2634073464101572       -5.7753100739935865     
   1.2684073464101571       -5.7377965442279413     
   1.2734073464101570       -5.6976099201841981     
   1.2784073464101569       -5.6547193803938534     
   1.2834073464101567       -5.6090960071214262     
   1.2884073464101566       -5.5607128314920065     
   1.2934073464101565       -5.5095448769388780     
   1.2984073464101564       -5.4555692009146188     
   1.3034073464101563       -5.3987649348108082     
   1.3084073464101562       -5.3391133220330831     
   1.3134073464101561       -5.2765977541801661     
   1.3184073464101560       -5.2112038052772194     
   1.3234073464101559       -5.1429192640158865     
   1.3284073464101558       -5.0717341639552371     
   1.3334073464101557       -4.9976408116399602     
   1.3384073464101556       -4.9206338125941409     
   1.3434073464101555       -4.8407100951511763     
   1.3484073464101554       -4.7578689320824799     
   1.3534073464101553       -4.6721119599899685     
   1.3584073464101551       -4.5834431964295117     
   1.3634073464101550       -4.4918690547349565     
   1.3684073464101549       -4.3973983565146160     
   1.3734073464101548       -4.3000423417946347     
   1.3784073464101547       -4.1998146767859863     
   1.3834073464101546       -4.0967314592544790     
   1.3884073464101545       -3.9908112214755400     
   1.3934073464101544       -3.8820749307582183     
   1.3984073464101543       -3.7705459875253213     
   1.4034073464101542       -3.6562502209393304     
   1.4084073464101541       -3.5392158820662365     
   1.4134073464101540       -3.4194736345722068     
   1.4184073464101539       -3.2970565429505410     
   1.4234073464101538       -3.1720000582791799     
   1.4284073464101537       -3.0443420015115725     
   1.4334073464101535       -2.9141225443065384     
   1.4384073464101534       -2.7813841874053495     
   1.4434073464101533       -2.6461717365670219     
   1.4484073464101532       -2.5085322760754574     
   1.4534073464101531       -2.3685151398348205     
   1.4584073464101530       -2.2261718800721377     
   1.4634073464101529       -2.0815562336688660     
   1.4684073464101528       -1.9347240861457526     
   1.4734073464101527       -1.7857334333280099     
   1.4784073464101526       -1.6346443407203917     
   1.4834073464101525       -1.4815189006244078     
   1.4884073464101524       -1.3264211870324267     
   1.4934073464101523       -1.1694172083360022     
   1.4984073464101522       -1.0105748578882090     
   1.5034073464101521      -0.84996386246231870     
   1.5084073464101520      -0.68765572865150393     
   1.5134073464101518      -0.52372368725669194     
   1.5184073464101517      -0.35824263571202986     
   1.5234073464101516      -0.19128907859972610     
   1.5284073464101515       -2.2941066308245883E-002
   1.5334073464101514       0.14672186810988475     
   1.5384073464101513       0.31761877382234616     
   1.5434073464101512       0.48966734878291884     
   1.5484073464101511       0.66278400791652681     
   1.5534073464101510       0.83688395285900152     
   1.5584073464101509        1.0118812431852500     
   1.5634073464101508        1.1876888690576346     
   1.5684073464101507        1.3642188252246492     
   1.5734073464101506        1.5413821862982751     
   1.5784073464101505        1.7190891832367468     
   1.5834073464101504        1.8972492809579733     
   1.5884073464101502        2.0757712570073137     
   1.5934073464101501        2.2545632812021239     
   1.5984073464101500        2.4335329961740584     
   1.6034073464101499        2.6125875987289882     
   1.6084073464101498        2.7916339219432191     
   1.6134073464101497        2.9705785179136268     
   1.6184073464101496        3.1493277410783453     
   1.6234073464101495        3.3277878320238727     
   1.6284073464101494        3.5058650016934525     
   1.6334073464101493        3.6834655159111782     
   1.6384073464101492        3.8604957801353499     
   1.6434073464101491        4.0368624243543936     
   1.6484073464101490        4.2124723880379662     
   1.6534073464101489        4.3872330050557844     
   1.6584073464101488        4.5610520884762416     
   1.6634073464101486        4.7338380151569908     
   1.6684073464101485        4.9054998100394025     
   1.6734073464101484        5.0759472300590041     
   1.6784073464101483        5.2450908475841125     
   1.6834073464101482        5.4128421332951211     
   1.6884073464101481        5.5791135384172117     
   1.6934073464101480        5.7438185762197911     
   1.6984073464101479        5.9068719026963512     
   1.7034073464101478        6.0681893963392373     
   1.7084073464101477        6.2276882369243571     
   1.7134073464101476        6.3852869832218913     
   1.7184073464101475        6.5409056495497317     
   1.7234073464101474        6.6944657810876409     
   1.7284073464101473        6.8458905278709672     
   1.7334073464101472        6.9951047173841756     
   1.7384073464101470        7.1420349256754987     
   1.7434073464101469        7.2866095469156287     
   1.7484073464101468        7.4287588613245470     
   1.7534073464101467        7.5684151013924010     
   1.7584073464101466        7.7055125163217273     
   1.7634073464101465        7.8399874346202072     
   1.7684073464101464        7.9717783247747604     
   1.7734073464101463        8.1008258539398508     
   1.7784073464101462        8.2270729445745676     
   1.7834073464101461        8.3504648289653289     
   1.7884073464101460        8.4709491015729181     
   1.7934073464101459        8.5884757691448836     
   1.7984073464101458        8.7029972985364701     
   1.8034073464101457        8.8144686621856092     
   1.8084073464101456        8.9228473811897917     
   1.8134073464101454        9.0280935659351442     
   1.8184073464101453        9.1301699542304231     
   1.8234073464101452        9.2290419469012992     
   1.8284073464101451        9.3246776408027436     
   1.8334073464101450        9.4170478592101183     
   1.8384073464101449        9.5061261795521510     
   1.8434073464101448        9.5918889584518006     
   1.8484073464101447        9.6743153540436850     
   1.8534073464101446        9.7533873455397302     
   1.8584073464101445        9.8290897500173493     
   1.8634073464101444        9.9014102364075125     
   1.8684073464101443        9.9703393366629030     
   1.8734073464101442        10.035870454089327     
   1.8784073464101441        10.097999868826488     
   1.8834073464101440        10.156726740467269     
   1.8884073464101438        10.212053107807606     
   1.8934073464101437        10.263983885722130     
   1.8984073464101436        10.312526859163725     
   1.9034073464101435        10.357692674288213     
   1.9084073464101434        10.399494826708438     
   1.9134073464101433        10.437949646884974     
   1.9184073464101432        10.473076282663907     
   1.9234073464101431        10.504896678974916     
   1.9284073464101430        10.533435554706159     
   1.9334073464101429        10.558720376775280     
   1.9384073464101428        10.580781331419017     
   1.9434073464101427        10.599651292726671     
   1.9484073464101426        10.615365788445910     
   1.9534073464101425        10.627962963092013     
   1.9584073464101424        10.637483538394815     
   1.9634073464101423        10.643970771120317     
   1.9684073464101421        10.647470408306866     
   1.9734073464101420        10.648030639958447     
   1.9784073464101419        10.645702049240626     
   1.9834073464101418        10.640537560227095     
   1.9884073464101417        10.632592383247701     
   1.9934073464101416        10.621923957891234     
   1.9984073464101415        10.608591893718955     
   2.0034073464101416        10.592657908747206     
   2.0084073464101415        10.574185765760069     
   2.0134073464101414        10.553241206515143     
   2.0184073464101413        10.529891883908128     
   2.0234073464101412        10.504207292163898     
   2.0284073464101411        10.476258695124034     
   2.0334073464101410        10.446119052702896     
   2.0384073464101409        10.413862945586260     
   2.0434073464101408        10.379566498248618     
   2.0484073464101407        10.343307300366927     
   2.0534073464101406        10.305164326710587     
   2.0584073464101404        10.265217855588972     
   2.0634073464101403        10.223549385939538     
   2.0684073464101402        10.180241553141009     
   2.0734073464101401        10.135378043637647     
   2.0784073464101400        10.089043508461902     
   2.0834073464101399        10.041323475744047     
   2.0884073464101398        9.9923042622984930     
   2.0934073464101397        9.9420728843776587     
   2.0984073464101396        9.8907169676851296     
   2.1034073464101395        9.8383246567407809     
   2.1084073464101394        9.7849845236913175     
   2.1134073464101393        9.7307854766603086     
   2.1184073464101392        9.6758166677324091     
   2.1234073464101391        9.6201674006669933     
   2.1284073464101390        9.5639270384366135     
   2.1334073464101388        9.5071849106861883     
   2.1384073464101387        9.4500302212088911     
   2.1434073464101386        9.3925519555346817     
   2.1484073464101385        9.3348387887275841     
   2.1534073464101384        9.2769789934875444     
   2.1584073464101383        9.2190603486524161     
   2.1634073464101382        9.1611700481954408     
   2.1684073464101381        9.1033946108129520     
   2.1734073464101380        9.0458197901966031     
   2.1784073464101379        8.9885304860837820     
   2.1834073464101378        8.9316106561789308     
   2.1884073464101377        8.8751432290379348     
   2.1934073464101376        8.8192100180065012     
   2.1984073464101375        8.7638916363025938     
   2.2034073464101374        8.7092674133317338     
   2.2084073464101373        8.6554153123227895     
   2.2134073464101371        8.6024118493704744     
   2.2184073464101370        8.5503320139694399     
   2.2234073464101369        8.4992491911231909     
   2.2284073464101368        8.4492350851095477     
   2.2334073464101367        8.4003596449826397     
   2.2384073464101366        8.3526909918895687     
   2.2434073464101365        8.3062953482781090     
   2.2484073464101364        8.2612369690697296     
   2.2534073464101363        8.2175780748703389     
   2.2584073464101362        8.1753787872888353     
   2.2634073464101361        8.1346970664315528     
   2.2684073464101360        8.0955886506382697     
   2.2734073464101359        8.0581069985232308     
   2.2784073464101358        8.0223032333820612     
   2.2834073464101357        7.9882260900232209     
   2.2884073464101355        7.9559218640798335     
   2.2934073464101354        7.9254343638553308     
   2.2984073464101353        7.8968048647536095     
   2.3034073464101352        7.8700720663416730     
   2.3084073464101351        7.8452720520900421     
   2.3134073464101350        7.8224382518332911     
   2.3184073464101349        7.8016014069902937     
   2.3234073464101348        7.7827895385808601     
   2.3284073464101347        7.7660279180724361     
   2.3334073464101346        7.7513390410876024     
   2.3384073464101345        7.7387426040001115     
   2.3434073464101344        7.7282554834441113     
   2.3484073464101343        7.7198917187581841     
   2.3534073464101342        7.7136624973826722     
   2.3584073464101341        7.7095761432257293     
   2.3634073464101339        7.7076381080103324     
   2.3684073464101338        7.7078509656113718     
   2.3734073464101337        7.7102144093887945     
   2.3784073464101336        7.7147252525196031     
   2.3834073464101335        7.7213774313283707     
   2.3884073464101334        7.7301620116126637     
   2.3934073464101333        7.7410671979568306     
   2.3984073464101332        7.7540783460241860     
   2.4034073464101331        7.7691779778146808     
   2.4084073464101330        7.7863457998719632     
   2.4134073464101329        7.8055587244205613     
   2.4184073464101328        7.8267908934109380     
   2.4234073464101327        7.8500137054470276     
   2.4284073464101326        7.8751958455678359     
   2.4334073464101325        7.9023033178517164     
   2.4384073464101323        7.9312994808089385     
   2.4434073464101322        7.9621450855251839     
   2.4484073464101321        7.9947983165158396     
   2.4534073464101320        8.0292148352479753     
   2.4584073464101319        8.0653478262841141     
   2.4634073464101318        8.1031480459992444     
   2.4684073464101317        8.1425638738197303     
   2.4734073464101316        8.1835413659301395     
   2.4784073464101315        8.2260243113914413     
   2.4834073464101314        8.2699542906115404     
   2.4884073464101313        8.3152707361065996     
   2.4934073464101312        8.3619109954891808     
   2.4984073464101311        8.4098103966170150     
   2.5034073464101310        8.4589023148338978     
   2.5084073464101309        8.5091182422319864     
   2.5134073464101307        8.5603878588627698     
   2.5184073464101306        8.6126391058219038     
   2.5234073464101305        8.6657982601311367     
   2.5284073464101304        8.7197900113387998     
   2.5334073464101303        8.7745375397584233     
   2.5384073464101302        8.8299625962634742     
   2.5434073464101301        8.8859855835545645     
   2.5484073464101300        8.9425256388139509     
   2.5534073464101299        8.9995007176607995     
   2.5584073464101298        9.0568276793193032     
   2.5634073464101297        9.1144223729105622     
   2.5684073464101296        9.1721997247780038     
   2.5734073464101295        9.2300738267550351     
   2.5784073464101294        9.2879580252827836     
   2.5834073464101293        9.3457650112848754     
   2.5884073464101292        9.4034069107054830     
   2.5934073464101290        9.4607953756162964     
   2.5984073464101289        9.5178416757974222     
   2.6034073464101288        9.5744567906969742     
   2.6084073464101287        9.6305515016736027     
   2.6134073464101286        9.6860364844260829     
   2.6184073464101285        9.7408224015140412     
   2.6234073464101284        9.7948199948736772     
   2.6284073464101283        9.8479401782326512     
   2.6334073464101282        9.9000941293283482     
   2.6384073464101281        9.9511933818340914     
   2.6434073464101280        10.001149916898227     
   2.6484073464101279        10.049876254201607     
   2.6534073464101278        10.097285542439392     
   2.6584073464101277        10.143291649134081     
   2.6634073464101276        10.187809249687131     
   2.6684073464101274        10.230753915577795     
   2.6734073464101273        10.272042201618472     
   2.6784073464101272        10.311591732177188     
   2.6834073464101271        10.349321286278851     
   2.6884073464101270        10.385150881498353     
   2.6934073464101269        10.419001856559802     
   2.6984073464101268        10.450796952557784     
   2.7034073464101267        10.480460392717957     
   2.7084073464101266        10.507917960616068     
   2.7134073464101265        10.533097076776071     
   2.7184073464101264        10.555926873569923     
   2.7234073464101263        10.576338268343438     
   2.7284073464101262        10.594264034694680     
   2.7334073464101261        10.609638871833234     
   2.7384073464101260        10.622399471950978     
   2.7434073464101258        10.632484585537053     
   2.7484073464101257        10.639835084572059     
   2.7534073464101256        10.644394023538799     
   2.7584073464101255        10.646106698189241     
   2.7634073464101254        10.644920702009930     
   2.7684073464101253        10.640785980330456     
   2.7734073464101252        10.633654882022283     
   2.7784073464101251        10.623482208737707     
   2.7834073464101250        10.610225261641560     
   2.7884073464101249        10.593843885590838     
   2.7934073464101248        10.574300510720290     
   2.7984073464101247        10.551560191394740     
   2.8034073464101246        10.525590642491789     
   2.8084073464101245        10.496362272981433     
   2.8134073464101244        10.463848216771998     
   2.8184073464101242        10.428024360794758     
   2.8234073464101241        10.388869370302501     
   2.8284073464101240        10.346364711360401     
   2.8334073464101239        10.300494670510458     
   2.8384073464101238        10.251246371593817     
   2.8434073464101237        10.198609789718247     
   2.8484073464101236        10.142577762361240     
   2.8534073464101235        10.083145997602083     
   2.8584073464101234        10.020313079479321     
   2.8634073464101233        9.9540804704731549     
   2.8684073464101232        9.8844525111152706     
   2.8734073464101231        9.8114364167316808     
   2.8784073464101230        9.7350422713270603     
   2.8834073464101229        9.6552830186222600     
   2.8884073464101228        9.5721744502594373     
   2.8934073464101226        9.4857351911924503     
   2.8984073464101225        9.3959866822827891     
   2.9034073464101224        9.3029531601245470     
   2.9084073464101223        9.2066616341246252     
   2.9134073464101222        9.1071418608672552     
   2.9184073464101221        9.0044263157946833     
   2.9234073464101220        8.8985501622387524     
   2.9284073464101219        8.7895512178407067     
   2.9334073464101218        8.6774699183993462     
   2.9384073464101217        8.5623492791901370     
   2.9434073464101216        8.4442348538005909     
   2.9484073464101215        8.3231746905297470     
   2.9534073464101214        8.1992192864019842     
   2.9584073464101213        8.0724215388478129     
   2.9634073464101212        7.9428366951066804     
   2.9684073464101211        7.8105222994091337     
   2.9734073464101209        7.6755381379978020     
   2.9784073464101208        7.5379461820488576     
   2.9834073464101207        7.3978105285576747     
   2.9884073464101206        7.2551973392545035     
   2.9934073464101205        7.1101747776177149     
   2.9984073464101204        6.9628129440541517     
   3.0034073464101203        6.8131838093178514     
   3.0084073464101202        6.6613611462401234     
   3.0134073464101201        6.5074204598455223     
   3.0184073464101200        6.3514389159297773     
   3.0234073464101199        6.1934952681771458     
   3.0284073464101198        6.0336697838961753     
   3.0334073464101197        5.8720441684538667     
   3.0384073464101196        5.7087014884895249     
   3.0434073464101195        5.5437260939906663     
   3.0484073464101193        5.3772035393143200     
   3.0534073464101192        5.2092205032379830     
   3.0584073464101191        5.0398647081251280     
   3.0634073464101190        4.8692248382910641     
   3.0684073464101189        4.6973904576555139     
   3.0734073464101188        4.5244519267686822     
   3.0784073464101187        4.3505003192980549     
   3.0834073464101186        4.1756273380635465     
   3.0884073464101185        3.9999252307087785     
   3.0934073464101184        3.8234867050964523     
   3.0984073464101183        3.6464048445156729     
   3.1034073464101182        3.4687730227891835     
   3.1084073464101181        3.2906848193682841     
   3.1134073464101180        3.1122339345028425     
   3.1184073464101179        2.9335141045735336     
   3.1234073464101177        2.7546190176730079     
   3.1284073464101176        2.5756422295221570     
   3.1334073464101175        2.3966770798070129     
   3.1384073464101174        2.2178166090209777     
