  -3.1415926535897931       -5.0000000000000000     
  -3.1365926535897932       -5.0000000000000000     
  -3.1315926535897933       -5.0000000000000000     
  -3.1265926535897934       -5.0000000000000000     
  -3.1215926535897935       -5.0000000000000000     
  -3.1165926535897936       -5.0000000000000000     
  -3.1115926535897938       -5.0000000000000000     
  -3.1065926535897939       -5.0000000000000000     
  -3.1015926535897940       -5.0000000000000000     
  -3.0965926535897941       -5.0000000000000000     
  -3.0915926535897942       -5.0000000000000000     
  -3.0865926535897943       -5.0000000000000000     
  -3.0815926535897944       -5.0000000000000000     
  -3.0765926535897945       -5.0000000000000000     
  -3.0715926535897946       -5.0000000000000000     
  -3.0665926535897947       -5.0000000000000000     
  -3.0615926535897948       -5.0000000000000000     
  -3.0565926535897949       -5.0000000000000000     
  -3.0515926535897950       -5.0000000000000000     
  -3.0465926535897951       -5.0000000000000000     
  -3.0415926535897952       -5.0000000000000000     
  -3.0365926535897954       -5.0000000000000000     
  -3.0315926535897955       -5.0000000000000000     
  -3.0265926535897956       -5.0000000000000000     
  -3.0215926535897957       -5.0000000000000000     
  -3.0165926535897958       -5.0000000000000000     
  -3.0115926535897959       -5.0000000000000000     
  -3.0065926535897960       -5.0000000000000000     
  -3.0015926535897961       -5.0000000000000000     
  -2.9965926535897962       -5.0000000000000000     
  -2.9915926535897963       -5.0000000000000000     
  -2.9865926535897964       -5.0000000000000000     
  -2.9815926535897965       -5.0000000000000000     
  -2.9765926535897966       -5.0000000000000000     
  -2.9715926535897967       -5.0000000000000000     
  -2.9665926535897968       -5.0000000000000000     
  -2.9615926535897970       -5.0000000000000000     
  -2.9565926535897971       -5.0000000000000000     
  -2.9515926535897972       -5.0000000000000000     
  -2.9465926535897973       -5.0000000000000000     
  -2.9415926535897974       -5.0000000000000000     
  -2.9365926535897975       -5.0000000000000000     
  -2.9315926535897976       -5.0000000000000000     
  -2.9265926535897977       -5.0000000000000000     
  -2.9215926535897978       -5.0000000000000000     
  -2.9165926535897979       -5.0000000000000000     
  -2.9115926535897980       -5.0000000000000000     
  -2.9065926535897981       -5.0000000000000000     
  -2.9015926535897982       -5.0000000000000000     
  -2.8965926535897983       -5.0000000000000000     
  -2.8915926535897984       -5.0000000000000000     
  -2.8865926535897986       -5.0000000000000000     
  -2.8815926535897987       -5.0000000000000000     
  -2.8765926535897988       -5.0000000000000000     
  -2.8715926535897989       -5.0000000000000000     
  -2.8665926535897990       -5.0000000000000000     
  -2.8615926535897991       -5.0000000000000000     
  -2.8565926535897992       -5.0000000000000000     
  -2.8515926535897993       -5.0000000000000000     
  -2.8465926535897994       -5.0000000000000000     
  -2.8415926535897995       -5.0000000000000000     
  -2.8365926535897996       -5.0000000000000000     
  -2.8315926535897997       -5.0000000000000000     
  -2.8265926535897998       -5.0000000000000000     
  -2.8215926535897999       -5.0000000000000000     
  -2.8165926535898000       -5.0000000000000000     
  -2.8115926535898002       -5.0000000000000000     
  -2.8065926535898003       -5.0000000000000000     
  -2.8015926535898004       -5.0000000000000000     
  -2.7965926535898005       -5.0000000000000000     
  -2.7915926535898006       -5.0000000000000000     
  -2.7865926535898007       -5.0000000000000000     
  -2.7815926535898008       -5.0000000000000000     
  -2.7765926535898009       -5.0000000000000000     
  -2.7715926535898010       -5.0000000000000000     
  -2.7665926535898011       -5.0000000000000000     
  -2.7615926535898012       -5.0000000000000000     
  -2.7565926535898013       -5.0000000000000000     
  -2.7515926535898014       -5.0000000000000000     
  -2.7465926535898015       -5.0000000000000000     
  -2.7415926535898016       -5.0000000000000000     
  -2.7365926535898017       -5.0000000000000000     
  -2.7315926535898019       -5.0000000000000000     
  -2.7265926535898020       -5.0000000000000000     
  -2.7215926535898021       -5.0000000000000000     
  -2.7165926535898022       -5.0000000000000000     
  -2.7115926535898023       -5.0000000000000000     
  -2.7065926535898024       -5.0000000000000000     
  -2.7015926535898025       -5.0000000000000000     
  -2.6965926535898026       -5.0000000000000000     
  -2.6915926535898027       -5.0000000000000000     
  -2.6865926535898028       -5.0000000000000000     
  -2.6815926535898029       -5.0000000000000000     
  -2.6765926535898030       -5.0000000000000000     
  -2.6715926535898031       -5.0000000000000000     
  -2.6665926535898032       -5.0000000000000000     
  -2.6615926535898033       -5.0000000000000000     
  -2.6565926535898035       -5.0000000000000000     
  -2.6515926535898036       -5.0000000000000000     
  -2.6465926535898037       -5.0000000000000000     
  -2.6415926535898038       -5.0000000000000000     
  -2.6365926535898039       -5.0000000000000000     
  -2.6315926535898040       -5.0000000000000000     
  -2.6265926535898041       -5.0000000000000000     
  -2.6215926535898042       -5.0000000000000000     
  -2.6165926535898043       -5.0000000000000000     
  -2.6115926535898044       -5.0000000000000000     
  -2.6065926535898045       -5.0000000000000000     
  -2.6015926535898046       -5.0000000000000000     
  -2.5965926535898047       -5.0000000000000000     
  -2.5915926535898048       -5.0000000000000000     
  -2.5865926535898049       -5.0000000000000000     
  -2.5815926535898051       -5.0000000000000000     
  -2.5765926535898052       -5.0000000000000000     
  -2.5715926535898053       -5.0000000000000000     
  -2.5665926535898054       -5.0000000000000000     
  -2.5615926535898055       -5.0000000000000000     
  -2.5565926535898056       -5.0000000000000000     
  -2.5515926535898057       -5.0000000000000000     
  -2.5465926535898058       -5.0000000000000000     
  -2.5415926535898059       -5.0000000000000000     
  -2.5365926535898060       -5.0000000000000000     
  -2.5315926535898061       -5.0000000000000000     
  -2.5265926535898062       -5.0000000000000000     
  -2.5215926535898063       -5.0000000000000000     
  -2.5165926535898064       -5.0000000000000000     
  -2.5115926535898065       -5.0000000000000000     
  -2.5065926535898067       -5.0000000000000000     
  -2.5015926535898068       -5.0000000000000000     
  -2.4965926535898069       -5.0000000000000000     
  -2.4915926535898070       -5.0000000000000000     
  -2.4865926535898071       -5.0000000000000000     
  -2.4815926535898072       -5.0000000000000000     
  -2.4765926535898073       -5.0000000000000000     
  -2.4715926535898074       -5.0000000000000000     
  -2.4665926535898075       -5.0000000000000000     
  -2.4615926535898076       -5.0000000000000000     
  -2.4565926535898077       -5.0000000000000000     
  -2.4515926535898078       -5.0000000000000000     
  -2.4465926535898079       -5.0000000000000000     
  -2.4415926535898080       -5.0000000000000000     
  -2.4365926535898081       -5.0000000000000000     
  -2.4315926535898083       -5.0000000000000000     
  -2.4265926535898084       -5.0000000000000000     
  -2.4215926535898085       -5.0000000000000000     
  -2.4165926535898086       -5.0000000000000000     
  -2.4115926535898087       -5.0000000000000000     
  -2.4065926535898088       -5.0000000000000000     
  -2.4015926535898089       -5.0000000000000000     
  -2.3965926535898090       -5.0000000000000000     
  -2.3915926535898091       -5.0000000000000000     
  -2.3865926535898092       -5.0000000000000000     
  -2.3815926535898093       -5.0000000000000000     
  -2.3765926535898094       -5.0000000000000000     
  -2.3715926535898095       -5.0000000000000000     
  -2.3665926535898096       -5.0000000000000000     
  -2.3615926535898097       -5.0000000000000000     
  -2.3565926535898098       -5.0000000000000000     
  -2.3515926535898100       -5.0000000000000000     
  -2.3465926535898101       -5.0000000000000000     
  -2.3415926535898102       -5.0000000000000000     
  -2.3365926535898103       -5.0000000000000000     
  -2.3315926535898104       -5.0000000000000000     
  -2.3265926535898105       -5.0000000000000000     
  -2.3215926535898106       -5.0000000000000000     
  -2.3165926535898107       -5.0000000000000000     
  -2.3115926535898108       -5.0000000000000000     
  -2.3065926535898109       -5.0000000000000000     
  -2.3015926535898110       -5.0000000000000000     
  -2.2965926535898111       -5.0000000000000000     
  -2.2915926535898112       -5.0000000000000000     
  -2.2865926535898113       -5.0000000000000000     
  -2.2815926535898114       -5.0000000000000000     
  -2.2765926535898116       -5.0000000000000000     
  -2.2715926535898117       -5.0000000000000000     
  -2.2665926535898118       -5.0000000000000000     
  -2.2615926535898119       -5.0000000000000000     
  -2.2565926535898120       -5.0000000000000000     
  -2.2515926535898121       -5.0000000000000000     
  -2.2465926535898122       -5.0000000000000000     
  -2.2415926535898123       -5.0000000000000000     
  -2.2365926535898124       -5.0000000000000000     
  -2.2315926535898125       -5.0000000000000000     
  -2.2265926535898126       -5.0000000000000000     
  -2.2215926535898127       -5.0000000000000000     
  -2.2165926535898128       -5.0000000000000000     
  -2.2115926535898129       -5.0000000000000000     
  -2.2065926535898130       -5.0000000000000000     
  -2.2015926535898132       -5.0000000000000000     
  -2.1965926535898133       -5.0000000000000000     
  -2.1915926535898134       -5.0000000000000000     
  -2.1865926535898135       -5.0000000000000000     
  -2.1815926535898136       -5.0000000000000000     
  -2.1765926535898137       -5.0000000000000000     
  -2.1715926535898138       -5.0000000000000000     
  -2.1665926535898139       -5.0000000000000000     
  -2.1615926535898140       -5.0000000000000000     
  -2.1565926535898141       -5.0000000000000000     
  -2.1515926535898142       -5.0000000000000000     
  -2.1465926535898143       -5.0000000000000000     
  -2.1415926535898144       -5.0000000000000000     
  -2.1365926535898145       -5.0000000000000000     
  -2.1315926535898146       -5.0000000000000000     
  -2.1265926535898148       -5.0000000000000000     
  -2.1215926535898149       -5.0000000000000000     
  -2.1165926535898150       -5.0000000000000000     
  -2.1115926535898151       -5.0000000000000000     
  -2.1065926535898152       -5.0000000000000000     
  -2.1015926535898153       -5.0000000000000000     
  -2.0965926535898154       -5.0000000000000000     
  -2.0915926535898155       -5.0000000000000000     
  -2.0865926535898156       -5.0000000000000000     
  -2.0815926535898157       -5.0000000000000000     
  -2.0765926535898158       -5.0000000000000000     
  -2.0715926535898159       -5.0000000000000000     
  -2.0665926535898160       -5.0000000000000000     
  -2.0615926535898161       -5.0000000000000000     
  -2.0565926535898162       -5.0000000000000000     
  -2.0515926535898164       -5.0000000000000000     
  -2.0465926535898165       -5.0000000000000000     
  -2.0415926535898166       -5.0000000000000000     
  -2.0365926535898167       -5.0000000000000000     
  -2.0315926535898168       -5.0000000000000000     
  -2.0265926535898169       -5.0000000000000000     
  -2.0215926535898170       -5.0000000000000000     
  -2.0165926535898171       -5.0000000000000000     
  -2.0115926535898172       -5.0000000000000000     
  -2.0065926535898173       -5.0000000000000000     
  -2.0015926535898174       -5.0000000000000000     
  -1.9965926535898175       -5.0000000000000000     
  -1.9915926535898176       -5.0000000000000000     
  -1.9865926535898177       -5.0000000000000000     
  -1.9815926535898178       -5.0000000000000000     
  -1.9765926535898179       -5.0000000000000000     
  -1.9715926535898181       -5.0000000000000000     
  -1.9665926535898182       -5.0000000000000000     
  -1.9615926535898183       -5.0000000000000000     
  -1.9565926535898184       -5.0000000000000000     
  -1.9515926535898185       -5.0000000000000000     
  -1.9465926535898186       -5.0000000000000000     
  -1.9415926535898187       -5.0000000000000000     
  -1.9365926535898188       -5.0000000000000000     
  -1.9315926535898189       -5.0000000000000000     
  -1.9265926535898190       -5.0000000000000000     
  -1.9215926535898191       -5.0000000000000000     
  -1.9165926535898192       -5.0000000000000000     
  -1.9115926535898193       -5.0000000000000000     
  -1.9065926535898194       -5.0000000000000000     
  -1.9015926535898195       -5.0000000000000000     
  -1.8965926535898197       -5.0000000000000000     
  -1.8915926535898198       -5.0000000000000000     
  -1.8865926535898199       -5.0000000000000000     
  -1.8815926535898200       -5.0000000000000000     
  -1.8765926535898201       -5.0000000000000000     
  -1.8715926535898202       -5.0000000000000000     
  -1.8665926535898203       -5.0000000000000000     
  -1.8615926535898204       -5.0000000000000000     
  -1.8565926535898205       -5.0000000000000000     
  -1.8515926535898206       -5.0000000000000000     
  -1.8465926535898207       -5.0000000000000000     
  -1.8415926535898208       -5.0000000000000000     
  -1.8365926535898209       -5.0000000000000000     
  -1.8315926535898210       -5.0000000000000000     
  -1.8265926535898211       -5.0000000000000000     
  -1.8215926535898213       -5.0000000000000000     
  -1.8165926535898214       -5.0000000000000000     
  -1.8115926535898215       -5.0000000000000000     
  -1.8065926535898216       -5.0000000000000000     
  -1.8015926535898217       -5.0000000000000000     
  -1.7965926535898218       -5.0000000000000000     
  -1.7915926535898219       -5.0000000000000000     
  -1.7865926535898220       -5.0000000000000000     
  -1.7815926535898221       -5.0000000000000000     
  -1.7765926535898222       -5.0000000000000000     
  -1.7715926535898223       -5.0000000000000000     
  -1.7665926535898224       -5.0000000000000000     
  -1.7615926535898225       -5.0000000000000000     
  -1.7565926535898226       -5.0000000000000000     
  -1.7515926535898227       -5.0000000000000000     
  -1.7465926535898229       -5.0000000000000000     
  -1.7415926535898230       -5.0000000000000000     
  -1.7365926535898231       -5.0000000000000000     
  -1.7315926535898232       -5.0000000000000000     
  -1.7265926535898233       -5.0000000000000000     
  -1.7215926535898234       -5.0000000000000000     
  -1.7165926535898235       -5.0000000000000000     
  -1.7115926535898236       -5.0000000000000000     
  -1.7065926535898237       -5.0000000000000000     
  -1.7015926535898238       -5.0000000000000000     
  -1.6965926535898239       -5.0000000000000000     
  -1.6915926535898240       -5.0000000000000000     
  -1.6865926535898241       -5.0000000000000000     
  -1.6815926535898242       -5.0000000000000000     
  -1.6765926535898243       -5.0000000000000000     
  -1.6715926535898245       -5.0000000000000000     
  -1.6665926535898246       -5.0000000000000000     
  -1.6615926535898247       -5.0000000000000000     
  -1.6565926535898248       -5.0000000000000000     
  -1.6515926535898249       -5.0000000000000000     
  -1.6465926535898250       -5.0000000000000000     
  -1.6415926535898251       -5.0000000000000000     
  -1.6365926535898252       -5.0000000000000000     
  -1.6315926535898253       -5.0000000000000000     
  -1.6265926535898254       -5.0000000000000000     
  -1.6215926535898255       -5.0000000000000000     
  -1.6165926535898256       -5.0000000000000000     
  -1.6115926535898257       -5.0000000000000000     
  -1.6065926535898258       -5.0000000000000000     
  -1.6015926535898259       -5.0000000000000000     
  -1.5965926535898260       -5.0000000000000000     
  -1.5915926535898262       -5.0000000000000000     
  -1.5865926535898263       -5.0000000000000000     
  -1.5815926535898264       -5.0000000000000000     
  -1.5765926535898265       -5.0000000000000000     
  -1.5715926535898266       -5.0000000000000000     
  -1.5665926535898267       -5.0000000000000000     
  -1.5615926535898268       -5.0000000000000000     
  -1.5565926535898269       -5.0000000000000000     
  -1.5515926535898270       -5.0000000000000000     
  -1.5465926535898271       -5.0000000000000000     
  -1.5415926535898272       -5.0000000000000000     
  -1.5365926535898273       -5.0000000000000000     
  -1.5315926535898274       -5.0000000000000000     
  -1.5265926535898275       -5.0000000000000000     
  -1.5215926535898276       -5.0000000000000000     
  -1.5165926535898278       -5.0000000000000000     
  -1.5115926535898279       -5.0000000000000000     
  -1.5065926535898280       -5.0000000000000000     
  -1.5015926535898281       -5.0000000000000000     
  -1.4965926535898282       -5.0000000000000000     
  -1.4915926535898283       -5.0000000000000000     
  -1.4865926535898284       -5.0000000000000000     
  -1.4815926535898285       -5.0000000000000000     
  -1.4765926535898286       -5.0000000000000000     
  -1.4715926535898287       -5.0000000000000000     
  -1.4665926535898288       -5.0000000000000000     
  -1.4615926535898289       -5.0000000000000000     
  -1.4565926535898290       -5.0000000000000000     
  -1.4515926535898291       -5.0000000000000000     
  -1.4465926535898292       -5.0000000000000000     
  -1.4415926535898294       -5.0000000000000000     
  -1.4365926535898295       -5.0000000000000000     
  -1.4315926535898296       -5.0000000000000000     
  -1.4265926535898297       -5.0000000000000000     
  -1.4215926535898298       -5.0000000000000000     
  -1.4165926535898299       -5.0000000000000000     
  -1.4115926535898300       -5.0000000000000000     
  -1.4065926535898301       -5.0000000000000000     
  -1.4015926535898302       -5.0000000000000000     
  -1.3965926535898303       -5.0000000000000000     
  -1.3915926535898304       -5.0000000000000000     
  -1.3865926535898305       -5.0000000000000000     
  -1.3815926535898306       -5.0000000000000000     
  -1.3765926535898307       -5.0000000000000000     
  -1.3715926535898308       -5.0000000000000000     
  -1.3665926535898310       -5.0000000000000000     
  -1.3615926535898311       -5.0000000000000000     
  -1.3565926535898312       -5.0000000000000000     
  -1.3515926535898313       -5.0000000000000000     
  -1.3465926535898314       -5.0000000000000000     
  -1.3415926535898315       -5.0000000000000000     
  -1.3365926535898316       -5.0000000000000000     
  -1.3315926535898317       -5.0000000000000000     
  -1.3265926535898318       -5.0000000000000000     
  -1.3215926535898319       -5.0000000000000000     
  -1.3165926535898320       -5.0000000000000000     
  -1.3115926535898321       -5.0000000000000000     
  -1.3065926535898322       -5.0000000000000000     
  -1.3015926535898323       -5.0000000000000000     
  -1.2965926535898324       -5.0000000000000000     
  -1.2915926535898326       -5.0000000000000000     
  -1.2865926535898327       -5.0000000000000000     
  -1.2815926535898328       -5.0000000000000000     
  -1.2765926535898329       -5.0000000000000000     
  -1.2715926535898330       -5.0000000000000000     
  -1.2665926535898331       -5.0000000000000000     
  -1.2615926535898332       -5.0000000000000000     
  -1.2565926535898333       -5.0000000000000000     
  -1.2515926535898334       -5.0000000000000000     
  -1.2465926535898335       -5.0000000000000000     
  -1.2415926535898336       -5.0000000000000000     
  -1.2365926535898337       -5.0000000000000000     
  -1.2315926535898338       -5.0000000000000000     
  -1.2265926535898339       -5.0000000000000000     
  -1.2215926535898340       -5.0000000000000000     
  -1.2165926535898341       -5.0000000000000000     
  -1.2115926535898343       -5.0000000000000000     
  -1.2065926535898344       -5.0000000000000000     
  -1.2015926535898345       -5.0000000000000000     
  -1.1965926535898346       -5.0000000000000000     
  -1.1915926535898347       -5.0000000000000000     
  -1.1865926535898348       -5.0000000000000000     
  -1.1815926535898349       -5.0000000000000000     
  -1.1765926535898350       -5.0000000000000000     
  -1.1715926535898351       -5.0000000000000000     
  -1.1665926535898352       -5.0000000000000000     
  -1.1615926535898353       -5.0000000000000000     
  -1.1565926535898354       -5.0000000000000000     
  -1.1515926535898355       -5.0000000000000000     
  -1.1465926535898356       -5.0000000000000000     
  -1.1415926535898357       -5.0000000000000000     
  -1.1365926535898359       -5.0000000000000000     
  -1.1315926535898360       -5.0000000000000000     
  -1.1265926535898361       -5.0000000000000000     
  -1.1215926535898362       -5.0000000000000000     
  -1.1165926535898363       -5.0000000000000000     
  -1.1115926535898364       -5.0000000000000000     
  -1.1065926535898365       -5.0000000000000000     
  -1.1015926535898366       -5.0000000000000000     
  -1.0965926535898367       -5.0000000000000000     
  -1.0915926535898368       -5.0000000000000000     
  -1.0865926535898369       -5.0000000000000000     
  -1.0815926535898370       -5.0000000000000000     
  -1.0765926535898371       -5.0000000000000000     
  -1.0715926535898372       -5.0000000000000000     
  -1.0665926535898373       -5.0000000000000000     
  -1.0615926535898375       -5.0000000000000000     
  -1.0565926535898376       -5.0000000000000000     
  -1.0515926535898377       -5.0000000000000000     
  -1.0465926535898378       -5.0000000000000000     
  -1.0415926535898379       -5.0000000000000000     
  -1.0365926535898380       -5.0000000000000000     
  -1.0315926535898381       -5.0000000000000000     
  -1.0265926535898382       -5.0000000000000000     
  -1.0215926535898383       -5.0000000000000000     
  -1.0165926535898384       -5.0000000000000000     
  -1.0115926535898385       -5.0000000000000000     
  -1.0065926535898386       -5.0000000000000000     
  -1.0015926535898387       -5.0000000000000000     
 -0.99659265358983873       -5.0000000000000000     
 -0.99159265358983872       -5.0000000000000000     
 -0.98659265358983872       -5.0000000000000000     
 -0.98159265358983872       -5.0000000000000000     
 -0.97659265358983871       -5.0000000000000000     
 -0.97159265358983871       -5.0000000000000000     
 -0.96659265358983870       -5.0000000000000000     
 -0.96159265358983870       -5.0000000000000000     
 -0.95659265358983869       -5.0000000000000000     
 -0.95159265358983869       -5.0000000000000000     
 -0.94659265358983868       -5.0000000000000000     
 -0.94159265358983868       -5.0000000000000000     
 -0.93659265358983868       -5.0000000000000000     
 -0.93159265358983867       -5.0000000000000000     
 -0.92659265358983867       -5.0000000000000000     
 -0.92159265358983866       -5.0000000000000000     
 -0.91659265358983866       -5.0000000000000000     
 -0.91159265358983865       -5.0000000000000000     
 -0.90659265358983865       -5.0000000000000000     
 -0.90159265358983864       -5.0000000000000000     
 -0.89659265358983864       -5.0000000000000000     
 -0.89159265358983864       -5.0000000000000000     
 -0.88659265358983863       -5.0000000000000000     
 -0.88159265358983863       -5.0000000000000000     
 -0.87659265358983862       -5.0000000000000000     
 -0.87159265358983862       -5.0000000000000000     
 -0.86659265358983861       -5.0000000000000000     
 -0.86159265358983861       -5.0000000000000000     
 -0.85659265358983860       -5.0000000000000000     
 -0.85159265358983860       -5.0000000000000000     
 -0.84659265358983860       -5.0000000000000000     
 -0.84159265358983859       -5.0000000000000000     
 -0.83659265358983859       -5.0000000000000000     
 -0.83159265358983858       -5.0000000000000000     
 -0.82659265358983858       -5.0000000000000000     
 -0.82159265358983857       -5.0000000000000000     
 -0.81659265358983857       -5.0000000000000000     
 -0.81159265358983856       -5.0000000000000000     
 -0.80659265358983856       -5.0000000000000000     
 -0.80159265358983856       -5.0000000000000000     
 -0.79659265358983855       -5.0000000000000000     
 -0.79159265358983855       -5.0000000000000000     
 -0.78659265358983854       -5.0000000000000000     
 -0.78159265358983854       -5.0000000000000000     
 -0.77659265358983853       -5.0000000000000000     
 -0.77159265358983853       -5.0000000000000000     
 -0.76659265358983852       -5.0000000000000000     
 -0.76159265358983852       -5.0000000000000000     
 -0.75659265358983852       -5.0000000000000000     
 -0.75159265358983851       -5.0000000000000000     
 -0.74659265358983851       -5.0000000000000000     
 -0.74159265358983850       -5.0000000000000000     
 -0.73659265358983850       -5.0000000000000000     
 -0.73159265358983849       -5.0000000000000000     
 -0.72659265358983849       -5.0000000000000000     
 -0.72159265358983848       -5.0000000000000000     
 -0.71659265358983848       -5.0000000000000000     
 -0.71159265358983848       -5.0000000000000000     
 -0.70659265358983847       -5.0000000000000000     
 -0.70159265358983847       -5.0000000000000000     
 -0.69659265358983846       -5.0000000000000000     
 -0.69159265358983846       -5.0000000000000000     
 -0.68659265358983845       -5.0000000000000000     
 -0.68159265358983845       -5.0000000000000000     
 -0.67659265358983844       -5.0000000000000000     
 -0.67159265358983844       -5.0000000000000000     
 -0.66659265358983844       -5.0000000000000000     
 -0.66159265358983843       -5.0000000000000000     
 -0.65659265358983843       -5.0000000000000000     
 -0.65159265358983842       -5.0000000000000000     
 -0.64659265358983842       -5.0000000000000000     
 -0.64159265358983841       -5.0000000000000000     
 -0.63659265358983841       -5.0000000000000000     
 -0.63159265358983840       -5.0000000000000000     
 -0.62659265358983840       -5.0000000000000000     
 -0.62159265358983840       -5.0000000000000000     
 -0.61659265358983839       -5.0000000000000000     
 -0.61159265358983839       -5.0000000000000000     
 -0.60659265358983838       -5.0000000000000000     
 -0.60159265358983838       -5.0000000000000000     
 -0.59659265358983837       -5.0000000000000000     
 -0.59159265358983837       -5.0000000000000000     
 -0.58659265358983836       -5.0000000000000000     
 -0.58159265358983836       -5.0000000000000000     
 -0.57659265358983836       -5.0000000000000000     
 -0.57159265358983835       -5.0000000000000000     
 -0.56659265358983835       -5.0000000000000000     
 -0.56159265358983834       -5.0000000000000000     
 -0.55659265358983834       -5.0000000000000000     
 -0.55159265358983833       -5.0000000000000000     
 -0.54659265358983833       -5.0000000000000000     
 -0.54159265358983832       -5.0000000000000000     
 -0.53659265358983832       -5.0000000000000000     
 -0.53159265358983832       -5.0000000000000000     
 -0.52659265358983831       -5.0000000000000000     
 -0.52159265358983831       -5.0000000000000000     
 -0.51659265358983830       -5.0000000000000000     
 -0.51159265358983830       -5.0000000000000000     
 -0.50659265358983829       -5.0000000000000000     
 -0.50159265358983829       -5.0000000000000000     
 -0.49659265358983828       -5.0000000000000000     
 -0.49159265358983828       -5.0000000000000000     
 -0.48659265358983828       -5.0000000000000000     
 -0.48159265358983827       -5.0000000000000000     
 -0.47659265358983827       -5.0000000000000000     
 -0.47159265358983826       -5.0000000000000000     
 -0.46659265358983826       -5.0000000000000000     
 -0.46159265358983825       -5.0000000000000000     
 -0.45659265358983825       -5.0000000000000000     
 -0.45159265358983824       -5.0000000000000000     
 -0.44659265358983824       -5.0000000000000000     
 -0.44159265358983824       -5.0000000000000000     
 -0.43659265358983823       -5.0000000000000000     
 -0.43159265358983823       -5.0000000000000000     
 -0.42659265358983822       -5.0000000000000000     
 -0.42159265358983822       -5.0000000000000000     
 -0.41659265358983821       -5.0000000000000000     
 -0.41159265358983821       -5.0000000000000000     
 -0.40659265358983820       -5.0000000000000000     
 -0.40159265358983820       -5.0000000000000000     
 -0.39659265358983820       -5.0000000000000000     
 -0.39159265358983819       -5.0000000000000000     
 -0.38659265358983819       -5.0000000000000000     
 -0.38159265358983818       -5.0000000000000000     
 -0.37659265358983818       -5.0000000000000000     
 -0.37159265358983817       -5.0000000000000000     
 -0.36659265358983817       -5.0000000000000000     
 -0.36159265358983816       -5.0000000000000000     
 -0.35659265358983816       -5.0000000000000000     
 -0.35159265358983816       -5.0000000000000000     
 -0.34659265358983815       -5.0000000000000000     
 -0.34159265358983815       -5.0000000000000000     
 -0.33659265358983814       -5.0000000000000000     
 -0.33159265358983814       -5.0000000000000000     
 -0.32659265358983813       -5.0000000000000000     
 -0.32159265358983813       -5.0000000000000000     
 -0.31659265358983812       -5.0000000000000000     
 -0.31159265358983812       -5.0000000000000000     
 -0.30659265358983812       -5.0000000000000000     
 -0.30159265358983811       -5.0000000000000000     
 -0.29659265358983811       -5.0000000000000000     
 -0.29159265358983810       -5.0000000000000000     
 -0.28659265358983810       -5.0000000000000000     
 -0.28159265358983809       -5.0000000000000000     
 -0.27659265358983809       -5.0000000000000000     
 -0.27159265358983808       -5.0000000000000000     
 -0.26659265358983808       -5.0000000000000000     
 -0.26159265358983808       -5.0000000000000000     
 -0.25659265358983807       -5.0000000000000000     
 -0.25159265358983807       -5.0000000000000000     
 -0.24659265358983806       -5.0000000000000000     
 -0.24159265358983806       -5.0000000000000000     
 -0.23659265358983805       -5.0000000000000000     
 -0.23159265358983805       -5.0000000000000000     
 -0.22659265358983804       -5.0000000000000000     
 -0.22159265358983804       -5.0000000000000000     
 -0.21659265358983804       -5.0000000000000000     
 -0.21159265358983803       -5.0000000000000000     
 -0.20659265358983803       -5.0000000000000000     
 -0.20159265358983802       -5.0000000000000000     
 -0.19659265358983802       -5.0000000000000000     
 -0.19159265358983801       -5.0000000000000000     
 -0.18659265358983801       -5.0000000000000000     
 -0.18159265358983800       -5.0000000000000000     
 -0.17659265358983800       -5.0000000000000000     
 -0.17159265358983800       -5.0000000000000000     
 -0.16659265358983799       -5.0000000000000000     
 -0.16159265358983799       -5.0000000000000000     
 -0.15659265358983798       -5.0000000000000000     
 -0.15159265358983798       -5.0000000000000000     
 -0.14659265358983797       -5.0000000000000000     
 -0.14159265358983797       -5.0000000000000000     
 -0.13659265358983796       -5.0000000000000000     
 -0.13159265358983796       -5.0000000000000000     
 -0.12659265358983796       -5.0000000000000000     
 -0.12159265358983795       -5.0000000000000000     
 -0.11659265358983795       -5.0000000000000000     
 -0.11159265358983794       -5.0000000000000000     
 -0.10659265358983794       -5.0000000000000000     
 -0.10159265358983793       -5.0000000000000000     
  -9.6592653589837929E-002  -5.0000000000000000     
  -9.1592653589837925E-002  -5.0000000000000000     
  -8.6592653589837920E-002  -5.0000000000000000     
  -8.1592653589837916E-002  -5.0000000000000000     
  -7.6592653589837911E-002  -5.0000000000000000     
  -7.1592653589837907E-002  -5.0000000000000000     
  -6.6592653589837902E-002  -5.0000000000000000     
  -6.1592653589837905E-002  -5.0000000000000000     
  -5.6592653589837907E-002  -5.0000000000000000     
  -5.1592653589837910E-002  -5.0000000000000000     
  -4.6592653589837912E-002  -5.0000000000000000     
  -4.1592653589837915E-002  -5.0000000000000000     
  -3.6592653589837917E-002  -5.0000000000000000     
  -3.1592653589837920E-002  -5.0000000000000000     
  -2.6592653589837919E-002  -5.0000000000000000     
  -2.1592653589837918E-002  -5.0000000000000000     
  -1.6592653589837917E-002  -5.0000000000000000     
  -1.1592653589837916E-002  -5.0000000000000000     
  -6.5926535898379159E-003  -5.0000000000000000     
  -1.5926535898379158E-003  -5.0000000000000000     
   3.4073464101620843E-003  -5.0000000000000000     
   8.4073464101620844E-003  -5.0000000000000000     
   1.3407346410162085E-002  -5.0000000000000000     
   1.8407346410162086E-002  -5.0000000000000000     
   2.3407346410162087E-002  -5.0000000000000000     
   2.8407346410162088E-002  -5.0000000000000000     
   3.3407346410162089E-002  -5.0000000000000000     
   3.8407346410162087E-002  -5.0000000000000000     
   4.3407346410162084E-002  -5.0000000000000000     
   4.8407346410162082E-002  -5.0000000000000000     
   5.3407346410162079E-002  -5.0000000000000000     
   5.8407346410162077E-002  -5.0000000000000000     
   6.3407346410162074E-002  -5.0000000000000000     
   6.8407346410162079E-002  -5.0000000000000000     
   7.3407346410162083E-002  -5.0000000000000000     
   7.8407346410162088E-002  -5.0000000000000000     
   8.3407346410162092E-002  -5.0000000000000000     
   8.8407346410162096E-002  -5.0000000000000000     
   9.3407346410162101E-002  -5.0000000000000000     
   9.8407346410162105E-002  -5.0000000000000000     
  0.10340734641016211       -5.0000000000000000     
  0.10840734641016211       -5.0000000000000000     
  0.11340734641016212       -5.0000000000000000     
  0.11840734641016212       -5.0000000000000000     
  0.12340734641016213       -5.0000000000000000     
  0.12840734641016213       -5.0000000000000000     
  0.13340734641016214       -5.0000000000000000     
  0.13840734641016214       -5.0000000000000000     
  0.14340734641016215       -5.0000000000000000     
  0.14840734641016215       -5.0000000000000000     
  0.15340734641016215       -5.0000000000000000     
  0.15840734641016216       -5.0000000000000000     
  0.16340734641016216       -5.0000000000000000     
  0.16840734641016217       -5.0000000000000000     
  0.17340734641016217       -5.0000000000000000     
  0.17840734641016218       -5.0000000000000000     
  0.18340734641016218       -5.0000000000000000     
  0.18840734641016219       -5.0000000000000000     
  0.19340734641016219       -5.0000000000000000     
  0.19840734641016219       -5.0000000000000000     
  0.20340734641016220       -5.0000000000000000     
  0.20840734641016220       -5.0000000000000000     
  0.21340734641016221       -5.0000000000000000     
  0.21840734641016221       -5.0000000000000000     
  0.22340734641016222       -5.0000000000000000     
  0.22840734641016222       -5.0000000000000000     
  0.23340734641016223       -5.0000000000000000     
  0.23840734641016223       -5.0000000000000000     
  0.24340734641016223       -5.0000000000000000     
  0.24840734641016224       -5.0000000000000000     
  0.25340734641016222       -5.0000000000000000     
  0.25840734641016222       -5.0000000000000000     
  0.26340734641016222       -5.0000000000000000     
  0.26840734641016223       -5.0000000000000000     
  0.27340734641016223       -5.0000000000000000     
  0.27840734641016224       -5.0000000000000000     
  0.28340734641016224       -5.0000000000000000     
  0.28840734641016225       -5.0000000000000000     
  0.29340734641016225       -5.0000000000000000     
  0.29840734641016226       -5.0000000000000000     
  0.30340734641016226       -5.0000000000000000     
  0.30840734641016226       -5.0000000000000000     
  0.31340734641016227       -5.0000000000000000     
  0.31840734641016227       -5.0000000000000000     
  0.32340734641016228       -5.0000000000000000     
  0.32840734641016228       -5.0000000000000000     
  0.33340734641016229       -5.0000000000000000     
  0.33840734641016229       -5.0000000000000000     
  0.34340734641016230       -5.0000000000000000     
  0.34840734641016230       -5.0000000000000000     
  0.35340734641016230       -5.0000000000000000     
  0.35840734641016231       -5.0000000000000000     
  0.36340734641016231       -5.0000000000000000     
  0.36840734641016232       -5.0000000000000000     
  0.37340734641016232       -5.0000000000000000     
  0.37840734641016233       -5.0000000000000000     
  0.38340734641016233       -5.0000000000000000     
  0.38840734641016234       -5.0000000000000000     
  0.39340734641016234       -5.0000000000000000     
  0.39840734641016234       -5.0000000000000000     
  0.40340734641016235       -5.0000000000000000     
  0.40840734641016235       -5.0000000000000000     
  0.41340734641016236       -5.0000000000000000     
  0.41840734641016236       -5.0000000000000000     
  0.42340734641016237       -5.0000000000000000     
  0.42840734641016237       -5.0000000000000000     
  0.43340734641016238       -5.0000000000000000     
  0.43840734641016238       -5.0000000000000000     
  0.44340734641016238       -5.0000000000000000     
  0.44840734641016239       -5.0000000000000000     
  0.45340734641016239       -5.0000000000000000     
  0.45840734641016240       -5.0000000000000000     
  0.46340734641016240       -5.0000000000000000     
  0.46840734641016241       -5.0000000000000000     
  0.47340734641016241       -5.0000000000000000     
  0.47840734641016242       -5.0000000000000000     
  0.48340734641016242       -5.0000000000000000     
  0.48840734641016242       -5.0000000000000000     
  0.49340734641016243       -5.0000000000000000     
  0.49840734641016243       -5.0000000000000000     
  0.50340734641016238       -5.0000000000000000     
  0.50840734641016239       -5.0000000000000000     
  0.51340734641016239       -5.0000000000000000     
  0.51840734641016240       -5.0000000000000000     
  0.52340734641016240       -5.0000000000000000     
  0.52840734641016240       -5.0000000000000000     
  0.53340734641016241       -5.0000000000000000     
  0.53840734641016241       -5.0000000000000000     
  0.54340734641016242       -5.0000000000000000     
  0.54840734641016242       -5.0000000000000000     
  0.55340734641016243       -5.0000000000000000     
  0.55840734641016243       -5.0000000000000000     
  0.56340734641016244       -5.0000000000000000     
  0.56840734641016244       -5.0000000000000000     
  0.57340734641016244       -5.0000000000000000     
  0.57840734641016245       -5.0000000000000000     
  0.58340734641016245       -5.0000000000000000     
  0.58840734641016246       -5.0000000000000000     
  0.59340734641016246       -5.0000000000000000     
  0.59840734641016247       -5.0000000000000000     
  0.60340734641016247       -5.0000000000000000     
  0.60840734641016248       -5.0000000000000000     
  0.61340734641016248       -5.0000000000000000     
  0.61840734641016248       -5.0000000000000000     
  0.62340734641016249       -5.0000000000000000     
  0.62840734641016249       -5.0000000000000000     
  0.63340734641016250       -5.0000000000000000     
  0.63840734641016250       -5.0000000000000000     
  0.64340734641016251       -5.0000000000000000     
  0.64840734641016251       -5.0000000000000000     
  0.65340734641016252       -5.0000000000000000     
  0.65840734641016252       -5.0000000000000000     
  0.66340734641016252       -5.0000000000000000     
  0.66840734641016253       -5.0000000000000000     
  0.67340734641016253       -5.0000000000000000     
  0.67840734641016254       -5.0000000000000000     
  0.68340734641016254       -5.0000000000000000     
  0.68840734641016255       -5.0000000000000000     
  0.69340734641016255       -5.0000000000000000     
  0.69840734641016256       -5.0000000000000000     
  0.70340734641016256       -5.0000000000000000     
  0.70840734641016256       -5.0000000000000000     
  0.71340734641016257       -5.0000000000000000     
  0.71840734641016257       -5.0000000000000000     
  0.72340734641016258       -5.0000000000000000     
  0.72840734641016258       -5.0000000000000000     
  0.73340734641016259       -5.0000000000000000     
  0.73840734641016259       -5.0000000000000000     
  0.74340734641016259       -5.0000000000000000     
  0.74840734641016260       -5.0000000000000000     
  0.75340734641016260       -5.0000000000000000     
  0.75840734641016261       -5.0000000000000000     
  0.76340734641016261       -5.0000000000000000     
  0.76840734641016262       -5.0000000000000000     
  0.77340734641016262       -5.0000000000000000     
  0.77840734641016263       -5.0000000000000000     
  0.78340734641016263       -5.0000000000000000     
  0.78840734641016263       -5.0000000000000000     
  0.79340734641016264       -5.0000000000000000     
  0.79840734641016264       -5.0000000000000000     
  0.80340734641016265       -5.0000000000000000     
  0.80840734641016265       -5.0000000000000000     
  0.81340734641016266       -5.0000000000000000     
  0.81840734641016266       -5.0000000000000000     
  0.82340734641016267       -5.0000000000000000     
  0.82840734641016267       -5.0000000000000000     
  0.83340734641016267       -5.0000000000000000     
  0.83840734641016268       -5.0000000000000000     
  0.84340734641016268       -5.0000000000000000     
  0.84840734641016269       -5.0000000000000000     
  0.85340734641016269       -5.0000000000000000     
  0.85840734641016270       -5.0000000000000000     
  0.86340734641016270       -5.0000000000000000     
  0.86840734641016271       -5.0000000000000000     
  0.87340734641016271       -5.0000000000000000     
  0.87840734641016271       -5.0000000000000000     
  0.88340734641016272       -5.0000000000000000     
  0.88840734641016272       -5.0000000000000000     
  0.89340734641016273       -5.0000000000000000     
  0.89840734641016273       -5.0000000000000000     
  0.90340734641016274       -5.0000000000000000     
  0.90840734641016274       -5.0000000000000000     
  0.91340734641016275       -5.0000000000000000     
  0.91840734641016275       -5.0000000000000000     
  0.92340734641016275       -5.0000000000000000     
  0.92840734641016276       -5.0000000000000000     
  0.93340734641016276       -5.0000000000000000     
  0.93840734641016277       -5.0000000000000000     
  0.94340734641016277       -5.0000000000000000     
  0.94840734641016278       -5.0000000000000000     
  0.95340734641016278       -5.0000000000000000     
  0.95840734641016279       -5.0000000000000000     
  0.96340734641016279       -5.0000000000000000     
  0.96840734641016279       -5.0000000000000000     
  0.97340734641016280       -5.0000000000000000     
  0.97840734641016280       -5.0000000000000000     
  0.98340734641016281       -5.0000000000000000     
  0.98840734641016281       -5.0000000000000000     
  0.99340734641016282       -5.0000000000000000     
  0.99840734641016282       -5.0000000000000000     
   1.0034073464101627       -5.0000000000000000     
   1.0084073464101626       -5.0000000000000000     
   1.0134073464101625       -5.0000000000000000     
   1.0184073464101624       -5.0000000000000000     
   1.0234073464101623       -5.0000000000000000     
   1.0284073464101622       -5.0000000000000000     
   1.0334073464101621       -5.0000000000000000     
   1.0384073464101620       -5.0000000000000000     
   1.0434073464101619       -5.0000000000000000     
   1.0484073464101618       -5.0000000000000000     
   1.0534073464101616       -5.0000000000000000     
   1.0584073464101615       -5.0000000000000000     
   1.0634073464101614       -5.0000000000000000     
   1.0684073464101613       -5.0000000000000000     
   1.0734073464101612       -5.0000000000000000     
   1.0784073464101611       -5.0000000000000000     
   1.0834073464101610       -5.0000000000000000     
   1.0884073464101609       -5.0000000000000000     
   1.0934073464101608       -5.0000000000000000     
   1.0984073464101607       -5.0000000000000000     
   1.1034073464101606       -5.0000000000000000     
   1.1084073464101605       -5.0000000000000000     
   1.1134073464101604       -5.0000000000000000     
   1.1184073464101603       -5.0000000000000000     
   1.1234073464101602       -5.0000000000000000     
   1.1284073464101601       -5.0000000000000000     
   1.1334073464101599       -5.0000000000000000     
   1.1384073464101598       -5.0000000000000000     
   1.1434073464101597       -5.0000000000000000     
   1.1484073464101596       -5.0000000000000000     
   1.1534073464101595       -5.0000000000000000     
   1.1584073464101594       -5.0000000000000000     
   1.1634073464101593       -5.0000000000000000     
   1.1684073464101592       -5.0000000000000000     
   1.1734073464101591       -5.0000000000000000     
   1.1784073464101590       -5.0000000000000000     
   1.1834073464101589       -5.0000000000000000     
   1.1884073464101588       -5.0000000000000000     
   1.1934073464101587       -5.0000000000000000     
   1.1984073464101586       -5.0000000000000000     
   1.2034073464101585       -5.0000000000000000     
   1.2084073464101583       -5.0000000000000000     
   1.2134073464101582       -5.0000000000000000     
   1.2184073464101581       -5.0000000000000000     
   1.2234073464101580       -5.0000000000000000     
   1.2284073464101579       -5.0000000000000000     
   1.2334073464101578       -5.0000000000000000     
   1.2384073464101577       -5.0000000000000000     
   1.2434073464101576       -5.0000000000000000     
   1.2484073464101575       -5.0000000000000000     
   1.2534073464101574       -5.0000000000000000     
   1.2584073464101573       -5.0000000000000000     
   1.2634073464101572       -5.0000000000000000     
   1.2684073464101571       -5.0000000000000000     
   1.2734073464101570       -5.0000000000000000     
   1.2784073464101569       -5.0000000000000000     
   1.2834073464101567       -5.0000000000000000     
   1.2884073464101566       -5.0000000000000000     
   1.2934073464101565       -5.0000000000000000     
   1.2984073464101564       -5.0000000000000000     
   1.3034073464101563       -5.0000000000000000     
   1.3084073464101562       -5.0000000000000000     
   1.3134073464101561       -5.0000000000000000     
   1.3184073464101560       -5.0000000000000000     
   1.3234073464101559       -5.0000000000000000     
   1.3284073464101558       -5.0000000000000000     
   1.3334073464101557       -5.0000000000000000     
   1.3384073464101556       -5.0000000000000000     
   1.3434073464101555       -5.0000000000000000     
   1.3484073464101554       -5.0000000000000000     
   1.3534073464101553       -5.0000000000000000     
   1.3584073464101551       -5.0000000000000000     
   1.3634073464101550       -5.0000000000000000     
   1.3684073464101549       -5.0000000000000000     
   1.3734073464101548       -5.0000000000000000     
   1.3784073464101547       -5.0000000000000000     
   1.3834073464101546       -5.0000000000000000     
   1.3884073464101545       -5.0000000000000000     
   1.3934073464101544       -5.0000000000000000     
   1.3984073464101543       -5.0000000000000000     
   1.4034073464101542       -5.0000000000000000     
   1.4084073464101541       -5.0000000000000000     
   1.4134073464101540       -5.0000000000000000     
   1.4184073464101539       -5.0000000000000000     
   1.4234073464101538       -5.0000000000000000     
   1.4284073464101537       -5.0000000000000000     
   1.4334073464101535       -5.0000000000000000     
   1.4384073464101534       -5.0000000000000000     
   1.4434073464101533       -5.0000000000000000     
   1.4484073464101532       -5.0000000000000000     
   1.4534073464101531       -5.0000000000000000     
   1.4584073464101530       -5.0000000000000000     
   1.4634073464101529       -5.0000000000000000     
   1.4684073464101528       -5.0000000000000000     
   1.4734073464101527       -5.0000000000000000     
   1.4784073464101526       -5.0000000000000000     
   1.4834073464101525       -5.0000000000000000     
   1.4884073464101524       -5.0000000000000000     
   1.4934073464101523       -5.0000000000000000     
   1.4984073464101522       -5.0000000000000000     
   1.5034073464101521       -5.0000000000000000     
   1.5084073464101520       -5.0000000000000000     
   1.5134073464101518       -5.0000000000000000     
   1.5184073464101517       -5.0000000000000000     
   1.5234073464101516       -5.0000000000000000     
   1.5284073464101515       -5.0000000000000000     
   1.5334073464101514       -5.0000000000000000     
   1.5384073464101513       -5.0000000000000000     
   1.5434073464101512       -5.0000000000000000     
   1.5484073464101511       -5.0000000000000000     
   1.5534073464101510       -5.0000000000000000     
   1.5584073464101509       -5.0000000000000000     
   1.5634073464101508       -5.0000000000000000     
   1.5684073464101507       -5.0000000000000000     
   1.5734073464101506        9.0000000000000000     
   1.5784073464101505        9.0000000000000000     
   1.5834073464101504        9.0000000000000000     
   1.5884073464101502        9.0000000000000000     
   1.5934073464101501        9.0000000000000000     
   1.5984073464101500        9.0000000000000000     
   1.6034073464101499        9.0000000000000000     
   1.6084073464101498        9.0000000000000000     
   1.6134073464101497        9.0000000000000000     
   1.6184073464101496        9.0000000000000000     
   1.6234073464101495        9.0000000000000000     
   1.6284073464101494        9.0000000000000000     
   1.6334073464101493        9.0000000000000000     
   1.6384073464101492        9.0000000000000000     
   1.6434073464101491        9.0000000000000000     
   1.6484073464101490        9.0000000000000000     
   1.6534073464101489        9.0000000000000000     
   1.6584073464101488        9.0000000000000000     
   1.6634073464101486        9.0000000000000000     
   1.6684073464101485        9.0000000000000000     
   1.6734073464101484        9.0000000000000000     
   1.6784073464101483        9.0000000000000000     
   1.6834073464101482        9.0000000000000000     
   1.6884073464101481        9.0000000000000000     
   1.6934073464101480        9.0000000000000000     
   1.6984073464101479        9.0000000000000000     
   1.7034073464101478        9.0000000000000000     
   1.7084073464101477        9.0000000000000000     
   1.7134073464101476        9.0000000000000000     
   1.7184073464101475        9.0000000000000000     
   1.7234073464101474        9.0000000000000000     
   1.7284073464101473        9.0000000000000000     
   1.7334073464101472        9.0000000000000000     
   1.7384073464101470        9.0000000000000000     
   1.7434073464101469        9.0000000000000000     
   1.7484073464101468        9.0000000000000000     
   1.7534073464101467        9.0000000000000000     
   1.7584073464101466        9.0000000000000000     
   1.7634073464101465        9.0000000000000000     
   1.7684073464101464        9.0000000000000000     
   1.7734073464101463        9.0000000000000000     
   1.7784073464101462        9.0000000000000000     
   1.7834073464101461        9.0000000000000000     
   1.7884073464101460        9.0000000000000000     
   1.7934073464101459        9.0000000000000000     
   1.7984073464101458        9.0000000000000000     
   1.8034073464101457        9.0000000000000000     
   1.8084073464101456        9.0000000000000000     
   1.8134073464101454        9.0000000000000000     
   1.8184073464101453        9.0000000000000000     
   1.8234073464101452        9.0000000000000000     
   1.8284073464101451        9.0000000000000000     
   1.8334073464101450        9.0000000000000000     
   1.8384073464101449        9.0000000000000000     
   1.8434073464101448        9.0000000000000000     
   1.8484073464101447        9.0000000000000000     
   1.8534073464101446        9.0000000000000000     
   1.8584073464101445        9.0000000000000000     
   1.8634073464101444        9.0000000000000000     
   1.8684073464101443        9.0000000000000000     
   1.8734073464101442        9.0000000000000000     
   1.8784073464101441        9.0000000000000000     
   1.8834073464101440        9.0000000000000000     
   1.8884073464101438        9.0000000000000000     
   1.8934073464101437        9.0000000000000000     
   1.8984073464101436        9.0000000000000000     
   1.9034073464101435        9.0000000000000000     
   1.9084073464101434        9.0000000000000000     
   1.9134073464101433        9.0000000000000000     
   1.9184073464101432        9.0000000000000000     
   1.9234073464101431        9.0000000000000000     
   1.9284073464101430        9.0000000000000000     
   1.9334073464101429        9.0000000000000000     
   1.9384073464101428        9.0000000000000000     
   1.9434073464101427        9.0000000000000000     
   1.9484073464101426        9.0000000000000000     
   1.9534073464101425        9.0000000000000000     
   1.9584073464101424        9.0000000000000000     
   1.9634073464101423        9.0000000000000000     
   1.9684073464101421        9.0000000000000000     
   1.9734073464101420        9.0000000000000000     
   1.9784073464101419        9.0000000000000000     
   1.9834073464101418        9.0000000000000000     
   1.9884073464101417        9.0000000000000000     
   1.9934073464101416        9.0000000000000000     
   1.9984073464101415        9.0000000000000000     
   2.0034073464101416        9.0000000000000000     
   2.0084073464101415        9.0000000000000000     
   2.0134073464101414        9.0000000000000000     
   2.0184073464101413        9.0000000000000000     
   2.0234073464101412        9.0000000000000000     
   2.0284073464101411        9.0000000000000000     
   2.0334073464101410        9.0000000000000000     
   2.0384073464101409        9.0000000000000000     
   2.0434073464101408        9.0000000000000000     
   2.0484073464101407        9.0000000000000000     
   2.0534073464101406        9.0000000000000000     
   2.0584073464101404        9.0000000000000000     
   2.0634073464101403        9.0000000000000000     
   2.0684073464101402        9.0000000000000000     
   2.0734073464101401        9.0000000000000000     
   2.0784073464101400        9.0000000000000000     
   2.0834073464101399        9.0000000000000000     
   2.0884073464101398        9.0000000000000000     
   2.0934073464101397        9.0000000000000000     
   2.0984073464101396        9.0000000000000000     
   2.1034073464101395        9.0000000000000000     
   2.1084073464101394        9.0000000000000000     
   2.1134073464101393        9.0000000000000000     
   2.1184073464101392        9.0000000000000000     
   2.1234073464101391        9.0000000000000000     
   2.1284073464101390        9.0000000000000000     
   2.1334073464101388        9.0000000000000000     
   2.1384073464101387        9.0000000000000000     
   2.1434073464101386        9.0000000000000000     
   2.1484073464101385        9.0000000000000000     
   2.1534073464101384        9.0000000000000000     
   2.1584073464101383        9.0000000000000000     
   2.1634073464101382        9.0000000000000000     
   2.1684073464101381        9.0000000000000000     
   2.1734073464101380        9.0000000000000000     
   2.1784073464101379        9.0000000000000000     
   2.1834073464101378        9.0000000000000000     
   2.1884073464101377        9.0000000000000000     
   2.1934073464101376        9.0000000000000000     
   2.1984073464101375        9.0000000000000000     
   2.2034073464101374        9.0000000000000000     
   2.2084073464101373        9.0000000000000000     
   2.2134073464101371        9.0000000000000000     
   2.2184073464101370        9.0000000000000000     
   2.2234073464101369        9.0000000000000000     
   2.2284073464101368        9.0000000000000000     
   2.2334073464101367        9.0000000000000000     
   2.2384073464101366        9.0000000000000000     
   2.2434073464101365        9.0000000000000000     
   2.2484073464101364        9.0000000000000000     
   2.2534073464101363        9.0000000000000000     
   2.2584073464101362        9.0000000000000000     
   2.2634073464101361        9.0000000000000000     
   2.2684073464101360        9.0000000000000000     
   2.2734073464101359        9.0000000000000000     
   2.2784073464101358        9.0000000000000000     
   2.2834073464101357        9.0000000000000000     
   2.2884073464101355        9.0000000000000000     
   2.2934073464101354        9.0000000000000000     
   2.2984073464101353        9.0000000000000000     
   2.3034073464101352        9.0000000000000000     
   2.3084073464101351        9.0000000000000000     
   2.3134073464101350        9.0000000000000000     
   2.3184073464101349        9.0000000000000000     
   2.3234073464101348        9.0000000000000000     
   2.3284073464101347        9.0000000000000000     
   2.3334073464101346        9.0000000000000000     
   2.3384073464101345        9.0000000000000000     
   2.3434073464101344        9.0000000000000000     
   2.3484073464101343        9.0000000000000000     
   2.3534073464101342        9.0000000000000000     
   2.3584073464101341        9.0000000000000000     
   2.3634073464101339        9.0000000000000000     
   2.3684073464101338        9.0000000000000000     
   2.3734073464101337        9.0000000000000000     
   2.3784073464101336        9.0000000000000000     
   2.3834073464101335        9.0000000000000000     
   2.3884073464101334        9.0000000000000000     
   2.3934073464101333        9.0000000000000000     
   2.3984073464101332        9.0000000000000000     
   2.4034073464101331        9.0000000000000000     
   2.4084073464101330        9.0000000000000000     
   2.4134073464101329        9.0000000000000000     
   2.4184073464101328        9.0000000000000000     
   2.4234073464101327        9.0000000000000000     
   2.4284073464101326        9.0000000000000000     
   2.4334073464101325        9.0000000000000000     
   2.4384073464101323        9.0000000000000000     
   2.4434073464101322        9.0000000000000000     
   2.4484073464101321        9.0000000000000000     
   2.4534073464101320        9.0000000000000000     
   2.4584073464101319        9.0000000000000000     
   2.4634073464101318        9.0000000000000000     
   2.4684073464101317        9.0000000000000000     
   2.4734073464101316        9.0000000000000000     
   2.4784073464101315        9.0000000000000000     
   2.4834073464101314        9.0000000000000000     
   2.4884073464101313        9.0000000000000000     
   2.4934073464101312        9.0000000000000000     
   2.4984073464101311        9.0000000000000000     
   2.5034073464101310        9.0000000000000000     
   2.5084073464101309        9.0000000000000000     
   2.5134073464101307        9.0000000000000000     
   2.5184073464101306        9.0000000000000000     
   2.5234073464101305        9.0000000000000000     
   2.5284073464101304        9.0000000000000000     
   2.5334073464101303        9.0000000000000000     
   2.5384073464101302        9.0000000000000000     
   2.5434073464101301        9.0000000000000000     
   2.5484073464101300        9.0000000000000000     
   2.5534073464101299        9.0000000000000000     
   2.5584073464101298        9.0000000000000000     
   2.5634073464101297        9.0000000000000000     
   2.5684073464101296        9.0000000000000000     
   2.5734073464101295        9.0000000000000000     
   2.5784073464101294        9.0000000000000000     
   2.5834073464101293        9.0000000000000000     
   2.5884073464101292        9.0000000000000000     
   2.5934073464101290        9.0000000000000000     
   2.5984073464101289        9.0000000000000000     
   2.6034073464101288        9.0000000000000000     
   2.6084073464101287        9.0000000000000000     
   2.6134073464101286        9.0000000000000000     
   2.6184073464101285        9.0000000000000000     
   2.6234073464101284        9.0000000000000000     
   2.6284073464101283        9.0000000000000000     
   2.6334073464101282        9.0000000000000000     
   2.6384073464101281        9.0000000000000000     
   2.6434073464101280        9.0000000000000000     
   2.6484073464101279        9.0000000000000000     
   2.6534073464101278        9.0000000000000000     
   2.6584073464101277        9.0000000000000000     
   2.6634073464101276        9.0000000000000000     
   2.6684073464101274        9.0000000000000000     
   2.6734073464101273        9.0000000000000000     
   2.6784073464101272        9.0000000000000000     
   2.6834073464101271        9.0000000000000000     
   2.6884073464101270        9.0000000000000000     
   2.6934073464101269        9.0000000000000000     
   2.6984073464101268        9.0000000000000000     
   2.7034073464101267        9.0000000000000000     
   2.7084073464101266        9.0000000000000000     
   2.7134073464101265        9.0000000000000000     
   2.7184073464101264        9.0000000000000000     
   2.7234073464101263        9.0000000000000000     
   2.7284073464101262        9.0000000000000000     
   2.7334073464101261        9.0000000000000000     
   2.7384073464101260        9.0000000000000000     
   2.7434073464101258        9.0000000000000000     
   2.7484073464101257        9.0000000000000000     
   2.7534073464101256        9.0000000000000000     
   2.7584073464101255        9.0000000000000000     
   2.7634073464101254        9.0000000000000000     
   2.7684073464101253        9.0000000000000000     
   2.7734073464101252        9.0000000000000000     
   2.7784073464101251        9.0000000000000000     
   2.7834073464101250        9.0000000000000000     
   2.7884073464101249        9.0000000000000000     
   2.7934073464101248        9.0000000000000000     
   2.7984073464101247        9.0000000000000000     
   2.8034073464101246        9.0000000000000000     
   2.8084073464101245        9.0000000000000000     
   2.8134073464101244        9.0000000000000000     
   2.8184073464101242        9.0000000000000000     
   2.8234073464101241        9.0000000000000000     
   2.8284073464101240        9.0000000000000000     
   2.8334073464101239        9.0000000000000000     
   2.8384073464101238        9.0000000000000000     
   2.8434073464101237        9.0000000000000000     
   2.8484073464101236        9.0000000000000000     
   2.8534073464101235        9.0000000000000000     
   2.8584073464101234        9.0000000000000000     
   2.8634073464101233        9.0000000000000000     
   2.8684073464101232        9.0000000000000000     
   2.8734073464101231        9.0000000000000000     
   2.8784073464101230        9.0000000000000000     
   2.8834073464101229        9.0000000000000000     
   2.8884073464101228        9.0000000000000000     
   2.8934073464101226        9.0000000000000000     
   2.8984073464101225        9.0000000000000000     
   2.9034073464101224        9.0000000000000000     
   2.9084073464101223        9.0000000000000000     
   2.9134073464101222        9.0000000000000000     
   2.9184073464101221        9.0000000000000000     
   2.9234073464101220        9.0000000000000000     
   2.9284073464101219        9.0000000000000000     
   2.9334073464101218        9.0000000000000000     
   2.9384073464101217        9.0000000000000000     
   2.9434073464101216        9.0000000000000000     
   2.9484073464101215        9.0000000000000000     
   2.9534073464101214        9.0000000000000000     
   2.9584073464101213        9.0000000000000000     
   2.9634073464101212        9.0000000000000000     
   2.9684073464101211        9.0000000000000000     
   2.9734073464101209        9.0000000000000000     
   2.9784073464101208        9.0000000000000000     
   2.9834073464101207        9.0000000000000000     
   2.9884073464101206        9.0000000000000000     
   2.9934073464101205        9.0000000000000000     
   2.9984073464101204        9.0000000000000000     
   3.0034073464101203        9.0000000000000000     
   3.0084073464101202        9.0000000000000000     
   3.0134073464101201        9.0000000000000000     
   3.0184073464101200        9.0000000000000000     
   3.0234073464101199        9.0000000000000000     
   3.0284073464101198        9.0000000000000000     
   3.0334073464101197        9.0000000000000000     
   3.0384073464101196        9.0000000000000000     
   3.0434073464101195        9.0000000000000000     
   3.0484073464101193        9.0000000000000000     
   3.0534073464101192        9.0000000000000000     
   3.0584073464101191        9.0000000000000000     
   3.0634073464101190        9.0000000000000000     
   3.0684073464101189        9.0000000000000000     
   3.0734073464101188        9.0000000000000000     
   3.0784073464101187        9.0000000000000000     
   3.0834073464101186        9.0000000000000000     
   3.0884073464101185        9.0000000000000000     
   3.0934073464101184        9.0000000000000000     
   3.0984073464101183        9.0000000000000000     
   3.1034073464101182        9.0000000000000000     
   3.1084073464101181        9.0000000000000000     
   3.1134073464101180        9.0000000000000000     
   3.1184073464101179        9.0000000000000000     
   3.1234073464101177        9.0000000000000000     
   3.1284073464101176        9.0000000000000000     
   3.1334073464101175        9.0000000000000000     
   3.1384073464101174        9.0000000000000000     
