  -3.1415926535897931       -1.1094706632138761E-014
  -3.1365926535897932      -0.35434141878926451     
  -3.1315926535897933      -0.70793352838298063     
  -3.1265926535897934       -1.0600298646654653     
  -3.1215926535897935       -1.4098896408762793     
  -3.1165926535897936       -1.7567805543393051     
  -3.1115926535897938       -2.0999815550281316     
  -3.1065926535897939       -2.4387855635363458     
  -3.1015926535897940       -2.7725021262681535     
  -3.0965926535897941       -3.1004599959704082     
  -3.0915926535897942       -3.4220096260909498     
  -3.0865926535897943       -3.7365255678675591     
  -3.0815926535897944       -4.0434087595249704     
  -3.0765926535897945       -4.3420886974820609     
  -3.0715926535897946       -4.6320254800444705     
  -3.0665926535897947       -4.9127117146767398     
  -3.0615926535897948       -5.1836742806096634     
  -3.0565926535897949       -5.4444759392390978     
  -3.0515926535897950       -5.6947167855090370     
  -3.0465926535897951       -5.9340355342398103     
  -3.0415926535897952       -6.1621106361586380     
  -3.0365926535897954       -6.3786612192100831     
  -3.0315926535897955       -6.5834478515639185     
  -3.0265926535897956       -6.7762731235936808     
  -3.0215926535897957       -6.9569820469660328     
  -3.0165926535897958       -7.1254622698548609     
  -3.0115926535897959       -7.2816441081703669     
  -3.0065926535897960       -7.4255003935676953     
  -3.0015926535897961       -7.5570461398676896     
  -2.9965926535897962       -7.6763380303797515     
  -2.9915926535897963       -7.7834737294592218     
  -2.9865926535897964       -7.8785910224549740     
  -2.9815926535897965       -7.9618667890029400     
  -2.9765926535897966       -8.0335158153940807     
  -2.9715926535897967       -8.0937894524873784     
  -2.9665926535897968       -8.1429741263452193     
  -2.9615926535897970       -8.1813897094379389     
  -2.9565926535897971       -8.2093877608917172     
  -2.9515926535897972       -8.2273496448374051     
  -2.9465926535897973       -8.2356845364538422     
  -2.9415926535897974       -8.2348273257855027     
  -2.9365926535897975       -8.2252364298484864     
  -2.9315926535897976       -8.2073915239193038     
  -2.9265926535897977       -8.1817912032248401     
  -2.9215926535897978       -8.1489505865195397     
  -2.9165926535897979       -8.1093988732443805     
  -2.9115926535897980       -8.0636768661119049     
  -2.9065926535897981       -8.0123344710516751     
  -2.9015926535897982       -7.9559281864803673     
  -2.8965926535897983       -7.8950185938309856     
  -2.8915926535897984       -7.8301678611866725     
  -2.8865926535897986       -7.7619372717164286     
  -2.8815926535897987       -7.6908847884046994     
  -2.8765926535897988       -7.6175626663048481     
  -2.8715926535897989       -7.5425151232297267     
  -2.8665926535897990       -7.4662760794231504     
  -2.8615926535897991       -7.3893669763355003     
  -2.8565926535897992       -7.3122946841581351     
  -2.8515926535897993       -7.2355495072569767     
  -2.8465926535897994       -7.1596032960879912     
  -2.8415926535897995       -7.0849076735806147     
  -2.8365926535897996       -7.0118923833414106     
  -2.8315926535897997       -6.9409637663637032     
  -2.8265926535897998       -6.8725033722328499     
  -2.8215926535897999       -6.8068667100949964     
  -2.8165926535898000       -6.7443821439136542     
  -2.8115926535898002       -6.6853499357768404     
  -2.8065926535898003       -6.6300414402421879     
  -2.8015926535898004       -6.5786984519222669     
  -2.7965926535898005       -6.5315327077216674     
  -2.7915926535898006       -6.4887255443450469     
  -2.7865926535898007       -6.4504277109056742     
  -2.7815926535898008       -6.4167593356809292     
  -2.7765926535898009       -6.3878100452890934     
  -2.7715926535898010       -6.3636392338040091     
  -2.7665926535898011       -6.3442764785852193     
  -2.7615926535898012       -6.3297220988842504     
  -2.7565926535898013       -6.3199478525969406     
  -2.7515926535898014       -6.3148977658700298     
  -2.7465926535898015       -6.3144890896412109     
  -2.7415926535898016       -6.3186133765984938     
  -2.7365926535898017       -6.3271376714901830     
  -2.7315926535898019       -6.3399058072029906     
  -2.7265926535898020       -6.3567397985562559     
  -2.7215926535898021       -6.3774413253359885     
  -2.7165926535898022       -6.4017932957164438     
  -2.7115926535898023       -6.4295614808901744     
  -2.7065926535898024       -6.4604962114514572     
  -2.7015926535898025       -6.4943341258541736     
  -2.6965926535898026       -6.5307999610940533     
  -2.6915926535898027       -6.5696083756472712     
  -2.6865926535898028       -6.6104657946333161     
  -2.6815926535898029       -6.6530722671592519     
  -2.6765926535898030       -6.6971233258450926     
  -2.6715926535898031       -6.7423118386254561     
  -2.6665926535898032       -6.7883298430693237     
  -2.6615926535898033       -6.8348703536577071     
  -2.6565926535898035       -6.8816291327057026     
  -2.6515926535898036       -6.9283064159097449     
  -2.6465926535898037       -6.9746085838410812     
  -2.6415926535898038       -7.0202497710896958     
  -2.6365926535898039       -7.0649534051876817     
  -2.6315926535898040       -7.1084536679040209     
  -2.6265926535898041       -7.1504968720015336     
  -2.6215926535898042       -7.1908427470784977     
  -2.6165926535898043       -7.2292656286784656     
  -2.6115926535898044       -7.2655555454398097     
  -2.6065926535898045       -7.2995191996670448     
  -2.6015926535898046       -7.3309808373364769     
  -2.5965926535898047       -7.3597830041949805     
  -2.5915926535898048       -7.3857871852694803     
  -2.5865926535898049       -7.4088743257721772     
  -2.5815926535898051       -7.4289452320589540     
  -2.5765926535898052       -7.4459208519721738     
  -2.5715926535898053       -7.4597424345705035     
  -2.5665926535898054       -7.4703715699135946     
  -2.5615926535898055       -7.4777901102254800     
  -2.5565926535898056       -7.4819999744026724     
  -2.5515926535898057       -7.4830228384593314     
  -2.5465926535898058       -7.4808997151078103     
  -2.5415926535898059       -7.4756904262559312     
  -2.5365926535898060       -7.4674729727592926     
  -2.5315926535898061       -7.4563428062948915     
  -2.5265926535898062       -7.4424120087185832     
  -2.5215926535898063       -7.4258083847310559     
  -2.5165926535898064       -7.4066744741025508     
  -2.5115926535898065       -7.3851664900936163     
  -2.5065926535898067       -7.3614531910560128     
  -2.5015926535898068       -7.3357146925021173     
  -2.4965926535898069       -7.3081412271927562     
  -2.4915926535898070       -7.2789318610096991     
  -2.4865926535898071       -7.2482931725505457     
  -2.4815926535898072       -7.2164379045086013     
  -2.4765926535898073       -7.1835835949793729     
  -2.4715926535898074       -7.1499511968674634     
  -2.4665926535898075       -7.1157636935536228     
  -2.4615926535898076       -7.0812447189217833     
  -2.4565926535898077       -7.0466171897406600     
  -2.4515926535898078       -7.0121019582451405     
  -2.4465926535898079       -6.9779164925698591     
  -2.4415926535898080       -6.9442735924531336     
  -2.4365926535898081       -6.9113801473548353     
  -2.4315926535898083       -6.8794359438190611     
  -2.4265926535898084       -6.8486325285633907     
  -2.4215926535898085       -6.8191521333935201     
  -2.4165926535898086       -6.7911666676273601     
  -2.4115926535898087       -6.7648367832693053     
  -2.4065926535898088       -6.7403110177050269     
  -2.4015926535898089       -6.7177250181941686     
  -2.3965926535898090       -6.6972008519241433     
  -2.3915926535898091       -6.6788464048572003     
  -2.3865926535898092       -6.6627548720571941     
  -2.3815926535898093       -6.6490043416259557     
  -2.3765926535898094       -6.6376574738147411     
  -2.3715926535898095       -6.6287612763072623     
  -2.3665926535898096       -6.6223469761005243     
  -2.3615926535898097       -6.6184299878415560     
  -2.3565926535898098       -6.6170099779149849     
  -2.3515926535898100       -6.6180710230220683     
  -2.3465926535898101       -6.6215818614485444     
  -2.3415926535898102       -6.6274962346903390     
  -2.3365926535898103       -6.6357533165953315     
  -2.3315926535898104       -6.6462782266886391     
  -2.3265926535898105       -6.6589826238813616     
  -2.3215926535898106       -6.6737653763208238     
  -2.3165926535898107       -6.6905133027260577     
  -2.3115926535898108       -6.7091019801685681     
  -2.3065926535898109       -6.7293966129063980     
  -2.3015926535898110       -6.7512529565618156     
  -2.2965926535898111       -6.7745182916506685     
  -2.2915926535898112       -6.7990324402261963     
  -2.2865926535898113       -6.8246288191930837     
  -2.2815926535898114       -6.8511355236794573     
  -2.2765926535898116       -6.8783764337266220     
  -2.2715926535898117       -6.9061723374685009     
  -2.2665926535898118       -6.9343420639256559     
  -2.2615926535898119       -6.9627036185322178     
  -2.2565926535898120       -6.9910753145481905     
  -2.2515926535898121       -7.0192768935832275     
  -2.2465926535898122       -7.0471306285714617     
  -2.2415926535898123       -7.0744624026883987     
  -2.2365926535898124       -7.1011027578900228     
  -2.2315926535898125       -7.1268879069789346     
  -2.2265926535898126       -7.1516607033619906     
  -2.2215926535898127       -7.1752715629556469     
  -2.2165926535898128       -7.1975793330186013     
  -2.2115926535898129       -7.2184521030426421     
  -2.2065926535898130       -7.2377679532111312     
  -2.2015926535898132       -7.2554156363369415     
  -2.1965926535898133       -7.2712951896158895     
  -2.1915926535898134       -7.2853184729748861     
  -2.1865926535898135       -7.2974096312537924     
  -2.1815926535898136       -7.3075054779332032     
  -2.1765926535898137       -7.3155557986043416     
  -2.1715926535898138       -7.3215235728692516     
  -2.1665926535898139       -7.3253851138562389     
  -2.1615926535898140       -7.3271301250341301     
  -2.1565926535898141       -7.3267616745071455     
  -2.1515926535898142       -7.3242960874656458     
  -2.1465926535898143       -7.3197627579555240     
  -2.1415926535898144       -7.3132038816064266     
  -2.1365926535898145       -7.3046741114241787     
  -2.1315926535898146       -7.2942401392029250     
  -2.1265926535898148       -7.2819802055451168     
  -2.1215926535898149       -7.2679835418895573     
  -2.1165926535898150       -7.2523497483381840     
  -2.1115926535898151       -7.2351881114371315     
  -2.1065926535898152       -7.2166168664066177     
  -2.1015926535898153       -7.1967624086242310     
  -2.0965926535898154       -7.1757584594460964     
  -2.0915926535898155       -7.1537451916986114     
  -2.0865926535898156       -7.1308683203885064     
  -2.0815926535898157       -7.1072781643597738     
  -2.0765926535898158       -7.0831286847720216     
  -2.0715926535898159       -7.0585765063845356     
  -2.0665926535898160       -7.0337799277041153     
  -2.0615926535898161       -7.0088979260917839     
  -2.0565926535898162       -6.9840891639239775     
  -2.0515926535898164       -6.9595110018675603     
  -2.0465926535898165       -6.9353185252561200     
  -2.0415926535898166       -6.9116635894470217     
  -2.0365926535898167       -6.8886938898963912     
  -2.0315926535898168       -6.8665520625129144     
  -2.0265926535898169       -6.8453748196425597     
  -2.0215926535898170       -6.8252921267964064     
  -2.0165926535898171       -6.8064264249639503     
  -2.0115926535898172       -6.7888919030569319     
  -2.0065926535898173       -6.7727938247049755     
  -2.0015926535898174       -6.7582279132767686     
  -1.9965926535898175       -6.7452797986310182     
  -1.9915926535898176       -6.7340245287124665     
  -1.9865926535898177       -6.7245261487019352     
  -1.9815926535898178       -6.7168373500085439     
  -1.9765926535898179       -6.7109991909592512     
  -1.9715926535898181       -6.7070408905981802     
  -1.9665926535898182       -6.7049796965591453     
  -1.9615926535898183       -6.7048208275209440     
  -1.9565926535898184       -6.7065574903004972     
  -1.9515926535898185       -6.7101709711851099     
  -1.9465926535898186       -6.7156308006557381     
  -1.9415926535898187       -6.7228949902102793     
  -1.9365926535898188       -6.7319103395625515     
  -1.9315926535898189       -6.7426128120708082     
  -1.9265926535898190       -6.7549279758426373     
  -1.9215926535898191       -6.7687715075724739     
  -1.9165926535898192       -6.7840497557966124     
  -1.9115926535898193       -6.8006603599003874     
  -1.9065926535898194       -6.8184929208851406     
  -1.9015926535898195       -6.8374297196008680     
  -1.8965926535898197       -6.8573464778753745     
  -1.8915926535898198       -6.8781131577242149     
  -1.8865926535898199       -6.8995947936089967     
  -1.8815926535898200       -6.9216523525258982     
  -1.8765926535898201       -6.9441436165527444     
  -1.8715926535898202       -6.9669240823620209     
  -1.8665926535898203       -6.9898478721203148     
  -1.8615926535898204       -7.0127686501412203     
  -1.8565926535898205       -7.0355405396399195     
  -1.8515926535898206       -7.0580190339526601     
  -1.8465926535898207       -7.0800618966337705     
  -1.8415926535898208       -7.1015300449257817     
  -1.8365926535898209       -7.1222884112141038     
  -1.8315926535898210       -7.1422067772262112     
  -1.8265926535898211       -7.1611605759148214     
  -1.8215926535898213       -7.1790316561745868     
  -1.8165926535898214       -7.1957090057804303     
  -1.8115926535898215       -7.2110894282018183     
  -1.8065926535898216       -7.2250781692390875     
  -1.8015926535898217       -7.2375894897437174     
  -1.7965926535898218       -7.2485471810220297     
  -1.7915926535898219       -7.2578850198793656     
  -1.7865926535898220       -7.2655471606370963     
  -1.7815926535898221       -7.2714884618454434     
  -1.7765926535898222       -7.2756747458187059     
  -1.7715926535898223       -7.2780829895337158     
  -1.7665926535898224       -7.2787014458546073     
  -1.7615926535898225       -7.2775296944749090     
  -1.7565926535898226       -7.2745786223984181     
  -1.7515926535898227       -7.2698703342114506     
  -1.7465926535898229       -7.2634379928277255     
  -1.7415926535898230       -7.2553255918112223     
  -1.7365926535898231       -7.2455876607983853     
  -1.7315926535898232       -7.2342889059480466     
  -1.7265926535898233       -7.2215037877413648     
  -1.7215926535898234       -7.2073160388339099     
  -1.7165926535898235       -7.1918181250243221     
  -1.7115926535898236       -7.1751106527475823     
  -1.7065926535898237       -7.1573017268233112     
  -1.7015926535898238       -7.1385062624886650     
  -1.6965926535898239       -7.1188452560198288     
  -1.6915926535898240       -7.0984450184938792     
  -1.6865926535898241       -7.0774363774630258     
  -1.6815926535898242       -7.0559538515038200     
  -1.6765926535898243       -7.0341348027642523     
  -1.6715926535898245       -7.0121185727609223     
  -1.6665926535898246       -6.9900456067753529     
  -1.6615926535898247       -6.9680565722632828     
  -1.6565926535898248       -6.9462914767219051     
  -1.6515926535898249       -6.9248887904587457     
  -1.6465926535898250       -6.9039845796710884     
  -1.6415926535898251       -6.8837116551774287     
  -1.6365926535898252       -6.8641987420423600     
  -1.6315926535898253       -6.8455696752048301     
  -1.6265926535898254       -6.8279426260568288     
  -1.6215926535898255       -6.8114293647271484     
  -1.6165926535898256       -6.7961345626032452     
  -1.6115926535898257       -6.7821551393754582     
  -1.6065926535898258       -6.7695796586130630     
  -1.6015926535898259       -6.7584877755827044     
  -1.5965926535898260       -6.7489497406979604     
  -1.5915926535898262       -6.7410259616472619     
  -1.5865926535898263       -6.7347666268866195     
  -1.5815926535898264       -6.7302113928073064     
  -1.5765926535898265       -6.7273891364977842     
  -1.5715926535898266       -6.7263177756171810     
  -1.5665926535898267       -6.7270041564861840     
  -1.5615926535898268       -6.7294440110831575     
  -1.5565926535898269       -6.7336219832111341     
  -1.5515926535898270       -6.7395117236774142     
  -1.5465926535898271       -6.7470760539047889     
  -1.5415926535898272       -6.7562671969738126     
  -1.5365926535898273       -6.7670270746823666     
  -1.5315926535898274       -6.7792876688038293     
  -1.5265926535898275       -6.7929714443314015     
  -1.5215926535898276       -6.8079918321154871     
  -1.5165926535898278       -6.8242537679363293     
  -1.5115926535898279       -6.8416542847070518     
  -1.5065926535898280       -6.8600831541752134     
  -1.5015926535898281       -6.8794235741858749     
  -1.4965926535898282       -6.8995528972879763     
  -1.4915926535898283       -6.9203433962100309     
  -1.4865926535898284       -6.9416630615022390     
  -1.4815926535898285       -6.9633764264422231     
  -1.4765926535898286       -6.9853454141305837     
  -1.4715926535898287       -7.0074302015631043     
  -1.4665926535898288       -7.0294900953577049     
  -1.4615926535898289       -7.0513844137387220     
  -1.4565926535898290       -7.0729733693375909     
  -1.4515926535898291       -7.0941189473590844     
  -1.4465926535898292       -7.1146857736849416     
  -1.4415926535898294       -7.1345419675431412     
  -1.4365926535898295       -7.1535599734594140     
  -1.4315926535898296       -7.1716173673288273     
  -1.4265926535898297       -7.1885976315975908     
  -1.4215926535898298       -7.2043908947283839     
  -1.4165926535898299       -7.2188946303352113     
  -1.4115926535898300       -7.2320143116147326     
  -1.4065926535898301       -7.2436640169689088     
  -1.4015926535898302       -7.2537669830069804     
  -1.3965926535898303       -7.2622561014316025     
  -1.3915926535898304       -7.2690743566523297     
  -1.3865926535898305       -7.2741752013279299     
  -1.3815926535898306       -7.2775228674144596     
  -1.3765926535898307       -7.2790926106872771     
  -1.3715926535898308       -7.2788708871089938     
  -1.3665926535898310       -7.2768554598298767     
  -1.3615926535898311       -7.2730554360298303     
  -1.3565926535898312       -7.2674912332393076     
  -1.3515926535898313       -7.2601944752073919     
  -1.3465926535898314       -7.2512078178169954     
  -1.3415926535898315       -7.2405847059760875     
  -1.3365926535898316       -7.2283890628385379     
  -1.3315926535898317       -7.2146949131249904     
  -1.3265926535898318       -7.1995859427213897     
  -1.3215926535898319       -7.1831549971274367     
  -1.3165926535898320       -7.1655035217072083     
  -1.3115926535898321       -7.1467409470570127     
  -1.3065926535898322       -7.1269840231490011     
  -1.3015926535898323       -7.1063561062310647     
  -1.2965926535898324       -7.0849864027622411     
  -1.2915926535898326       -7.0630091749361874     
  -1.2865926535898327       -7.0405629125915619     
  -1.2815926535898328       -7.0177894765261133     
  -1.2765926535898329       -6.9948332184190809     
  -1.2715926535898330       -6.9718400827235660     
  -1.2665926535898331       -6.9489566960150331     
  -1.2615926535898332       -6.9263294493740490     
  -1.2565926535898333       -6.9041035794394672     
  -1.2515926535898334       -6.8824222537925221     
  -1.2465926535898335       -6.8614256663222477     
  -1.2415926535898336       -6.8412501481781911     
  -1.2365926535898337       -6.8220272998380640     
  -1.2315926535898338       -6.8038831497057863     
  -1.2265926535898339       -6.7869373445101520     
  -1.2215926535898340       -6.7713023765964593     
  -1.2165926535898341       -6.7570828529947420     
  -1.2115926535898343       -6.7443748109088162     
  -1.2065926535898344       -6.7332650840021877     
  -1.2015926535898345       -6.7238307235615755     
  -1.1965926535898346       -6.7161384782976130     
  -1.1915926535898347       -6.7102443361974187     
  -1.1865926535898348       -6.7061931314770273     
  -1.1815926535898349       -6.7040182192953210     
  -1.1765926535898350       -6.7037412204873172     
  -1.1715926535898351       -6.7053718381558518     
  -1.1665926535898352       -6.7089077475293220     
  -1.1615926535898353       -6.7143345600516797     
  -1.1565926535898354       -6.7216258622219796     
  -1.1515926535898355       -6.7307433292472858     
  -1.1465926535898356       -6.7416369131168965     
  -1.1415926535898357       -6.7542451042509795     
  -1.1365926535898359       -6.7684952654250194     
  -1.1315926535898360       -6.7843040362259703     
  -1.1265926535898361       -6.8015778058593597     
  -1.1215926535898362       -6.8202132517012748     
  -1.1165926535898363       -6.8400979405779623     
  -1.1115926535898364       -6.8611109893610767     
  -1.1065926535898365       -6.8831237810909363     
  -1.1015926535898366       -6.9060007324857304     
  -1.0965926535898367       -6.9296001083635836     
  -1.0915926535898368       -6.9537748781992130     
  -1.0865926535898369       -6.9783736097588109     
  -1.0815926535898370       -7.0032413945083318     
  -1.0765926535898371       -7.0282207992724812     
  -1.0715926535898372       -7.0531528384363051     
  -1.0665926535898373       -7.0778779608291780     
  -1.0615926535898375       -7.1022370453138510     
  -1.0565926535898376       -7.1260723990209529     
  -1.0515926535898377       -7.1492287521236859     
  -1.0465926535898378       -7.1715542430378765     
  -1.0415926535898379       -7.1929013879599442     
  -1.0365926535898380       -7.2131280287192379     
  -1.0315926535898381       -7.2320982530217979     
  -1.0265926535898382       -7.2496832812989425     
  -1.0215926535898383       -7.2657623145462820     
  -1.0165926535898384       -7.2802233377449852     
  -1.0115926535898385       -7.2929638736972606     
  -1.0065926535898386       -7.3038916823801019     
  -1.0015926535898387       -7.3129254012242546     
 -0.99659265358983873       -7.3199951220575032     
 -0.99159265358983872       -7.3250429008103479     
 -0.98659265358983872       -7.3280231964670151     
 -0.98159265358983872       -7.3289032361521373     
 -0.97659265358983871       -7.3276633036719092     
 -0.97159265358983871       -7.3242969492754249     
 -0.96659265358983870       -7.3188111188643763     
 -0.96159265358983870       -7.3112262013551197     
 -0.95659265358983869       -7.3015759933833042     
 -0.95159265358983869       -7.2899075810348943     
 -0.94659265358983868       -7.2762811387860182     
 -0.94159265358983868       -7.2607696463341140     
 -0.93659265358983868       -7.2434585245020449     
 -0.93159265358983867       -7.2244451918916921     
 -0.92659265358983867       -7.2038385444514397     
 -0.92159265358983866       -7.1817583605998294     
 -0.91659265358983866       -7.1583346350126673     
 -0.91159265358983865       -7.1337068446302689     
 -0.90659265358983865       -7.1080231508723903     
 -0.90159265358983864       -7.0814395424584031     
 -0.89659265358983864       -7.0541189236164845     
 -0.89159265358983864       -7.0262301528260283     
 -0.88659265358983863       -6.9979470375695261     
 -0.88159265358983863       -6.9694472908718677     
 -0.87659265358983862       -6.9409114556744722     
 -0.87159265358983862       -6.9125218033269498     
 -0.86659265358983861       -6.8844612126786071     
 -0.86159265358983861       -6.8569120364147524     
 -0.85659265358983860       -6.8300549614070860     
 -0.85159265358983860       -6.8040678699326618     
 -0.84659265358983860       -6.7791247086611017     
 -0.84159265358983859       -6.7553943723145942     
 -0.83659265358983859       -6.7330396088693449     
 -0.83159265358983858       -6.7122159530902943     
 -0.82659265358983858       -6.6930706950740042     
 -0.82159265358983857       -6.6757418903168766     
 -0.81659265358983857       -6.6603574176293225     
 -0.81159265358983856       -6.6470340909809131     
 -0.80659265358983856       -6.6358768310886784     
 -0.80159265358983856       -6.6269779022517552     
 -0.79659265358983855       -6.6204162195919452     
 -0.79159265358983855       -6.6162567314835270     
 -0.78659265358983854       -6.6145498815483847     
 -0.78159265358983854       -6.6153311541567446     
 -0.77659265358983853       -6.6186207069116696     
 -0.77159265358983853       -6.6244230931094945     
 -0.76659265358983852       -6.6327270766612054     
 -0.76159265358983852       -6.6435055414342790     
 -0.75659265358983852       -6.6567154964334465     
 -0.75159265358983851       -6.6722981776854047     
 -0.74659265358983851       -6.6901792471297004     
 -0.74159265358983850       -6.7102690882489462     
 -0.73659265358983850       -6.7324631975996558     
 -0.73159265358983849       -6.7566426708333820     
 -0.72659265358983849       -6.7826747812297645     
 -0.72159265358983848       -6.8104136482020774     
 -0.71659265358983848       -6.8397009926849348     
 -0.71159265358983848       -6.8703669757762480     
 -0.70659265358983847       -6.9022311164845416     
 -0.70159265358983847       -6.9351032839315723     
 -0.69659265358983846       -6.9687847588814584     
 -0.69159265358983846       -7.0030693590145150     
 -0.68659265358983845       -7.0377446219393409     
 -0.68159265358983845       -7.0725930395429364     
 -0.67659265358983844       -7.1073933369183138     
 -0.67159265358983844       -7.1419217887845523     
 -0.66659265358983844       -7.1759535660274487     
 -0.66159265358983843       -7.2092641047419628     
 -0.65659265358983843       -7.2416304899520716     
 -0.65159265358983842       -7.2728328460209992     
 -0.64659265358983842       -7.3026557256462388     
 -0.64159265358983841       -7.3308894892603993     
 -0.63659265358983841       -7.3573316666315174     
 -0.63159265358983840       -7.3817882924751101     
 -0.62659265358983840       -7.4040752079561312     
 -0.62159265358983840       -7.4240193200706770     
 -0.61659265358983839       -7.4414598110561734     
 -0.61159265358983839       -7.4562492901826003     
 -0.60659265358983838       -7.4682548805268363     
 -0.60159265358983838       -7.4773592336250978     
 -0.59659265358983837       -7.4834614652343587     
 -0.59159265358983837       -7.4864780058102998     
 -0.58659265358983836       -7.4863433597255309     
 -0.58159265358983836       -7.4830107677049931     
 -0.57659265358983836       -7.4764527674438614     
 -0.57159265358983835       -7.4666616478940266     
 -0.56659265358983835       -7.4536497932560213     
 -0.56159265358983834       -7.4374499132909904     
 -0.55659265358983834       -7.4181151571692281     
 -0.55159265358983833       -7.3957191086945313     
 -0.54659265358983833       -7.3703556613839849     
 -0.54159265358983832       -7.3421387725374707     
 -0.53659265358983832       -7.3112020960964728     
 -0.53159265358983832       -7.2776984947642038     
 -0.52659265358983831       -7.2417994325350135     
 -0.52159265358983831       -7.2036942494567695     
 -0.51659265358983830       -7.1635893211216644     
 -0.51159265358983830       -7.1217071060451236     
 -0.50659265358983829       -7.0782850847452439     
 -0.50159265358983829       -7.0335745949730510     
 -0.49659265358983828       -6.9878395681631735     
 -0.49159265358983828       -6.9413551727715674     
 -0.48659265358983828       -6.8944063707386629     
 -0.48159265358983827       -6.8472863938590081     
 -0.47659265358983827       -6.8002951473493853     
 -0.47159265358983826       -6.7537375483831248     
 -0.46659265358983826       -6.7079218077963523     
 -0.46159265358983825       -6.6631576635694039     
 -0.45659265358983825       -6.6197545750412701     
 -0.45159265358983824       -6.5780198871242046     
 -0.44659265358983824       -6.5382569740481253     
 -0.44159265358983824       -6.5007633723775813     
 -0.43659265358983823       -6.4658289132071909     
 -0.43159265358983823       -6.4337338635527326     
 -0.42659265358983822       -6.4047470870137619     
 -0.42159265358983822       -6.3791242337891498     
 -0.41659265358983821       -6.3571059700787140     
 -0.41159265358983821       -6.3389162568018875     
 -0.40659265358983820       -6.3247606874089994     
 -0.40159265358983820       -6.3148248943516112     
 -0.39659265358983820       -6.3092730335171723     
 -0.39159265358983819       -6.3082463556207395     
 -0.38659265358983819       -6.3118618731834699     
 -0.38159265358983818       -6.3202111313166736     
 -0.37659265358983818       -6.3333590900721219     
 -0.37159265358983817       -6.3513431256171273     
 -0.36659265358983817       -6.3741721569481999     
 -0.36159265358983816       -6.4018259042732408     
 -0.35659265358983816       -6.4342542845712654     
 -0.35159265358983816       -6.4713769491843074     
 -0.34659265358983815       -6.5130829676111777     
 -0.34159265358983815       -6.5592306609608624     
 -0.33659265358983814       -6.6096475877878538     
 -0.33159265358983814       -6.6641306842766195     
 -0.32659265358983813       -6.7224465599712007     
 -0.32159265358983813       -6.7843319494630112     
 -0.31659265358983812       -6.8494943196587581     
 -0.31159265358983812       -6.9176126314555511     
 -0.30659265358983812       -6.9883382538556091     
 -0.30159265358983811       -7.0612960277627845     
 -0.29659265358983811       -7.1360854759212682     
 -0.29159265358983810       -7.2122821546879505     
 -0.28659265358983810       -7.2894391425774527     
 -0.28159265358983809       -7.3670886597871501     
 -0.27659265358983809       -7.4447438122027014     
 -0.27159265358983808       -7.5219004527057507     
 -0.26659265358983808       -7.5980391519590604     
 -0.26159265358983808       -7.6726272702334697     
 -0.25659265358983807       -7.7451211212687587     
 -0.25159265358983807       -7.8149682186309741     
 -0.24659265358983806       -7.8816095945434190     
 -0.24159265358983806       -7.9444821807316490     
 -0.23659265358983805       -8.0030212404355705     
 -0.23159265358983805       -8.0566628404074478     
 -0.22659265358983804       -8.1048463514343219     
 -0.22159265358983804       -8.1470169656994145     
 -0.21659265358983804       -8.1826282191305673     
 -0.21159265358983803       -8.2111445067758773     
 -0.20659265358983803       -8.2320435791982050     
 -0.20159265358983802       -8.2448190078917278     
 -0.19659265358983802       -8.2489826077952575     
 -0.19159265358983801       -8.2440668051087087     
 -0.18659265358983801       -8.2296269388102221     
 -0.18159265358983800       -8.2052434845215352     
 -0.17659265358983800       -8.1705241896770531     
 -0.17159265358983800       -8.1251061093162242     
 -0.16659265358983799       -8.0686575322382321     
 -0.16159265358983799       -8.0008797877296711     
 -0.15659265358983798       -7.9215089235988794     
 -0.15159265358983798       -7.8303172468212692     
 -0.14659265358983797       -7.7271147187164955     
 -0.14159265358983797       -7.6117501972371429     
 -0.13659265358983796       -7.4841125196467484     
 -0.13159265358983796       -7.3441314195990923     
 -0.12659265358983796       -7.1917782733970554     
 -0.12159265358983795       -7.0270666710041478     
 -0.11659265358983795       -6.8500528082013865     
 -0.11159265358983794       -6.6608356971220317     
 -0.10659265358983794       -6.4595571932531080     
 -0.10159265358983793       -6.2464018378609447     
  -9.6592653589837929E-002  -6.0215965156740330     
  -9.1592653589837925E-002  -5.7854099285359464     
  -8.6592653589837920E-002  -5.5381518866192687     
  -8.1592653589837916E-002  -5.2801724196643933     
  -7.6592653589837911E-002  -5.0118607115697928     
  -7.1592653589837907E-002  -4.7336438625090169     
  -6.6592653589837902E-002  -4.4459854835797170     
  -6.1592653589837905E-002  -4.1493841297972258     
  -5.6592653589837907E-002  -3.8443715780257093     
  -5.1592653589837910E-002  -3.5315109571894547     
  -4.6592653589837912E-002  -3.2113947388219279     
  -4.1592653589837915E-002  -2.8846425966869829     
  -3.6592653589837917E-002  -2.5518991448416557     
  -3.1592653589837920E-002  -2.2138315641002220     
  -2.6592653589837919E-002  -1.8711271274013661     
  -2.1592653589837918E-002  -1.5244906350719694     
  -1.6592653589837917E-002  -1.1746417714193631     
  -1.1592653589837916E-002 -0.82231239446691329     
  -6.5926535898379159E-003 -0.46824377097339853     
  -1.5926535898379158E-003 -0.11318376914323808     
   3.4073464101620843E-003  0.24211597835918280     
   8.4073464101620844E-003  0.59690292833307967     
   1.3407346410162085E-002  0.95042648506214322     
   1.8407346410162086E-002   1.3019408495721601     
   2.3407346410162087E-002   1.6507078473075429     
   2.8407346410162088E-002   1.9959997215141418     
   3.3407346410162089E-002   2.3371018797828760     
   3.8407346410162087E-002   2.6733155814369551     
   4.3407346410162084E-002   3.0039605537336787     
   4.8407346410162082E-002   3.3283775251984014     
   5.3407346410162079E-002   3.6459306648116296     
   5.8407346410162077E-002   3.9560099162281537     
   6.3407346410162074E-002   4.2580332167174264     
   6.8407346410162079E-002   4.5514485910743385     
   7.3407346410162083E-002   4.8357361113564306     
   7.8407346410162088E-002   5.1104097139541116     
   8.3407346410162092E-002   5.3750188661915734     
   8.8407346410162096E-002   5.6291500753840342     
   9.3407346410162101E-002   5.8724282340382450     
   9.8407346410162105E-002   6.1045177956737833     
  0.10340734641016211        6.3251237765586961     
  0.10840734641016211        6.5339925794903158     
  0.11340734641016212        6.7309126366063490     
  0.11840734641016212        6.9157148690782506     
  0.12340734641016213        7.0882729624143428     
  0.12840734641016213        7.2485034569791011     
  0.13340734641016214        7.3963656542140068     
  0.13840734641016214        7.5318613399188932     
  0.14340734641016215        7.6550343268173986     
  0.14840734641016215        7.7659698194808442     
  0.15340734641016215        7.8647936055179670     
  0.15840734641016216        7.9516710777488919     
  0.16340734641016216        8.0268060928666927     
  0.16840734641016217        8.0904396728449797     
  0.17340734641016217        8.1428485560713852     
  0.17840734641016218        8.1843436058711561     
  0.18340734641016218        8.2152680847287680     
  0.18840734641016219        8.2359958031157880     
  0.19340734641016219        8.2469291523868762     
  0.19840734641016219        8.2484970317102952     
  0.20340734641016220        8.2411526794525205     
  0.20840734641016220        8.2253714198358079     
  0.21340734641016221        8.2016483360316723     
  0.21840734641016221        8.1704958811401998     
  0.22340734641016222        8.1324414387338386     
  0.22840734641016222        8.0880248448140666     
  0.23340734641016223        8.0377958831391041     
  0.23840734641016223        7.9823117659305458     
  0.24340734641016223        7.9221346119567260     
  0.24840734641016224        7.8578289339200937     
  0.25340734641016222        7.7899591469470790     
  0.25840734641016222        7.7190871097909799     
  0.26340734641016222        7.6457697101141688     
  0.26840734641016223        7.5705565049156363     
  0.27340734641016223        7.4939874268161528     
  0.27840734641016224        7.4165905665078942     
  0.28340734641016224        7.3388800412204711     
  0.28840734641016225        7.2613539585538103     
  0.29340734641016225        7.1844924844826039     
  0.29840734641016226        7.1087560237507610     
  0.30340734641016226        7.0345835202497806     
  0.30840734641016226        6.9623908843165516     
  0.31340734641016227        6.8925695531967008     
  0.31840734641016227        6.8254851902031595     
  0.32340734641016228        6.7614765273600330     
  0.32840734641016228        6.7008543555630489     
  0.33340734641016229        6.6439006655135602     
  0.33840734641016229        6.5908679418979954     
  0.34340734641016230        6.5419786124921622     
  0.34840734641016230        6.4974246530746367     
  0.35340734641016230        6.4573673482395941     
  0.35840734641016231        6.4219372074106547     
  0.36340734641016231        6.3912340345782948     
  0.36840734641016232        6.3653271495175305     
  0.37340734641016232        6.3442557574940937     
  0.37840734641016233        6.3280294637401466     
  0.38340734641016233        6.3166289282778543     
  0.38840734641016234        6.3100066559950232     
  0.39340734641016234        6.3080879162343946     
  0.39840734641016234        6.3107717855503029     
  0.40340734641016235        6.3179323067164983     
  0.40840734641016235        6.3294197565393873     
  0.41340734641016236        6.3450620145443910     
  0.41840734641016236        6.3646660241621182     
  0.42340734641016237        6.3880193376470515     
  0.42840734641016237        6.4148917356168509     
  0.43340734641016238        6.4450369118061319     
  0.43840734641016238        6.4781942133862582     
  0.44340734641016238        6.5140904270130831     
  0.44840734641016239        6.5524416006283026     
  0.45340734641016239        6.5929548909575555     
  0.45840734641016240        6.6353304266196922     
  0.46340734641016240        6.6792631767865203     
  0.46840734641016241        6.7244448154101253     
  0.47340734641016241        6.7705655711653101     
  0.47840734641016242        6.8173160534357571     
  0.48340734641016242        6.8643890449042431     
  0.48840734641016242        6.9114812515864621     
  0.49340734641016243        6.9582950014742906     
  0.49840734641016243        7.0045398833246919     
  0.50340734641016238        7.0499343175429185     
  0.50840734641016239        7.0942070515607485     
  0.51340734641016239        7.1370985725992782     
  0.51840734641016240        7.1783624312286749     
  0.52340734641016240        7.2177664696908712     
  0.52840734641016240        7.2550939495323981     
  0.53340734641016241        7.2901445737002515     
  0.53840734641016241        7.3227353988800008     
  0.54340734641016242        7.3527016344990823     
  0.54840734641016242        7.3798973254755449     
  0.55340734641016243        7.4041959164599715     
  0.55840734641016243        7.4254906959917779     
  0.56340734641016244        7.4436951196675407     
  0.56840734641016244        7.4587430120938611     
  0.57340734641016244        7.4705886480677659     
  0.57840734641016245        7.4792067140893046     
  0.58340734641016245        7.4845921519610599     
  0.58840734641016246        7.4867598868634060     
  0.59340734641016246        7.4857444429102031     
  0.59840734641016247        7.4815994497828076     
  0.60340734641016247        7.4743970446088364     
  0.60840734641016248        7.4642271737921053     
  0.61340734641016248        7.4511968000096509     
  0.61840734641016248        7.4354290200675557     
  0.62340734641016249        7.4170620997472518     
  0.62840734641016249        7.3962484321761828     
  0.63340734641016250        7.3731534266186127     
  0.63840734641016250        7.3479543349029370     
  0.64340734641016251        7.3208390229791460     
  0.64840734641016251        7.2920046953330342     
  0.65340734641016252        7.2616565801714925     
  0.65840734641016252        7.2300065834348954     
  0.66340734641016252        7.1972719197877773     
  0.66840734641016253        7.1636737287875940     
  0.67340734641016253        7.1294356844333970     
  0.67840734641016254        7.0947826062520178     
  0.68340734641016254        7.0599390799894524     
  0.68840734641016255        7.0251280958405076     
  0.69340734641016255        6.9905697119714052     
  0.69840734641016256        6.9564797508691587     
  0.70340734641016256        6.9230685357900148     
  0.70840734641016256        6.8905396742785223     
  0.71340734641016257        6.8590888953909452     
  0.71840734641016257        6.8289029468841029     
  0.72340734641016258        6.8001585582254469     
  0.72840734641016258        6.7730214748448354     
  0.73340734641016259        6.7476455685858623     
  0.73840734641016259        6.7241720288274323     
  0.74340734641016259        6.7027286382374438     
  0.74840734641016260        6.6834291365931255     
  0.75340734641016260        6.6663726755598365     
  0.75840734641016261        6.6516433667651373     
  0.76340734641016261        6.6393099249408909     
  0.76840734641016262        6.6294254073365888     
  0.77340734641016262        6.6220270500349008     
  0.77840734641016263        6.6171362012291919     
  0.78340734641016263        6.6147583509557331     
  0.78840734641016263        6.6148832562133535     
  0.79340734641016264        6.6174851598542377     
  0.79840734641016264        6.6225231010935577     
  0.80340734641016265        6.6299413149666426     
  0.80840734641016265        6.6396697175626000     
  0.81340734641016266        6.6516244733854748     
  0.81840734641016266        6.6657086407414763     
  0.82340734641016267        6.6818128906248502     
  0.82840734641016267        6.6998162941789081     
  0.83340734641016267        6.7195871734440287     
  0.83840734641016268        6.7409840097731806     
  0.84340734641016268        6.7638564039995623     
  0.84840734641016269        6.7880460821813733     
  0.85340734641016269        6.8133879405273579     
  0.85840734641016270        6.8397111229239593     
  0.86340734641016270        6.8668401243422119     
  0.86840734641016271        6.8945959132998569     
  0.87340734641016271        6.9227970664924054     
  0.87840734641016271        6.9512609086855166     
  0.88340734641016272        6.9798046509809062     
  0.88840734641016272        7.0082465206275701     
  0.89340734641016273        7.0364068756496829     
  0.89840734641016273        7.0641092977008952     
  0.90340734641016274        7.0911816567309440     
  0.90840734641016274        7.1174571412631993     
  0.91340734641016275        7.1427752483297482     
  0.91840734641016275        7.1669827273918640     
  0.92340734641016275        7.1899344728867280     
  0.92840734641016276        7.2114943603839095     
  0.93340734641016276        7.2315360217050770     
  0.93840734641016277        7.2499435547556192     
  0.94340734641016277        7.2666121642346768     
  0.94840734641016278        7.2814487298280817     
  0.95340734641016278        7.2943722989439532     
  0.95840734641016279        7.3053145015208312     
  0.96340734641016279        7.3142198849199351     
  0.96840734641016279        7.3210461674040941     
  0.97340734641016280        7.3257644092023977     
  0.97840734641016280        7.3283591006596849     
  0.98340734641016281        7.3288281674697462     
  0.98840734641016281        7.3271828934882350     
  0.99340734641016282        7.3234477621126119     
  0.99840734641016282        7.3176602176991521     
   1.0034073464101627        7.3098703489582917     
   1.0084073464101626        7.3001404967268773     
   1.0134073464101625        7.2885447889561945     
   1.0184073464101624        7.2751686061757947     
   1.0234073464101623        7.2601079810928004     
   1.0284073464101622        7.2434689363617268     
   1.0334073464101621        7.2253667649097180     
   1.0384073464101620        7.2059252575234618     
   1.0434073464101619        7.1852758826962582     
   1.0484073464101618        7.1635569239941290     
   1.0534073464101616        7.1409125804279654     
   1.0584073464101615        7.1174920355126581     
   1.0634073464101614        7.0934485008534143     
   1.0684073464101613        7.0689382402228942     
   1.0734073464101612        7.0441195801801904     
   1.0784073464101611        7.0191519133332072     
   1.0834073464101610        6.9941947003601230     
   1.0884073464101609        6.9694064768827628     
   1.0934073464101608        6.9449438712257736     
   1.0984073464101607        6.9209606390005280     
   1.1034073464101606        6.8976067203226590     
   1.1084073464101605        6.8750273253078662     
   1.1134073464101604        6.8533620532932691     
   1.1184073464101603        6.8327440510024733     
   1.1234073464101602        6.8132992146130213     
   1.1284073464101601        6.7951454403969063     
   1.1334073464101599        6.7783919282898264     
   1.1384073464101598        6.7631385424052786     
   1.1434073464101597        6.7494752321471569     
   1.1484073464101596        6.7374815171915454     
   1.1534073464101595        6.7272260392076175     
   1.1584073464101594        6.7187661827707252     
   1.1634073464101593        6.7121477674912766     
   1.1684073464101592        6.7074048129425625     
   1.1734073464101591        6.7045593775228367     
   1.1784073464101590        6.7036214719336984     
   1.1834073464101589        6.7045890475013046     
   1.1884073464101588        6.7074480591116235     
   1.1934073464101587        6.7121726020788817     
   1.1984073464101586        6.7187251218196300     
   1.2034073464101585        6.7270566947671480     
   1.2084073464101583        6.7371073785333149     
   1.2134073464101582        6.7488066289118187     
   1.2184073464101581        6.7620737809187093     
   1.2234073464101580        6.7768185906867195     
   1.2284073464101579        6.7929418346710015     
   1.2334073464101578        6.8103359622871862     
   1.2384073464101577        6.8288857977908419     
   1.2434073464101576        6.8484692869216950     
   1.2484073464101575        6.8689582835780669     
   1.2534073464101574        6.8902193715586613     
   1.2584073464101573        6.9121147162109935     
   1.2634073464101572        6.9345029406598480     
   1.2684073464101571        6.9572400211556724     
   1.2734073464101570        6.9801801959829479     
   1.2784073464101569        7.0031768823024336     
   1.2834073464101567        7.0260835952692409     
   1.2884073464101566        7.0487548637712862     
   1.2934073464101565        7.0710471371688302     
   1.2984073464101564        7.0928196774867676     
   1.3034073464101563        7.1139354316146939     
   1.3084073464101562        7.1342618782066731     
   1.3134073464101561        7.1536718441404634     
   1.3184073464101560        7.1720442855953666     
   1.3234073464101559        7.1892650290358233     
   1.3284073464101558        7.2052274676445389     
   1.3334073464101557        7.2198332090313180     
   1.3384073464101556        7.2329926703515488     
   1.3434073464101555        7.2446256172978654     
   1.3484073464101554        7.2546616437797100     
   1.3534073464101553        7.2630405894744117     
   1.3584073464101551        7.2697128928193102     
   1.3634073464101550        7.2746398774136605     
   1.3684073464101549        7.2777939702102623     
   1.3734073464101548        7.2791588502966000     
   1.3784073464101547        7.2787295274918717     
   1.3834073464101546        7.2765123504164686     
   1.3884073464101545        7.2725249441222939     
   1.3934073464101544        7.2667960778024181     
   1.3984073464101543        7.2593654635251657     
   1.4034073464101542        7.2502834873575308     
   1.4084073464101541        7.2396108746539287     
   1.4134073464101540        7.2274182916856242     
   1.4184073464101539        7.2137858861722375     
   1.4234073464101538        7.1988027696457886     
   1.4284073464101537        7.1825664449294697     
   1.4334073464101535        7.1651821823438322     
   1.4384073464101534        7.1467623485616096     
   1.4434073464101533        7.1274256923165815     
   1.4484073464101532        7.1072965914301385     
   1.4534073464101531        7.0865042658501078     
   1.4584073464101530        7.0651819615985545     
   1.4634073464101529        7.0434661106970902     
   1.4684073464101528        7.0214954722797938     
   1.4734073464101527        6.9994102602127510     
   1.4784073464101526        6.9773512626163905     
   1.4834073464101525        6.9554589587307500     
   1.4884073464101524        6.9338726385747780     
   1.4934073464101523        6.9127295308286190     
   1.4984073464101522        6.8921639443126912     
   1.5034073464101521        6.8723064283496154     
   1.5084073464101520        6.8532829571752787     
   1.5134073464101518        6.8352141434142109     
   1.5184073464101517        6.8182144854529385     
   1.5234073464101516        6.8023916533343423     
   1.5284073464101515        6.7878458175571721     
   1.5334073464101514        6.7746690248998069     
   1.5384073464101513        6.7629446250971812     
   1.5434073464101512        6.7527467518863755     
   1.5484073464101511        6.7441398616021377     
   1.5534073464101510        6.7371783321496430     
   1.5584073464101509        6.7319061248110881     
   1.5634073464101508        6.7283565109571706     
   1.5684073464101507        6.7265518653362326     
   1.5734073464101506        6.7265035272057840     
   1.5784073464101505        6.7282117301552278     
   1.5834073464101504        6.7316656010475988     
   1.5884073464101502        6.7368432280847905     
   1.5934073464101501        6.7437117975769576     
   1.5984073464101500        6.7522277985760297     
   1.6034073464101499        6.7623372941172040     
   1.6084073464101498        6.7739762574040867     
   1.6134073464101497        6.7870709708747388     
   1.6184073464101496        6.8015384857003056     
   1.6234073464101495        6.8172871388967460     
   1.6284073464101494        6.8342171248763410     
   1.6334073464101493        6.8522211179308661     
   1.6384073464101492        6.8711849418247120     
   1.6434073464101491        6.8909882823859565     
   1.6484073464101490        6.9115054387176409     
   1.6534073464101489        6.9326061084125792     
   1.6584073464101488        6.9541562019438405     
   1.6634073464101486        6.9760186812212535     
   1.6684073464101485        6.9980544171525496     
   1.6734073464101484        7.0201230609278005     
   1.6784073464101483        7.0420839236573469     
   1.6834073464101482        7.0637968589379661     
   1.6884073464101481        7.0851231428992119     
   1.6934073464101480        7.1059263462924687     
   1.6984073464101479        7.1260731932285486     
   1.7034073464101478        7.1454344012463151     
   1.7084073464101477        7.1638854975032125     
   1.7134073464101476        7.1813076060195602     
   1.7184073464101475        7.1975882010795784     
   1.7234073464101474        7.2126218220939391     
   1.7284073464101473        7.2263107454586946     
   1.7334073464101472        7.2385656092032660     
   1.7384073464101470        7.2493059865036527     
   1.7434073464101469        7.2584609044450135     
   1.7484073464101468        7.2659693047478262     
   1.7534073464101467        7.2717804435226165     
   1.7584073464101466        7.2758542274871374     
   1.7634073464101465        7.2781614844651799     
   1.7684073464101464        7.2786841663849211     
   1.7734073464101463        7.2774154834055542     
   1.7784073464101462        7.2743599682198621     
   1.7834073464101461        7.2695334700069170     
   1.7884073464101460        7.2629630779383874     
   1.7934073464101459        7.2546869745735068     
   1.7984073464101458        7.2447542199075103     
   1.8034073464101457        7.2332244672644199     
   1.8084073464101456        7.2201676126447918     
   1.8134073464101454        7.2056633795496570     
   1.8184073464101453        7.1898008417010519     
   1.8234073464101452        7.1726778864649932     
   1.8284073464101451        7.1544006221516581     
   1.8334073464101450        7.1350827327183408     
   1.8384073464101449        7.1148447837304385     
   1.8434073464101448        7.0938134837432001     
   1.8484073464101447        7.0721209055496015     
   1.8534073464101446        7.0499036719960007     
   1.8584073464101445        7.0273021112957759     
   1.8634073464101444        7.0044593869701055     
   1.8684073464101443        6.9815206077136018     
   1.8734073464101442        6.9586319226190545     
   1.8784073464101441        6.9359396072998063     
   1.8834073464101440        6.9135891465189090     
   1.8884073464101438        6.8917243189712289     
   1.8934073464101437        6.8704862898674444     
   1.8984073464101436        6.8500127169374236     
   1.9034073464101435        6.8304368754048879     
   1.9084073464101434        6.8118868073859158     
   1.9134073464101433        6.7944845010309622     
   1.9184073464101432        6.7783451045648873     
   1.9234073464101431        6.7635761801821346     
   1.9284073464101430        6.7502770025268903     
   1.9334073464101429        6.7385379062305395     
   1.9384073464101428        6.7284396866942542     
   1.9434073464101427        6.7200530579930247     
   1.9484073464101426        6.7134381714420712     
   1.9534073464101425        6.7086441980082308     
   1.9584073464101424        6.7057089773704650     
   1.9634073464101423        6.7046587360366861     
   1.9684073464101421        6.7055078765115237     
   1.9734073464101420        6.7082588390833147     
   1.9784073464101419        6.7129020373615660     
   1.9834073464101418        6.7194158682503922     
   1.9884073464101417        6.7277667965924586     
   1.9934073464101416        6.7379095142632552     
   1.9984073464101415        6.7497871730412395     
   2.0034073464101416        6.7633316901266998     
   2.0084073464101415        6.7784641247354243     
   2.0134073464101414        6.7950951237535238     
   2.0184073464101413        6.8131254340110479     
   2.0234073464101412        6.8324464783160979     
   2.0284073464101411        6.8529409919909430     
   2.0334073464101410        6.8744837162693031     
   2.0384073464101409        6.8969421445523800     
   2.0434073464101408        6.9201773171818912     
   2.0484073464101407        6.9440446600741339     
   2.0534073464101406        6.9683948622713165     
   2.0584073464101404        6.9930747872075303     
   2.0634073464101403        7.0179284122576764     
   2.0684073464101402        7.0427977909407611     
   2.0734073464101401        7.0675240319846750     
   2.0784073464101400        7.0919482893298031     
   2.0834073464101399        7.1159127570537484     
   2.0884073464101398        7.1392616631404309     
   2.0934073464101397        7.1618422559939878     
   2.0984073464101396        7.1835057776114990     
   2.1034073464101395        7.2041084173790830     
   2.1084073464101394        7.2235122405426759     
   2.1134073464101393        7.2415860855278895     
   2.1184073464101392        7.2582064244419620     
   2.1234073464101391        7.2732581812842012     
   2.1284073464101390        7.2866355026185516     
   2.1334073464101388        7.2982424757218656     
   2.1384073464101387        7.3079937895123006     
   2.1434073464101386        7.3158153338832426     
   2.1484073464101385        7.3216447334165720     
   2.1534073464101384        7.3254318118236350     
   2.1584073464101383        7.3271389838607446     
   2.1634073464101382        7.3267415718859610     
   2.1684073464101381        7.3242280446630037     
   2.1734073464101380        7.3196001764742977     
   2.1784073464101379        7.3128731250748169     
   2.1834073464101378        7.3040754275000310     
   2.1884073464101377        7.2932489132310616     
   2.1934073464101376        7.2804485347158989     
   2.1984073464101375        7.2657421157439970     
   2.2034073464101374        7.2492100186700972     
   2.2084073464101373        7.2309447319782505     
   2.2134073464101371        7.2110503801667116     
   2.2184073464101370        7.1896421584144852     
   2.2234073464101369        7.1668456949592620     
   2.2284073464101368        7.1427963445702858     
   2.2334073464101367        7.1176384169365141     
   2.2384073464101366        7.0915243442068956     
   2.2434073464101365        7.0646137923136747     
   2.2484073464101364        7.0370727210784061     
   2.2534073464101363        7.0090723984420613     
   2.2584073464101362        6.9807883744724499     
   2.2634073464101361        6.9523994210826574     
   2.2684073464101360        6.9240864436412117     
   2.2734073464101359        6.8960313708668517     
   2.2784073464101358        6.8684160295760899     
   2.2834073464101357        6.8414210109897082     
   2.2884073464101355        6.8152245354034315     
   2.2934073464101354        6.7900013220873081     
   2.2984073464101353        6.7659214712978093     
   2.3034073464101352        6.7431493652653813     
   2.3084073464101351        6.7218425949582432     
   2.3134073464101350        6.7021509193209594     
   2.3184073464101349        6.6842152635435701     
   2.3234073464101348        6.6681667627348409     
   2.3284073464101347        6.6541258571522501     
   2.3334073464101346        6.6422014448823861     
   2.3384073464101345        6.6324900975701730     
   2.3434073464101344        6.6250753444649417     
   2.3484073464101343        6.6200270296877193     
   2.3534073464101342        6.6174007472289595     
   2.3584073464101341        6.6172373577614652     
   2.3634073464101339        6.6195625909015678     
   2.3684073464101338        6.6243867360756816     
   2.3734073464101337        6.6317044246507280     
   2.3784073464101336        6.6414945054695398     
   2.3834073464101335        6.6537200153982692     
   2.3884073464101334        6.6683282459451370     
   2.3934073464101333        6.6852509064520227     
   2.3984073464101332        6.7044043837950387     
   2.4034073464101331        6.7256900979608938     
   2.4084073464101330        6.7489949522958490     
   2.4134073464101329        6.7741918766561122     
   2.4184073464101328        6.8011404611267912     
   2.4234073464101327        6.8296876774233803     
   2.4284073464101326        6.8596686845491570     
   2.4334073464101325        6.8909077147564393     
   2.4384073464101323        6.9232190353528971     
   2.4434073464101322        6.9564079814089501     
   2.4484073464101321        6.9902720539615242     
   2.4534073464101320        7.0246020778759908     
   2.4584073464101319        7.0591834131247966     
   2.4634073464101318        7.0937972128701059     
   2.4684073464101317        7.1282217214020100     
   2.4734073464101316        7.1622336046843120     
   2.4784073464101315        7.1956093060001800     
   2.4834073464101314        7.2281264189701959     
   2.4884073464101313        7.2595650700384793     
   2.4934073464101312        7.2897093023888146     
   2.4984073464101311        7.3183484531640026     
   2.5034073464101310        7.3452785158181850     
   2.5084073464101309        7.3703034794347424     
   2.5134073464101307        7.3932366368914497     
   2.5184073464101306        7.4139018538500769     
   2.5234073464101305        7.4321347906899371     
   2.5284073464101304        7.4477840696922293     
   2.5334073464101303        7.4607123800151527     
   2.5384073464101302        7.4707975132769260     
   2.5434073464101301        7.4779333228836826     
   2.5484073464101300        7.4820306006008463     
   2.5534073464101299        7.4830178642678495     
   2.5584073464101298        7.4808420509951334     
   2.5634073464101297        7.4754691106572526     
   2.5684073464101296        7.4668844950038373     
   2.5734073464101295        7.4550935382490415     
   2.5784073464101294        7.4401217255669261     
   2.5834073464101293        7.4220148465118516     
   2.5884073464101292        7.4008390309967309     
   2.5934073464101290        7.3766806660944635     
   2.5984073464101289        7.3496461925754328     
   2.6034073464101288        7.3198617807537989     
   2.6084073464101287        7.2874728858830915     
   2.6134073464101286        7.2526436840143189     
   2.6184073464101285        7.2155563899035862     
   2.6234073464101284        7.1764104592271929     
   2.6284073464101283        7.1354216780269333     
   2.6334073464101282        7.0928211429629338     
   2.6384073464101281        7.0488541365924329     
   2.6434073464101280        7.0037789025163724     
   2.6484073464101279        6.9578653258386245     
   2.6534073464101278        6.9113935249611140     
   2.6584073464101277        6.8646523612889352     
   2.6634073464101276        6.8179378739397105     
   2.6684073464101274        6.7715516470374908     
   2.6734073464101273        6.7257991176210004     
   2.6784073464101272        6.6809878326059247     
   2.6834073464101271        6.6374256636088935     
   2.6884073464101270        6.5954189887644583     
   2.6934073464101269        6.5552708509438098     
   2.6984073464101268        6.5172791020129468     
   2.7034073464101267        6.4817345429477156     
   2.7084073464101266        6.4489190697511640     
   2.7134073464101265        6.4191038351951084     
   2.7184073464101264        6.3925474364310633     
   2.7234073464101263        6.3694941384854689     
   2.7284073464101262        6.3501721435707941     
   2.7334073464101261        6.3347919160064521     
   2.7384073464101260        6.3235445723533603     
   2.7434073464101258        6.3166003461230220     
   2.7484073464101257        6.3141071361273600     
   2.7534073464101256        6.3161891471908040     
   2.7584073464101255        6.3229456315523702     
   2.7634073464101254        6.3344497388444205     
   2.7684073464101253        6.3507474820491980     
   2.7734073464101252        6.3718568263051347     
   2.7784073464101251        6.3977669068659910     
   2.7834073464101250        6.4284373819093767     
   2.7884073464101249        6.4637979252498177     
   2.7934073464101248        6.5037478633390808     
   2.7984073464101247        6.5481559602356008     
   2.8034073464101246        6.5968603534995429     
   2.8084073464101245        6.6496686432239711     
   2.8134073464101244        6.7063581356489834     
   2.8184073464101242        6.7666762420291509     
   2.8234073464101241        6.8303410326386791     
   2.8284073464101240        6.8970419450076452     
   2.8334073464101239        6.9664406446904472     
   2.8384073464101238        7.0381720360782287     
   2.8434073464101237        7.1118454199852437     
   2.8484073464101236        7.1870457939681849     
   2.8534073464101235        7.2633352905820106     
   2.8584073464101234        7.3402547480396620     
   2.8634073464101233        7.4173254070302646     
   2.8684073464101232        7.4940507267645335     
   2.8734073464101231        7.5699183126611009     
   2.8784073464101230        7.6444019474667231     
   2.8834073464101229        7.7169637170204917     
   2.8884073464101228        7.7870562213299328     
   2.8934073464101226        7.8541248611288550     
   2.8984073464101225        7.9176101896353259     
   2.9034073464101224        7.9769503188258506     
   2.9084073464101223        8.0315833691914520     
   2.9134073464101222        8.0809499516441310     
   2.9184073464101221        8.1244956700005098     
   2.9234073464101220        8.1616736322849661     
   2.9284073464101219        8.1919469589675895     
   2.9334073464101218        8.2147912761848492     
   2.9384073464101217        8.2296971819825728     
   2.9434073464101216        8.2361726736727032     
   2.9484073464101215        8.2337455245070608     
   2.9534073464101214        8.2219655980423187     
   2.9584073464101213        8.2004070888006755     
   2.9634073464101212        8.1686706781188398     
   2.9684073464101211        8.1263855944225583     
   2.9734073464101209        8.0732115675641936     
   2.9784073464101208        8.0088406673139971     
   2.9834073464101207        7.9329990166004158     
   2.9884073464101206        7.8454483706484277     
   2.9934073464101205        7.7459875537642366     
   2.9984073464101204        7.6344537461580595     
   3.0034073464101203        7.5107236138798115     
   3.0084073464101202        7.3747142756627060     
   3.0134073464101201        7.2263841012232977     
   3.0184073464101200        7.0657333363496875     
   3.0234073464101199        6.8928045509184663     
   3.0284073464101198        6.7076829068118506     
   3.0334073464101197        6.5104962435546199     
   3.0384073464101196        6.3014149803523249     
   3.0434073464101195        6.0806518340830324     
   3.0484073464101193        5.8484613536704453     
   3.0534073464101192        5.6051392721421012     
   3.0584073464101191        5.3510216785481628     
   3.0634073464101190        5.0864840127796178     
   3.0684073464101189        4.8119398871753489     
   3.0734073464101188        4.5278397396406573     
   3.0784073464101187        4.2346693238121285     
   3.0834073464101186        3.9329480425900440     
   3.0884073464101185        3.6232271321169240     
   3.0934073464101184        3.3060877040044234     
   3.0984073464101183        2.9821386542977035     
   3.1034073464101182        2.6520144483129253     
   3.1084073464101181        2.3163727910860974     
   3.1134073464101180        1.9758921937272849     
   3.1184073464101179        1.6312694464805746     
   3.1234073464101177        1.2832170097439795     
   3.1284073464101176       0.93246033470307277     
   3.1334073464101175       0.57973512557492624     
   3.1384073464101174       0.22578455574340206     
