  -3.1415926535897931       -2.0630497468314087E-015
  -3.1365926535897932       -8.9098142082779511E-002
  -3.1315926535897933      -0.17818514904732491     
  -3.1265926535897934      -0.26724988805801170     
  -3.1215926535897935      -0.35628123084389507     
  -3.1165926535897936      -0.44526805597977270     
  -3.1115926535897938      -0.53419925116574241     
  -3.1065926535897939      -0.62306371550472928     
  -3.1015926535897940      -0.71185036177745398     
  -3.0965926535897941      -0.80054811871435738     
  -3.0915926535897942      -0.88914593326399538     
  -3.0865926535897943      -0.97763277285738071     
  -3.0815926535897944       -1.0659976276677436     
  -3.0765926535897945       -1.1542295128652340     
  -3.0715926535897946       -1.2423174708660782     
  -3.0665926535897947       -1.3302505735756744     
  -3.0615926535897948       -1.4180179246251046     
  -3.0565926535897949       -1.5056086616005842     
  -3.0515926535897950       -1.5930119582653797     
  -3.0465926535897951       -1.6802170267736718     
  -3.0415926535897952       -1.7672131198758565     
  -3.0365926535897954       -1.8539895331148128     
  -3.0315926535897955       -1.9405356070126667     
  -3.0265926535897956       -2.0268407292475485     
  -3.0215926535897957       -2.1128943368198327     
  -3.0165926535897958       -2.1986859182074072     
  -3.0115926535897959       -2.2842050155095066     
  -3.0065926535897960       -2.3694412265786129     
  -3.0015926535897961       -2.4543842071399311     
  -2.9965926535897962       -2.5390236728979882     
  -2.9915926535897963       -2.6233494016299113     
  -2.9865926535897964       -2.7073512352648841     
  -2.9815926535897965       -2.7910190819493232     
  -2.9765926535897966       -2.8743429180973128     
  -2.9715926535897967       -2.9573127904258767     
  -2.9665926535897968       -3.0399188179746046     
  -2.9615926535897970       -3.1221511941091755     
  -2.9565926535897971       -3.2040001885083402     
  -2.9515926535897972       -3.2854561491339540     
  -2.9465926535897973       -3.3665095041835862     
  -2.9415926535897974       -3.4471507640252712     
  -2.9365926535897975       -3.5273705231139765     
  -2.9315926535897976       -3.6071594618893896     
  -2.9265926535897977       -3.6865083486545758     
  -2.9215926535897978       -3.7654080414350766     
  -2.9165926535897979       -3.8438494898180595     
  -2.9115926535897980       -3.9218237367711097     
  -2.9065926535897981       -3.9993219204402664     
  -2.9015926535897982       -4.0763352759268674     
  -2.8965926535897983       -4.1528551370428364     
  -2.8915926535897984       -4.2288729380440397     
  -2.8865926535897986       -4.3043802153413022     
  -2.8815926535897987       -4.3793686091886928     
  -2.8765926535897988       -4.4538298653487267     
  -2.8715926535897989       -4.5277558367341246     
  -2.8665926535897990       -4.6011384850257384     
  -2.8615926535897991       -4.6739698822663005     
  -2.8565926535897992       -4.7462422124296193     
  -2.8515926535897993       -4.8179477729649225     
  -2.8465926535897994       -4.8890789763159672     
  -2.8415926535897995       -4.9596283514145805     
  -2.8365926535897996       -5.0295885451483064     
  -2.8315926535897997       -5.0989523238018553     
  -2.8265926535897998       -5.1677125744720094     
  -2.8215926535897999       -5.2358623064556760     
  -2.8165926535898000       -5.3033946526107831     
  -2.8115926535898002       -5.3703028706897307     
  -2.8065926535898003       -5.4365803446450913     
  -2.8015926535898004       -5.5022205859072599     
  -2.7965926535898005       -5.5672172346337838     
  -2.7915926535898006       -5.6315640609301063     
  -2.7865926535898007       -5.6952549660414444     
  -2.7815926535898008       -5.7582839835155228     
  -2.7765926535898009       -5.8206452803359277     
  -2.7715926535898010       -5.8823331580258298     
  -2.7665926535898011       -5.9433420537218336     
  -2.7615926535898012       -6.0036665412176973     
  -2.7565926535898013       -6.0633013319777138     
  -2.7515926535898014       -6.1222412761195262     
  -2.7465926535898015       -6.1804813633661642     
  -2.7415926535898016       -6.2380167239670818     
  -2.7365926535898017       -6.2948426295879907     
  -2.7315926535898019       -6.3509544941693257     
  -2.7265926535898020       -6.4063478747531217     
  -2.7215926535898021       -6.4610184722781270     
  -2.7165926535898022       -6.5149621323429896     
  -2.7115926535898023       -6.5681748459373415     
  -2.7065926535898024       -6.6206527501406356     
  -2.7015926535898025       -6.6723921287885579     
  -2.6965926535898026       -6.7233894131068848     
  -2.6915926535898027       -6.7736411823126641     
  -2.6865926535898028       -6.8231441641825494     
  -2.6815926535898029       -6.8718952355882088     
  -2.6765926535898030       -6.9198914229986581     
  -2.6715926535898031       -6.9671299029494316     
  -2.6665926535898032       -7.0136080024784819     
  -2.6615926535898033       -7.0593231995287162     
  -2.6565926535898035       -7.1042731233170766     
  -2.6515926535898036       -7.1484555546701092     
  -2.6465926535898037       -7.1918684263259252     
  -2.6415926535898038       -7.2345098232024938     
  -2.6365926535898039       -7.2763779826322423     
  -2.6315926535898040       -7.3174712945628686     
  -2.6265926535898041       -7.3577883017243630     
  -2.6215926535898042       -7.3973276997621920     
  -2.6165926535898043       -7.4360883373366136     
  -2.6115926535898044       -7.4740692161881217     
  -2.6065926535898045       -7.5112694911689974     
  -2.6015926535898046       -7.5476884702409670     
  -2.5965926535898047       -7.5833256144389773     
  -2.5915926535898048       -7.6181805378010932     
  -2.5865926535898049       -7.6522530072645498     
  -2.5815926535898051       -7.6855429425279755     
  -2.5765926535898052       -7.7180504158798184     
  -2.5715926535898053       -7.7497756519930512     
  -2.5665926535898054       -7.7807190276861462     
  -2.5615926535898055       -7.8108810716504555     
  -2.5565926535898056       -7.8402624641439793     
  -2.5515926535898057       -7.8688640366516731     
  -2.5465926535898058       -7.8966867715123179     
  -2.5415926535898059       -7.9237318015120719     
  -2.5365926535898060       -7.9500004094447920     
  -2.5315926535898061       -7.9754940276392219     
  -2.5265926535898062       -8.0002142374531751     
  -2.5215926535898063       -8.0241627687348096     
  -2.5165926535898064       -8.0473414992511323     
  -2.5115926535898065       -8.0697524540838774     
  -2.5065926535898067       -8.0913978049928659     
  -2.5015926535898068       -8.1122798697470309     
  -2.4965926535898069       -8.1324011114232384     
  -2.4915926535898070       -8.1517641376730836     
  -2.4865926535898071       -8.1703716999578067     
  -2.4815926535898072       -8.1882266927515452     
  -2.4765926535898073       -8.2053321527130620     
  -2.4715926535898074       -8.2216912578261745     
  -2.4665926535898075       -8.2373073265090575     
  -2.4615926535898076       -8.2521838166926464     
  -2.4565926535898077       -8.2663243248683322     
  -2.4515926535898078       -8.2797325851051884     
  -2.4465926535898079       -8.2924124680369324     
  -2.4415926535898080       -8.3043679798188705     
  -2.4365926535898081       -8.3156032610550579     
  -2.4315926535898083       -8.3261225856959236     
  -2.4265926535898084       -8.3359303599066106     
  -2.4215926535898085       -8.3450311209062846     
  -2.4165926535898086       -8.3534295357786839     
  -2.4115926535898087       -8.3611304002541829     
  -2.4065926535898088       -8.3681386374636553     
  -2.4015926535898089       -8.3744592966643783     
  -2.3965926535898090       -8.3800975519383361     
  -2.3915926535898091       -8.3850587008631727     
  -2.3865926535898092       -8.3893481631560949     
  -2.3815926535898093       -8.3929714792910808     
  -2.3765926535898094       -8.3959343090896468     
  -2.3715926535898095       -8.3982424302855350     
  -2.3665926535898096       -8.3999017370636544     
  -2.3615926535898097       -8.4009182385735635     
  -2.3565926535898098       -8.4012980574178808     
  -2.3515926535898100       -8.4010474281159464     
  -2.3465926535898101       -8.4001726955430822     
  -2.3415926535898102       -8.3986803133458032     
  -2.3365926535898103       -8.3965768423333582     
  -2.3315926535898104       -8.3938689488459506     
  -2.3265926535898105       -8.3905634031000087     
  -2.3215926535898106       -8.3866670775108965     
  -2.3165926535898107       -8.3821869449934248     
  -2.3115926535898108       -8.3771300772405670     
  -2.3065926535898109       -8.3715036429807661     
  -2.3015926535898110       -8.3653149062142322     
  -2.2965926535898111       -8.3585712244286068     
  -2.2915926535898112       -8.3512800467944306     
  -2.2865926535898113       -8.3434489123408238     
  -2.2815926535898114       -8.3350854481117587     
  -2.2765926535898116       -8.3261973673033793     
  -2.2715926535898117       -8.3167924673827738     
  -2.2665926535898118       -8.3068786281886347     
  -2.2615926535898119       -8.2964638100142256     
  -2.2565926535898120       -8.2855560516731011     
  -2.2515926535898121       -8.2741634685480143     
  -2.2465926535898122       -8.2622942506234640     
  -2.2415926535898123       -8.2499566605022849     
  -2.2365926535898124       -8.2371590314068275     
  -2.2315926535898125       -8.2239097651650361     
  -2.2265926535898126       -8.2102173301820418     
  -2.2215926535898127       -8.1960902593975948     
  -2.2165926535898128       -8.1815371482298822     
  -2.2115926535898129       -8.1665666525061713     
  -2.2065926535898130       -8.1511874863807279     
  -2.2015926535898132       -8.1354084202405321     
  -2.1965926535898133       -8.1192382785991999     
  -2.1915926535898134       -8.1026859379796505     
  -2.1865926535898135       -8.0857603247859497     
  -2.1815926535898136       -8.0684704131648530     
  -2.1765926535898137       -8.0508252228574957     
  -2.1715926535898138       -8.0328338170417375     
  -2.1665926535898139       -8.0145053001656574     
  -2.1615926535898140       -7.9958488157726615     
  -2.1565926535898141       -7.9768735443187238     
  -2.1515926535898142       -7.9575887009822432     
  -2.1465926535898143       -7.9380035334670085     
  -2.1415926535898144       -7.9181273197987716     
  -2.1365926535898145       -7.8979693661159445     
  -2.1315926535898146       -7.8775390044548779     
  -2.1265926535898148       -7.8568455905302788     
  -2.1215926535898149       -7.8358985015112221     
  -2.1165926535898150       -7.8147071337932807     
  -2.1115926535898151       -7.7932809007672841     
  -2.1065926535898152       -7.7716292305851962     
  -2.1015926535898153       -7.7497615639236193     
  -2.0965926535898154       -7.7276873517454385     
  -2.0915926535898155       -7.7054160530601177     
  -2.0865926535898156       -7.6829571326831330     
  -2.0815926535898157       -7.6603200589950671     
  -2.0765926535898158       -7.6375143017008709     
  -2.0715926535898159       -7.6145493295897886     
  -2.0665926535898160       -7.5914346082964768     
  -2.0615926535898161       -7.5681795980637760     
  -2.0565926535898162       -7.5447937515077150     
  -2.0515926535898164       -7.5212865113851679     
  -2.0465926535898165       -7.4976673083647434     
  -2.0415926535898166       -7.4739455588013586     
  -2.0365926535898167       -7.4501306625150381     
  -2.0315926535898168       -7.4262320005744069     
  -2.0265926535898169       -7.4022589330853998     
  -2.0215926535898170       -7.3782207969856923     
  -2.0165926535898171       -7.3541269038453327     
  -2.0115926535898172       -7.3299865376740696     
  -2.0065926535898173       -7.3058089527359131     
  -2.0015926535898174       -7.2816033713713706     
  -1.9965926535898175       -7.2573789818278733     
  -1.9915926535898176       -7.2331449360988920     
  -1.9865926535898177       -7.2089103477722247     
  -1.9815926535898178       -7.1846842898879109     
  -1.9765926535898179       -7.1604757928063387     
  -1.9715926535898181       -7.1362938420869142     
  -1.9665926535898182       -7.1121473763778731     
  -1.9615926535898183       -7.0880452853176603     
  -1.9565926535898184       -7.0639964074483439     
  -1.9515926535898185       -7.0400095281415833     
  -1.9465926535898186       -7.0160933775375707     
  -1.9415926535898187       -6.9922566284974250     
  -1.9365926535898188       -6.9685078945695373     
  -1.9315926535898189       -6.9448557279702596     
  -1.9265926535898190       -6.9213086175794558     
  -1.9215926535898191       -6.8978749869513418     
  -1.9165926535898192       -6.8745631923410517     
  -1.9115926535898193       -6.8513815207474043     
  -1.9065926535898194       -6.8283381879722889     
  -1.9015926535898195       -6.8054413366971289     
  -1.8965926535898197       -6.7826990345768277     
  -1.8915926535898198       -6.7601192723516643     
  -1.8865926535898199       -6.7377099619775445     
  -1.8815926535898200       -6.7154789347750219     
  -1.8765926535898201       -6.6934339395975417     
  -1.8715926535898202       -6.6715826410192678     
  -1.8665926535898203       -6.6499326175429569     
  -1.8615926535898204       -6.6284913598282493     
  -1.8565926535898205       -6.6072662689407977     
  -1.8515926535898206       -6.5862646546225987     
  -1.8465926535898207       -6.5654937335839580     
  -1.8415926535898208       -6.5449606278174643     
  -1.8365926535898209       -6.5246723629343055     
  -1.8315926535898210       -6.5046358665233841     
  -1.8265926535898211       -6.4848579665335411     
  -1.8215926535898213       -6.4653453896792747     
  -1.8165926535898214       -6.4461047598703072     
  -1.8115926535898215       -6.4271425966653695     
  -1.8065926535898216       -6.4084653137505461     
  -1.8015926535898217       -6.3900792174425067     
  -1.7965926535898218       -6.3719905052169867     
  -1.7915926535898219       -6.3542052642628422     
  -1.7865926535898220       -6.3367294700619921     
  -1.7815926535898221       -6.3195689849955947     
  -1.7765926535898222       -6.3027295569767396     
  -1.7715926535898223       -6.2862168181100069     
  -1.7665926535898224       -6.2700362833781451     
  -1.7615926535898225       -6.2541933493562079     
  -1.7565926535898226       -6.2386932929534265     
  -1.7515926535898227       -6.2235412701830803     
  -1.7465926535898229       -6.2087423149606806     
  -1.7415926535898230       -6.1943013379307210     
  -1.7365926535898231       -6.1802231253222395     
  -1.7315926535898232       -6.1665123378334830     
  -1.7265926535898233       -6.1531735095459297     
  -1.7215926535898234       -6.1402110468678597     
  -1.7165926535898235       -6.1276292275077893     
  -1.7115926535898236       -6.1154321994779348     
  -1.7065926535898237       -6.1036239801279875     
  -1.7015926535898238       -6.0922084552093416     
  -1.6965926535898239       -6.0811893779701034     
  -1.6915926535898240       -6.0705703682809418     
  -1.6865926535898241       -6.0603549117921123     
  -1.6815926535898242       -6.0505463591217516     
  -1.6765926535898243       -6.0411479250756663     
  -1.6715926535898245       -6.0321626878988059     
  -1.6665926535898246       -6.0235935885585210     
  -1.6615926535898247       -6.0154434300598778     
  -1.6565926535898248       -6.0077148767930693     
  -1.6515926535898249       -6.0004104539131466     
  -1.6465926535898250       -5.9935325467521920     
  -1.6415926535898251       -5.9870834002640541     
  -1.6365926535898252       -5.9810651185017587     
  -1.6315926535898253       -5.9754796641277768     
  -1.6265926535898254       -5.9703288579571741     
  -1.6215926535898255       -5.9656143785338003     
  -1.6165926535898256       -5.9613377617396228     
  -1.6115926535898257       -5.9575004004372287     
  -1.6065926535898258       -5.9541035441456556     
  -1.6015926535898259       -5.9511482987495725     
  -1.5965926535898260       -5.9486356262418791     
  -1.5915926535898262       -5.9465663444998214     
  -1.5865926535898263       -5.9449411270946122     
  -1.5815926535898264       -5.9437605031346727     
  -1.5765926535898265       -5.9430248571424489     
  -1.5715926535898266       -5.9427344289649042     
  -1.5665926535898267       -5.9428893137176670     
  -1.5615926535898268       -5.9434894617628498     
  -1.5565926535898269       -5.9445346787205757     
  -1.5515926535898270       -5.9460246255141369     
  -1.5465926535898271       -5.9479588184488863     
  -1.5415926535898272       -5.9503366293247257     
  -1.5365926535898273       -5.9531572855822557     
  -1.5315926535898274       -5.9564198704824989     
  -1.5265926535898275       -5.9601233233201949     
  -1.5215926535898276       -5.9642664396705909     
  -1.5165926535898278       -5.9688478716696665     
  -1.5115926535898279       -5.9738661283277814     
  -1.5065926535898280       -5.9793195758766000     
  -1.5015926535898281       -5.9852064381492855     
  -1.4965926535898282       -5.9915247969938088     
  -1.4915926535898283       -5.9982725927193590     
  -1.4865926535898284       -6.0054476245756749     
  -1.4815926535898285       -6.0130475512652382     
  -1.4765926535898286       -6.0210698914882048     
  -1.4715926535898287       -6.0295120245199385     
  -1.4665926535898288       -6.0383711908210316     
  -1.4615926535898289       -6.0476444926796580     
  -1.4565926535898290       -6.0573288948861252     
  -1.4515926535898291       -6.0674212254394835     
  -1.4465926535898292       -6.0779181762860048     
  -1.4415926535898294       -6.0888163040893799     
  -1.4365926535898295       -6.1001120310324772     
  -1.4315926535898296       -6.1118016456504396     
  -1.4265926535898297       -6.1238813036949802     
  -1.4215926535898298       -6.1363470290296398     
  -1.4165926535898299       -6.1491947145558274     
  -1.4115926535898300       -6.1624201231694435     
  -1.4065926535898301       -6.1760188887478211     
  -1.4015926535898302       -6.1899865171668402     
  -1.3965926535898303       -6.2043183873479126     
  -1.3915926535898304       -6.2190097523346290     
  -1.3865926535898305       -6.2340557403988495     
  -1.3815926535898306       -6.2494513561759382     
  -1.3765926535898307       -6.2651914818289249     
  -1.3715926535898308       -6.2812708782413260     
  -1.3665926535898310       -6.2976841862383299     
  -1.3615926535898311       -6.3144259278360924     
  -1.3565926535898312       -6.3314905075188683     
  -1.3515926535898313       -6.3488722135436593     
  -1.3465926535898314       -6.3665652192721254     
  -1.3415926535898315       -6.3845635845294062     
  -1.3365926535898316       -6.4028612569896026     
  -1.3315926535898317       -6.4214520735875666     
  -1.3265926535898318       -6.4403297619566882     
  -1.3215926535898319       -6.4594879418923696     
  -1.3165926535898320       -6.4789201268408236     
  -1.3115926535898321       -6.4986197254129179     
  -1.3065926535898322       -6.5185800429226459     
  -1.3015926535898323       -6.5387942829499428     
  -1.2965926535898324       -6.5592555489274620     
  -1.2915926535898326       -6.5799568457509627     
  -1.2865926535898327       -6.6008910814129278     
  -1.2815926535898328       -6.6220510686590792     
  -1.2765926535898329       -6.6434295266673793     
  -1.2715926535898330       -6.6650190827491551     
  -1.2665926535898331       -6.6868122740719649     
  -1.2615926535898332       -6.7088015494038178     
  -1.2565926535898333       -6.7309792708783256     
  -1.2515926535898334       -6.7533377157804448     
  -1.2465926535898335       -6.7758690783523337     
  -1.2415926535898336       -6.7985654716189821     
  -1.2365926535898337       -6.8214189292331620     
  -1.2315926535898338       -6.8444214073392793     
  -1.2265926535898339       -6.8675647864557510     
  -1.2215926535898340       -6.8908408733754207     
  -1.2165926535898341       -6.9142414030836132     
  -1.2115926535898343       -6.9377580406934332     
  -1.2065926535898344       -6.9613823833977815     
  -1.2015926535898345       -6.9851059624377196     
  -1.1965926535898346       -7.0089202450867294     
  -1.1915926535898347       -7.0328166366503879     
  -1.1865926535898348       -7.0567864824810282     
  -1.1815926535898349       -7.0808210700069303     
  -1.1765926535898350       -7.1049116307755824     
  -1.1715926535898351       -7.1290493425105286     
  -1.1665926535898352       -7.1532253311813925     
  -1.1615926535898353       -7.1774306730865449     
  -1.1565926535898354       -7.2016563969479792     
  -1.1515926535898355       -7.2258934860179300     
  -1.1465926535898356       -7.2501328801967251     
  -1.1415926535898357       -7.2743654781614264     
  -1.1365926535898359       -7.2985821395047612     
  -1.1315926535898360       -7.3227736868838473     
  -1.1265926535898361       -7.3469309081782761     
  -1.1215926535898362       -7.3710445586569833     
  -1.1165926535898363       -7.3951053631535189     
  -1.1115926535898364       -7.4191040182491186     
  -1.1065926535898365       -7.4430311944631828     
  -1.1015926535898366       -7.4668775384505857     
  -1.0965926535898367       -7.4906336752053742     
  -1.0915926535898368       -7.5142902102703193     
  -1.0865926535898369       -7.5378377319518579     
  -1.0815926535898370       -7.5612668135398904     
  -1.0765926535898371       -7.5845680155319455     
  -1.0715926535898372       -7.6077318878612150     
  -1.0665926535898373       -7.6307489721279493     
  -1.0615926535898375       -7.6536098038337066     
  -1.0565926535898376       -7.6763049146179467     
  -1.0515926535898377       -7.6988248344964862     
  -1.0465926535898378       -7.7211600941012701     
  -1.0415926535898379       -7.7433012269209973     
  -1.0365926535898380       -7.7652387715420481     
  -1.0315926535898381       -7.7869632738892527     
  -1.0265926535898382       -7.8084652894659508     
  -1.0215926535898383       -7.8297353855928709     
  -1.0165926535898384       -7.8507641436452893     
  -1.0115926535898385       -7.8715421612880032     
  -1.0065926535898386       -7.8920600547075690     
  -1.0015926535898387       -7.9123084608413237     
 -0.99659265358983873       -7.9322780396027053     
 -0.99159265358983872       -7.9519594761023065     
 -0.98659265358983872       -7.9713434828642278     
 -0.98159265358983872       -7.9904208020371943     
 -0.97659265358983871       -8.0091822075999222     
 -0.97159265358983871       -8.0276185075602751     
 -0.96659265358983870       -8.0457205461476811     
 -0.96159265358983870       -8.0634792059983162     
 -0.95659265358983869       -8.0808854103325771     
 -0.95159265358983869       -8.0979301251243410     
 -0.94659265358983868       -8.1146043612615131     
 -0.94159265358983868       -8.1308991766973762     
 -0.93659265358983868       -8.1468056785922727     
 -0.93159265358983867       -8.1623150254451051     
 -0.92659265358983867       -8.1774184292141996     
 -0.92159265358983866       -8.1921071574270172     
 -0.91659265358983866       -8.2063725352782892     
 -0.91159265358983865       -8.2202059477160407     
 -0.90659265358983865       -8.2335988415150663     
 -0.90159265358983864       -8.2465427273373884     
 -0.89659265358983864       -8.2590291817792139     
 -0.89159265358983864       -8.2710498494039228     
 -0.88659265358983863       -8.2825964447606690     
 -0.88159265358983863       -8.2936607543880694     
 -0.87659265358983862       -8.3042346388025869     
 -0.87159265358983862       -8.3143100344711307     
 -0.86659265358983861       -8.3238789557674089     
 -0.86159265358983861       -8.3329334969116413     
 -0.85659265358983860       -8.3414658338931229     
 -0.85159265358983860       -8.3494682263752704     
 -0.84659265358983860       -8.3569330195826730     
 -0.84159265358983859       -8.3638526461697271     
 -0.83659265358983859       -8.3702196280704708     
 -0.83159265358983858       -8.3760265783291139     
 -0.82659265358983858       -8.3812662029109521     
 -0.82159265358983857       -8.3859313024931694     
 -0.81659265358983857       -8.3900147742351585     
 -0.81159265358983856       -8.3935096135279643     
 -0.80659265358983856       -8.3964089157224358     
 -0.80159265358983856       -8.3987058778356953     
 -0.79659265358983855       -8.4003938002355447     
 -0.79159265358983855       -8.4014660883024277     
 -0.78659265358983854       -8.4019162540685599     
 -0.78159265358983854       -8.4017379178338594     
 -0.77659265358983853       -8.4009248097583171     
 -0.77159265358983853       -8.3994707714304191     
 -0.76659265358983852       -8.3973697574113189     
 -0.76159265358983852       -8.3946158367543369     
 -0.75659265358983852       -8.3912031944994894     
 -0.75159265358983851       -8.3871261331427025     
 -0.74659265358983851       -8.3823790740793545     
 -0.74159265358983850       -8.3769565590218455     
 -0.73659265358983850       -8.3708532513908445     
 -0.73159265358983849       -8.3640639376799140     
 -0.72659265358983849       -8.3565835287932053     
 -0.72159265358983848       -8.3484070613558874     
 -0.71659265358983848       -8.3395296989970671     
 -0.71159265358983848       -8.3299467336048458     
 -0.70659265358983847       -8.3196535865532670     
 -0.70159265358983847       -8.3086458099008649     
 -0.69659265358983846       -8.2969190875605232     
 -0.69159265358983846       -8.2844692364404118     
 -0.68659265358983845       -8.2712922075556996     
 -0.68159265358983845       -8.2573840871108288     
 -0.67659265358983844       -8.2427410975520559     
 -0.67159265358983844       -8.2273595985900752     
 -0.66659265358983844       -8.2112360881924413     
 -0.66159265358983843       -8.1943672035455908     
 -0.65659265358983843       -8.1767497219862229     
 -0.65159265358983842       -8.1583805619018577     
 -0.64659265358983842       -8.1392567836003167     
 -0.64159265358983841       -8.1193755901479729     
 -0.63659265358983841       -8.0987343281765476     
 -0.63159265358983840       -8.0773304886582729     
 -0.62659265358983840       -8.0551617076492672     
 -0.62159265358983840       -8.0322257670008934     
 -0.61659265358983839       -8.0085205950390073     
 -0.61159265358983839       -7.9840442672108800     
 -0.60659265358983838       -7.9587950066996846     
 -0.60159265358983838       -7.9327711850063709     
 -0.59659265358983837       -7.9059713224988233     
 -0.59159265358983837       -7.8783940889281503     
 -0.58659265358983836       -7.8500383039119992     
 -0.58159265358983836       -7.8209029373847798     
 -0.57659265358983836       -7.7909871100146777     
 -0.57159265358983835       -7.7602900935873871     
 -0.56659265358983835       -7.7288113113564378     
 -0.56159265358983834       -7.6965503383600673     
 -0.55659265358983834       -7.6635069017045279     
 -0.55159265358983833       -7.6296808808137904     
 -0.54659265358983833       -7.5950723076455660     
 -0.54159265358983832       -7.5596813668735967     
 -0.53659265358983832       -7.5235083960361679     
 -0.53159265358983832       -7.4865538856508156     
 -0.52659265358983831       -7.4488184792951717     
 -0.52159265358983831       -7.4103029736539634     
 -0.51659265358983830       -7.3710083185321036     
 -0.51159265358983830       -7.3309356168339184     
 -0.50659265358983829       -7.2900861245084565     
 -0.50159265358983829       -7.2484612504609309     
 -0.49659265358983828       -7.2060625564302896     
 -0.49159265358983828       -7.1628917568329395     
 -0.48659265358983828       -7.1189507185726466     
 -0.48159265358983827       -7.0742414608166673     
 -0.47659265358983827       -7.0287661547381521     
 -0.47159265358983826       -6.9825271232248554     
 -0.46659265358983826       -6.9355268405542354     
 -0.46159265358983825       -6.8877679320349987     
 -0.45659265358983825       -6.8392531736151803     
 -0.45159265358983824       -6.7899854914568163     
 -0.44659265358983824       -6.7399679614773298     
 -0.44159265358983824       -6.6892038088577070     
 -0.43659265358983823       -6.6376964075175691     
 -0.43159265358983823       -6.5854492795572810     
 -0.42659265358983822       -6.5324660946671731     
 -0.42159265358983822       -6.4787506695040395     
 -0.41659265358983821       -6.4243069670350348     
 -0.41159265358983821       -6.3691390958491141     
 -0.40659265358983820       -6.3132513094361569     
 -0.40159265358983820       -6.2566480054339504     
 -0.39659265358983820       -6.1993337248431795     
 -0.39159265358983819       -6.1413131512106025     
 -0.38659265358983819       -6.0825911097805925     
 -0.38159265358983818       -6.0231725666152265     
 -0.37659265358983818       -5.9630626276831160     
 -0.37159265358983817       -5.9022665379171801     
 -0.36659265358983817       -5.8407896802415697     
 -0.36159265358983816       -5.7786375745679486     
 -0.35659265358983816       -5.7158158767613614     
 -0.35159265358983816       -5.6523303775759173     
 -0.34659265358983815       -5.5881870015605060     
 -0.34159265358983815       -5.5233918059348106     
 -0.33659265358983814       -5.4579509794358483     
 -0.33159265358983814       -5.3918708411353053     
 -0.32659265358983813       -5.3251578392279058     
 -0.32159265358983813       -5.2578185497911214     
 -0.31659265358983812       -5.1898596755164412     
 -0.31159265358983812       -5.1212880444125375     
 -0.30659265358983812       -5.0521106084805716     
 -0.30159265358983811       -4.9823344423619584     
 -0.29659265358983811       -4.9119667419588726     
 -0.29159265358983810       -4.8410148230278081     
 -0.28659265358983810       -4.7694861197465119     
 -0.28159265358983809       -4.6973881832545867     
 -0.27659265358983809       -4.6247286801681042     
 -0.27159265358983808       -4.5515153910685555     
 -0.26659265358983808       -4.4777562089664560     
 -0.26159265358983808       -4.4034591377399774     
 -0.25659265358983807       -4.3286322905489225     
 -0.25159265358983807       -4.2532838882243995     
 -0.24659265358983806       -4.1774222576345785     
 -0.24159265358983806       -4.1010558300268567     
 -0.23659265358983805       -4.0241931393468198     
 -0.23159265358983805       -3.9468428205343717     
 -0.22659265358983804       -3.8690136077974069     
 -0.22159265358983804       -3.7907143328634088     
 -0.21659265358983804       -3.7119539232093617     
 -0.21159265358983803       -3.6327414002703691     
 -0.20659265358983803       -3.5530858776273808     
 -0.20159265358983802       -3.4729965591744234     
 -0.19659265358983802       -3.3924827372657460     
 -0.19159265358983801       -3.3115537908432913     
 -0.18659265358983801       -3.2302191835449081     
 -0.18159265358983800       -3.1484884617937263     
 -0.17659265358983800       -3.0663712528691178     
 -0.17159265358983800       -2.9838772629596666     
 -0.16659265358983799       -2.9010162751985957     
 -0.16159265358983799       -2.8177981476820704     
 -0.15659265358983798       -2.7342328114708261     
 -0.15159265358983798       -2.6503302685755679     
 -0.14659265358983797       -2.5661005899265819     
 -0.14159265358983797       -2.4815539133280180     
 -0.13659265358983796       -2.3967004413972903     
 -0.13159265358983796       -2.3115504394900621     
 -0.12659265358983796       -2.2261142336112671     
 -0.12159265358983795       -2.1404022083126408     
 -0.11659265358983795       -2.0544248045772271     
 -0.11159265358983794       -1.9681925176913195     
 -0.10659265358983794       -1.8817158951043329     
 -0.10159265358983793       -1.7950055342770563     
  -9.6592653589837929E-002  -1.7080720805187846     
  -9.1592653589837925E-002  -1.6209262248138012     
  -8.6592653589837920E-002  -1.5335787016376969     
  -8.1592653589837916E-002  -1.4460402867640119     
  -7.6592653589837911E-002  -1.3583217950616848     
  -7.1592653589837907E-002  -1.2704340782838066     
  -6.6592653589837902E-002  -1.1823880228481627     
  -6.1592653589837905E-002  -1.0941945476100619     
  -5.6592653589837907E-002  -1.0058646016279491     
  -5.1592653589837910E-002 -0.91740916192229249     
  -4.6592653589837912E-002 -0.82883923122825165     
  -4.1592653589837915E-002 -0.74016583574262096     
  -3.6592653589837917E-002 -0.65140002286555243     
  -3.1592653589837920E-002 -0.56255285893756002     
  -2.6592653589837919E-002 -0.47363542697230848     
  -2.1592653589837918E-002 -0.38465882438569104     
  -1.6592653589837917E-002 -0.29563416072170312     
  -1.1592653589837916E-002 -0.20657255537561564     
  -6.5926535898379159E-003 -0.11748513531495713     
  -1.5926535898379158E-003  -2.8383032798809500E-002
   3.4073464101620843E-003   6.0722616904073261E-002
   8.4073464101620844E-003  0.14982067779781619     
   1.3407346410162085E-002  0.23890001544213657     
   1.8407346410162086E-002  0.32794949923471062     
   2.3407346410162087E-002  0.41695800469268607     
   2.8407346410162088E-002  0.50591441573283358     
   3.3407346410162089E-002  0.59480762694982714     
   3.8407346410162087E-002  0.68362654589214988     
   4.3407346410162084E-002  0.77236009533511629     
   4.8407346410162082E-002  0.86099721555050468     
   5.3407346410162079E-002  0.94952686657229790     
   5.8407346410162077E-002   1.0379380304580248     
   6.3407346410162074E-002   1.1262197135451986     
   6.8407346410162079E-002   1.2143609487023563     
   7.3407346410162083E-002   1.3023507975741906     
   7.8407346410162088E-002   1.3901783528202776     
   8.3407346410162092E-002   1.4778327403469043     
   8.8407346410162096E-002   1.5653031215314963     
   9.3407346410162101E-002   1.6525786954391533     
   9.8407346410162105E-002   1.7396487010307957     
  0.10340734641016211        1.8265024193624355     
  0.10840734641016211        1.9131291757750779     
  0.11340734641016212        1.9995183420747713     
  0.11840734641016212        2.0856593387023130     
  0.12340734641016213        2.1715416368921412     
  0.12840734641016213        2.2571547608199136     
  0.13340734641016214        2.3424882897383172     
  0.13840734641016214        2.4275318601006157     
  0.14340734641016215        2.5122751676714725     
  0.14840734641016215        2.5967079696245770     
  0.15340734641016215        2.6808200866266096     
  0.15840734641016216        2.7646014049070771     
  0.16340734641016216        2.8480418783135617     
  0.16840734641016217        2.9311315303519310     
  0.17340734641016217        3.0138604562110460     
  0.17840734641016218        3.0962188247715261     
  0.18340734641016218        3.1781968805981160     
  0.18840734641016219        3.2597849459152206     
  0.19340734641016219        3.3409734225651624     
  0.19840734641016219        3.4217527939487300     
  0.20340734641016220        3.5021136269475832     
  0.20840734641016220        3.5820465738280909     
  0.21340734641016221        3.6615423741261770     
  0.21840734641016221        3.7405918565127569     
  0.22340734641016222        3.8191859406393487     
  0.22840734641016222        3.8973156389634500     
  0.23340734641016223        3.9749720585532771     
  0.23840734641016223        4.0521464028714611     
  0.24340734641016223        4.1288299735373144     
  0.24840734641016224        4.2050141720672594     
  0.25340734641016222        4.2806905015930559     
  0.25840734641016222        4.3558505685574263     
  0.26340734641016222        4.4304860843867111     
  0.26840734641016223        4.5045888671401890     
  0.27340734641016223        4.5781508431356821     
  0.27840734641016224        4.6511640485510970     
  0.28340734641016224        4.7236206310015421     
  0.28840734641016225        4.7955128510916838     
  0.29340734641016225        4.8668330839429625     
  0.29840734641016226        4.9375738206953841     
  0.30340734641016226        5.0077276699834981     
  0.30840734641016226        5.0772873593862826     
  0.31340734641016227        5.1462457368505863     
  0.31840734641016227        5.2145957720878169     
  0.32340734641016228        5.2823305579435802     
  0.32840734641016228        5.3494433117399574     
  0.33340734641016229        5.4159273765901119     
  0.33840734641016229        5.4817762226849709     
  0.34340734641016230        5.5469834485516500     
  0.34840734641016230        5.6115427822833848     
  0.35340734641016230        5.6754480827406741     
  0.35840734641016231        5.7386933407233771     
  0.36340734641016231        5.8012726801135024     
  0.36840734641016232        5.8631803589884477     
  0.37340734641016232        5.9244107707044282     
  0.37840734641016233        5.9849584449498741     
  0.38340734641016233        6.0448180487685388     
  0.38840734641016234        6.1039843875521340     
  0.39340734641016234        6.1624524060022203     
  0.39840734641016234        6.2202171890611986     
  0.40340734641016235        6.2772739628121466     
  0.40840734641016235        6.3336180953473438     
  0.41340734641016236        6.3892450976052659     
  0.41840734641016236        6.4441506241758848     
  0.42340734641016237        6.4983304740740850     
  0.42840734641016237        6.5517805914810339     
  0.43340734641016238        6.6044970664533480     
  0.43840734641016238        6.6564761355998883     
  0.44340734641016238        6.7077141827260514     
  0.44840734641016239        6.7582077394454050     
  0.45340734641016239        6.8079534857585458     
  0.45840734641016240        6.8569482505990429     
  0.46340734641016240        6.9051890123463622     
  0.46840734641016241        6.9526728993056466     
  0.47340734641016241        6.9993971901542684     
  0.47840734641016242        7.0453593143550286     
  0.48340734641016242        7.0905568525359515     
  0.48840734641016242        7.1349875368365687     
  0.49340734641016243        7.1786492512206257     
  0.49840734641016243        7.2215400317551453     
  0.50340734641016238        7.2636580668557951     
  0.50840734641016239        7.3050016974985112     
  0.51340734641016239        7.3455694173973072     
  0.51840734641016240        7.3853598731482863     
  0.52340734641016240        7.4243718643397738     
  0.52840734641016240        7.4626043436285823     
  0.53340734641016241        7.5000564167823960     
  0.53840734641016241        7.5367273426882537     
  0.54340734641016242        7.5726165333271451     
  0.54840734641016242        7.6077235537147292     
  0.55340734641016243        7.6420481218081964     
  0.55840734641016243        7.6755901083792839     
  0.56340734641016244        7.7083495368535031     
  0.56840734641016244        7.7403265831156052     
  0.57340734641016244        7.7715215752813167     
  0.57840734641016245        7.8019349934354389     
  0.58340734641016245        7.8315674693363553     
  0.58840734641016246        7.8604197860869967     
  0.59340734641016246        7.8884928777723928     
  0.59840734641016247        7.9157878290638397     
  0.60340734641016247        7.9423058747898239     
  0.60840734641016248        7.9680483994737790     
  0.61340734641016248        7.9930169368387887     
  0.61840734641016248        8.0172131692793513     
  0.62340734641016249        8.0406389273003374     
  0.62840734641016249        8.0632961889232533     
  0.63340734641016250        8.0851870790599740     
  0.63840734641016250        8.1063138688540732     
  0.64340734641016251        8.1266789749898916     
  0.64840734641016251        8.1462849589695470     
  0.65340734641016252        8.1651345263579991     
  0.65840734641016252        8.1832305259963860     
  0.66340734641016252        8.2005759491837900     
  0.66840734641016253        8.2171739288276271     
  0.67340734641016253        8.2330277385628676     
  0.67840734641016254        8.2481407918402621     
  0.68340734641016254        8.2625166409838275     
  0.68840734641016255        8.2761589762177401     
  0.69340734641016255        8.2890716246629559     
  0.69840734641016256        8.3012585493036841     
  0.70340734641016256        8.3127238479240226     
  0.70840734641016256        8.3234717520149832     
  0.71340734641016257        8.3335066256521380     
  0.71840734641016257        8.3428329643441472     
  0.72340734641016258        8.3514553938524685     
  0.72840734641016258        8.3593786689824654     
  0.73340734641016259        8.3666076723462179     
  0.73840734641016259        8.3731474130973265     
  0.74340734641016259        8.3790030256379797     
  0.74840734641016260        8.3841797682985781     
  0.75340734641016260        8.3886830219902428     
  0.75840734641016261        8.3925182888304874     
  0.76340734641016261        8.3956911907423866     
  0.76840734641016262        8.3982074680275254     
  0.77340734641016262        8.4000729779131262     
  0.77840734641016263        8.4012936930735869     
  0.78340734641016263        8.4018757001268636     
  0.78840734641016263        8.4018251981059588     
  0.79340734641016264        8.4011484969059307     
  0.79840734641016264        8.3998520157067205     
  0.80340734641016265        8.3979422813721865     
  0.80840734641016265        8.3954259268257339     
  0.81340734641016266        8.3923096894028237     
  0.81840734641016266        8.3886004091808406     
  0.82340734641016267        8.3843050272866364     
  0.82840734641016267        8.3794305841821295     
  0.83340734641016267        8.3739842179283936     
  0.83840734641016268        8.3679731624285907     
  0.84340734641016268        8.3614047456501659     
  0.84840734641016269        8.3542863878266918     
  0.85340734641016269        8.3466255996398075     
  0.85840734641016270        8.3384299803816120     
  0.86340734641016270        8.3297072160979724     
  0.86840734641016271        8.3204650777131413     
  0.87340734641016271        8.3107114191361458     
  0.87840734641016271        8.3004541753493193     
  0.88340734641016272        8.2897013604794569     
  0.88840734641016272        8.2784610658520332     
  0.89340734641016273        8.2667414580288767     
  0.89840734641016273        8.2545507768298112     
  0.90340734641016274        8.2418973333386543     
  0.90840734641016274        8.2287895078940601     
  0.91340734641016275        8.2152357480656537     
  0.91840734641016275        8.2012445666159159     
  0.92340734641016275        8.1868245394482635     
  0.92840734641016276        8.1719843035418265     
  0.93340734641016276        8.1567325548733542     
  0.93840734641016277        8.1410780463267454     
  0.94340734641016277        8.1250295855906547     
  0.94840734641016278        8.1085960330446785     
  0.95340734641016278        8.0917862996345757     
  0.95840734641016279        8.0746093447370164     
  0.96340734641016279        8.0570741740143301     
  0.96840734641016279        8.0391898372597748     
  0.97340734641016280        8.0209654262337491     
  0.97840734641016280        8.0024100724915179     
  0.98340734641016281        7.9835329452028709     
  0.98840734641016281        7.9643432489642549     
  0.99340734641016282        7.9448502216038586     
  0.99840734641016282        7.9250631319801510     
   1.0034073464101627        7.9049912777743483     
   1.0084073464101626        7.8846439832773658     
   1.0134073464101625        7.8640305971716833     
   1.0184073464101624        7.8431604903086898     
   1.0234073464101623        7.8220430534819592     
   1.0284073464101622        7.8006876951970074     
   1.0334073464101621        7.7791038394379992     
   1.0384073464101620        7.7573009234319246     
   1.0434073464101619        7.7352883954107599     
   1.0484073464101618        7.7130757123720946     
   1.0534073464101616        7.6906723378387598     
   1.0584073464101615        7.6680877396179481     
   1.0634073464101614        7.6453313875603284     
   1.0684073464101613        7.6224127513196756     
   1.0734073464101612        7.5993412981135195     
   1.0784073464101611        7.5761264904853070     
   1.0834073464101610        7.5527777840685975     
   1.0884073464101609        7.5293046253537925     
   1.0934073464101608        7.5057164494579025     
   1.0984073464101607        7.4820226778978594     
   1.1034073464101606        7.4582327163678741     
   1.1084073464101605        7.4343559525213472     
   1.1134073464101604        7.4104017537578271     
   1.1184073464101603        7.3863794650155228     
   1.1234073464101602        7.3622984065698587     
   1.1284073464101601        7.3381678718386070     
   1.1334073464101599        7.3139971251940219     
   1.1384073464101598        7.2897953997825455     
   1.1434073464101597        7.2655718953525410     
   1.1484073464101596        7.2413357760905344     
   1.1534073464101595        7.2170961684664974     
   1.1584073464101594        7.1928621590885982     
   1.1634073464101593        7.1686427925679546     
   1.1684073464101592        7.1444470693938698     
   1.1734073464101591        7.1202839438199783     
   1.1784073464101590        7.0961623217618488     
   1.1834073464101589        7.0720910587064818     
   1.1884073464101588        7.0480789576341714     
   1.1934073464101587        7.0241347669532219     
   1.1984073464101586        7.0002671784479622     
   1.2034073464101585        6.9764848252405542     
   1.2084073464101583        6.9527962797670142     
   1.2134073464101582        6.9292100517679271     
   1.2184073464101581        6.9057345862943400     
   1.2234073464101580        6.8823782617291949     
   1.2284073464101579        6.8591493878248686     
   1.2334073464101578        6.8360562037571491     
   1.2384073464101577        6.8131068761961657     
   1.2434073464101576        6.7903094973946807     
   1.2484073464101575        6.7676720832941557     
   1.2534073464101574        6.7452025716490800     
   1.2584073464101573        6.7229088201699012     
   1.2634073464101572        6.7007986046850547     
   1.2684073464101571        6.6788796173224529     
   1.2734073464101570        6.6571594647108938     
   1.2784073464101569        6.6356456662017402     
   1.2834073464101567        6.6143456521113118     
   1.2884073464101566        6.5932667619843768     
   1.2934073464101565        6.5724162428791342     
   1.2984073464101564        6.5518012476740708     
   1.3034073464101563        6.5314288333970776     
   1.3084073464101562        6.5113059595772036     
   1.3134073464101561        6.4914394866194289     
   1.3184073464101560        6.4718361742027888     
   1.3234073464101559        6.4525026797022722     
   1.3284073464101558        6.4334455566348012     
   1.3334073464101557        6.4146712531296384     
   1.3384073464101556        6.3961861104236117     
   1.3434073464101555        6.3779963613814594     
   1.3484073464101554        6.3601081290416506     
   1.3534073464101553        6.3425274251879813     
   1.3584073464101551        6.3252601489473061     
   1.3634073464101550        6.3083120854137036     
   1.3684073464101549        6.2916889042993658     
   1.3734073464101548        6.2753961586125691     
   1.3784073464101547        6.2594392833629655     
   1.3834073464101546        6.2438235942945308     
   1.3884073464101545        6.2285542866464301     
   1.3934073464101544        6.2136364339420949     
   1.3984073464101543        6.1990749868067816     
   1.4034073464101542        6.1848747718138748     
   1.4084073464101541        6.1710404903601983     
   1.4134073464101540        6.1575767175705849     
   1.4184073464101539        6.1444879012319626     
   1.4234073464101538        6.1317783607571954     
   1.4284073464101537        6.1194522861788743     
   1.4334073464101535        6.1075137371733765     
   1.4384073464101534        6.0959666421152967     
   1.4434073464101533        6.0848147971625792     
   1.4484073464101532        6.0740618653724479     
   1.4534073464101531        6.0637113758484249     
   1.4584073464101530        6.0537667229185939     
   1.4634073464101529        6.0442311653452574     
   1.4684073464101528        6.0351078255662447     
   1.4734073464101527        6.0263996889679801     
   1.4784073464101526        6.0181096031904877     
   1.4834073464101525        6.0102402774645061     
   1.4884073464101524        6.0027942819808544     
   1.4934073464101523        5.9957740472921941     
   1.4984073464101522        5.9891818637473033     
   1.5034073464101521        5.9830198809580173     
   1.5084073464101520        5.9772901072989555     
   1.5134073464101518        5.9719944094401134     
   1.5184073464101517        5.9671345119124659     
   1.5234073464101516        5.9627119967066626     
   1.5284073464101515        5.9587283029048965     
   1.5334073464101514        5.9551847263460482     
   1.5384073464101513        5.9520824193241744     
   1.5434073464101512        5.9494223903203860     
   1.5484073464101511        5.9472055037682265     
   1.5534073464101510        5.9454324798525544     
   1.5584073464101509        5.9441038943419962     
   1.5634073464101508        5.9432201784550136     
   1.5684073464101507        5.9427816187595992     
   1.5734073464101506        5.9427883571066378     
   1.5784073464101505        5.9432403905969480     
   1.5834073464101504        5.9441375715819778     
   1.5884073464101502        5.9454796076982301     
   1.5934073464101501        5.9472660619353208     
   1.5984073464101500        5.9494963527377038     
   1.6034073464101499        5.9521697541400478     
   1.6084073464101498        5.9552853959362126     
   1.6134073464101497        5.9588422638817802     
   1.6184073464101496        5.9628391999301176     
   1.6234073464101495        5.9672749025019129     
   1.6284073464101494        5.9721479267880984     
   1.6334073464101493        5.9774566850861390     
   1.6384073464101492        5.9831994471695609     
   1.6434073464101491        5.9893743406906790     
   1.6484073464101490        5.9959793516163904     
   1.6534073464101489        6.0030123246969804     
   1.6584073464101488        6.0104709639677960     
   1.6634073464101486        6.0183528332836991     
   1.6684073464101485        6.0266553568861703     
   1.6734073464101484        6.0353758200029297     
   1.6784073464101483        6.0445113694799435     
   1.6834073464101482        6.0540590144456816     
   1.6884073464101481        6.0640156270074659     
   1.6934073464101480        6.0743779429797513     
   1.6984073464101479        6.0851425626441795     
   1.7034073464101478        6.0963059515412521     
   1.7084073464101477        6.1078644412933816     
   1.7134073464101476        6.1198142304592320     
   1.7184073464101475        6.1321513854190659     
   1.7234073464101474        6.1448718412909393     
   1.7284073464101473        6.1579714028775427     
   1.7334073464101472        6.1714457456434664     
   1.7384073464101470        6.1852904167226512     
   1.7434073464101469        6.1995008359558250     
   1.7484073464101468        6.2140722969576760     
   1.7534073464101467        6.2289999682135306     
   1.7584073464101466        6.2442788942052623     
   1.7634073464101465        6.2599039965662335     
   1.7684073464101464        6.2758700752649199     
   1.7734073464101463        6.2921718098170709     
   1.7784073464101462        6.3088037605259970     
   1.7834073464101461        6.3257603697508182     
   1.7884073464101460        6.3430359632023219     
   1.7934073464101459        6.3606247512661582     
   1.7984073464101458        6.3785208303530716     
   1.8034073464101457        6.3967181842758674     
   1.8084073464101456        6.4152106856527915     
   1.8134073464101454        6.4339920973370255     
   1.8184073464101453        6.4530560738719460     
   1.8234073464101452        6.4723961629718563     
   1.8284073464101451        6.4920058070278044     
   1.8334073464101450        6.5118783446382249     
   1.8384073464101449        6.5320070121639588     
   1.8434073464101448        6.5523849453073897     
   1.8484073464101447        6.5730051807153016     
   1.8534073464101446        6.5938606576050729     
   1.8584073464101445        6.6149442194138945     
   1.8634073464101444        6.6362486154705831     
   1.8684073464101443        6.6577665026896637     
   1.8734073464101442        6.6794904472872894     
   1.8784073464101441        6.7014129265186444     
   1.8834073464101440        6.7235263304364397     
   1.8884073464101438        6.7458229636700606     
   1.8934073464101437        6.7682950472250392     
   1.8984073464101436        6.7909347203023538     
   1.9034073464101435        6.8137340421372308     
   1.9084073464101434        6.8366849938569798     
   1.9134073464101433        6.8597794803574477     
   1.9184073464101432        6.8830093321976982     
   1.9234073464101431        6.9063663075124451     
   1.9284073464101430        6.9298420939418541     
   1.9334073464101429        6.9534283105782269     
   1.9384073464101428        6.9771165099291723     
   1.9434073464101427        7.0008981798967973     
   1.9484073464101426        7.0247647457724707     
   1.9534073464101425        7.0487075722467143     
   1.9584073464101424        7.0727179654337773     
   1.9634073464101423        7.0967871749104061     
   1.9684073464101421        7.1209063957683840     
   1.9734073464101420        7.1450667706803506     
   1.9784073464101419        7.1692593919784580     
   1.9834073464101418        7.1934753037453616     
   1.9884073464101417        7.2177055039171005     
   1.9934073464101416        7.2419409463973929     
   1.9984073464101415        7.2661725431828463     
   2.0034073464101416        7.2903911664986074     
   2.0084073464101415        7.3145876509439951     
   2.0134073464101414        7.3387527956476086     
   2.0184073464101413        7.3628773664314124     
   2.0234073464101412        7.3869520979833396     
   2.0284073464101411        7.4109676960379058     
   2.0334073464101410        7.4349148395643203     
   2.0384073464101409        7.4587841829616552     
   2.0434073464101408        7.4825663582605131     
   2.0484073464101407        7.5062519773307432     
   2.0534073464101406        7.5298316340946645     
   2.0584073464101404        7.5532959067453511     
   2.0634073464101403        7.5766353599694156     
   2.0684073464101402        7.5998405471738391     
   2.0734073464101401        7.6229020127163025     
   2.0784073464101400        7.6458102941385544     
   2.0834073464101399        7.6685559244022850     
   2.0884073464101398        7.6911294341269967     
   2.0934073464101397        7.7135213538293899     
   2.0984073464101396        7.7357222161637313     
   2.1034073464101395        7.7577225581627127     
   2.1084073464101394        7.7795129234782960     
   2.1134073464101393        7.8010838646220133     
   2.1184073464101392        7.8224259452042579     
   2.1234073464101391        7.8435297421720103     
   2.1284073464101390        7.8643858480445319     
   2.1334073464101388        7.8849848731465091     
   2.1384073464101387        7.9053174478381196     
   2.1434073464101386        7.9253742247415557     
   2.1484073464101385        7.9451458809634721     
   2.1534073464101384        7.9646231203128623     
   2.1584073464101383        7.9837966755138714     
   2.1634073464101382        8.0026573104130225     
   2.1684073464101381        8.0211958221803812     
   2.1734073464101380        8.0394030435041497     
   2.1784073464101379        8.0572698447781832     
   2.1834073464101378        8.0747871362819552     
   2.1884073464101377        8.0919458703524576     
   2.1934073464101376        8.1087370435475563     
   2.1984073464101375        8.1251516988003019     
   2.2034073464101374        8.1411809275637363     
   2.2084073464101373        8.1568158719456427     
   2.2134073464101371        8.1720477268328580     
   2.2184073464101370        8.1868677420045533     
   2.2234073464101369        8.2012672242340923     
   2.2284073464101368        8.2152375393789487     
   2.2334073464101367        8.2287701144582233     
   2.2384073464101366        8.2418564397172567     
   2.2434073464101365        8.2544880706789510     
   2.2484073464101364        8.2666566301812274     
   2.2534073464101363        8.2783538104002439     
   2.2584073464101362        8.2895713748588769     
   2.2634073464101361        8.3003011604200143     
   2.2684073464101360        8.3105350792642145     
   2.2734073464101359        8.3202651208512783     
   2.2784073464101358        8.3294833538652906     
   2.2834073464101357        8.3381819281426868     
   2.2884073464101355        8.3463530765829184     
   2.2934073464101354        8.3539891170412677     
   2.2984073464101353        8.3610824542033964     
   2.3034073464101352        8.3676255814411906     
   2.3084073464101351        8.3736110826494912     
   2.3134073464101350        8.3790316340632884     
   2.3184073464101349        8.3838800060549676     
   2.3234073464101348        8.3881490649111932     
   2.3284073464101347        8.3918317745890469     
   2.3334073464101346        8.3949211984509855     
   2.3384073464101345        8.3974105009782640     
   2.3434073464101344        8.3992929494624153     
   2.3484073464101343        8.4005619156743876     
   2.3534073464101342        8.4012108775109873     
   2.3584073464101341        8.4012334206182508     
   2.3634073464101339        8.4006232399913401     
   2.3684073464101338        8.3993741415506484     
   2.3734073464101337        8.3974800436937329     
   2.3784073464101336        8.3949349788226950     
   2.3834073464101335        8.3917330948467264     
   2.3884073464101334        8.3878686566594105     
   2.3934073464101333        8.3833360475904897     
   2.3984073464101332        8.3781297708317393     
   2.4034073464101331        8.3722444508366429     
   2.4084073464101330        8.3656748346935359     
   2.4134073464101329        8.3584157934719130     
   2.4184073464101328        8.3504623235415938     
   2.4234073464101327        8.3418095478644290     
   2.4284073464101326        8.3324527172582776     
   2.4334073464101325        8.3223872116329538     
   2.4384073464101323        8.3116085411978418     
   2.4434073464101322        8.3001123476409600     
   2.4484073464101321        8.2878944052791219     
   2.4534073464101320        8.2749506221790075     
   2.4584073464101319        8.2612770412488583     
   2.4634073464101318        8.2468698413005175     
   2.4684073464101317        8.2317253380816311     
   2.4734073464101316        8.2158399852777144     
   2.4784073464101315        8.1992103754839132     
   2.4834073464101314        8.1818332411461707     
   2.4884073464101313        8.1637054554716428     
   2.4934073464101312        8.1448240333081152     
   2.4984073464101311        8.1251861319922458     
   2.5034073464101310        8.1047890521664065     
   2.5084073464101309        8.0836302385639698     
   2.5134073464101307        8.0617072807628389     
   2.5184073464101306        8.0390179139070455     
   2.5234073464101305        8.0155600193962542     
   2.5284073464101304        7.9913316255430376     
   2.5334073464101303        7.9663309081977101     
   2.5384073464101302        7.9405561913406357     
   2.5434073464101301        7.9140059476418436     
   2.5484073464101300        7.8866787989878198     
   2.5534073464101299        7.8585735169753672     
   2.5584073464101298        7.8296890233723921     
   2.5634073464101297        7.8000243905455475     
   2.5684073464101296        7.7695788418545870     
   2.5734073464101295        7.7383517520133793     
   2.5784073464101294        7.7063426474174577     
   2.5834073464101293        7.6735512064380655     
   2.5884073464101292        7.6399772596825866     
   2.5934073464101290        7.6056207902213400     
   2.5984073464101289        7.5704819337806395     
   2.6034073464101288        7.5345609789020989     
   2.6084073464101287        7.4978583670681491     
   2.6134073464101286        7.4603746927936889     
   2.6184073464101285        7.4221107036839111     
   2.6234073464101284        7.3830673004582117     
   2.6284073464101283        7.3432455369402492     
   2.6334073464101282        7.3026466200140767     
   2.6384073464101281        7.2612719095464104     
   2.6434073464101280        7.2191229182750245     
   2.6484073464101279        7.1762013116632719     
   2.6534073464101278        7.1325089077207995     
   2.6584073464101277        7.0880476767904685     
   2.6634073464101276        7.0428197413015212     
   2.6684073464101274        6.9968273754890600     
   2.6734073464101273        6.9500730050798740     
   2.6784073464101272        6.9025592069447166     
   2.6834073464101271        6.8542887087170552     
   2.6884073464101270        6.8052643883784238     
   2.6934073464101269        6.7554892738104364     
   2.6984073464101268        6.7049665423135707     
   2.7034073464101267        6.6536995200928111     
   2.7084073464101266        6.6016916817102800     
   2.7134073464101265        6.5489466495049662     
   2.7184073464101264        6.4954681929796774     
   2.7234073464101263        6.4412602281553362     
   2.7284073464101262        6.3863268168927885     
   2.7334073464101261        6.3306721661822536     
   2.7384073464101260        6.2743006274005637     
   2.7434073464101258        6.2172166955363650     
   2.7484073464101257        6.1594250083834581     
   2.7534073464101256        6.1009303457024409     
   2.7584073464101255        6.0417376283508375     
   2.7634073464101254        5.9818519173819071     
   2.7684073464101253        5.9212784131123319     
   2.7734073464101252        5.8600224541589983     
   2.7784073464101251        5.7980895164450548     
   2.7834073464101250        5.7354852121754920     
   2.7884073464101249        5.6722152887824535     
   2.7934073464101248        5.6082856278405355     
   2.7984073464101247        5.5437022439522732     
   2.8034073464101246        5.4784712836040868     
   2.8084073464101245        5.4125990239929394     
   2.8134073464101244        5.3460918718239672     
   2.8184073464101242        5.2789563620793256     
   2.8234073464101241        5.2111991567585338     
   2.8284073464101240        5.1428270435906169     
   2.8334073464101239        5.0738469347183131     
   2.8384073464101238        5.0042658653546219     
   2.8434073464101237        4.9340909924120044     
   2.8484073464101236        4.8633295931045524     
   2.8534073464101235        4.7919890635234292     
   2.8584073464101234        4.7200769171858639     
   2.8634073464101233        4.6476007835580617     
   2.8684073464101232        4.5745684065523449     
   2.8734073464101231        4.5009876429988607     
   2.8784073464101230        4.4268664610921746     
   2.8834073464101229        4.3522129388131070     
   2.8884073464101228        4.2770352623261765     
   2.8934073464101226        4.2013417243529894     
   2.8984073464101225        4.1251407225219330     
   2.9034073464101224        4.0484407576945358     
   2.9084073464101223        3.9712504322688886     
   2.9134073464101222        3.8935784484604974     
   2.9184073464101221        3.8154336065609145     
   2.9234073464101220        3.7368248031745672     
   2.9284073464101219        3.6577610294341794     
   2.9334073464101218        3.5782513691951761     
   2.9384073464101217        3.4983049972094449     
   2.9434073464101216        3.4179311772788892     
   2.9484073464101215        3.3371392603891814     
   2.9534073464101214        3.2559386828241355     
   2.9584073464101213        3.1743389642610849     
   2.9634073464101212        3.0923497058477096     
   2.9684073464101211        3.0099805882607624     
   2.9734073464101209        2.9272413697471009     
   2.9784073464101208        2.8441418841474491     
   2.9834073464101207        2.7606920389033380     
   2.9884073464101206        2.6769018130476967     
   2.9934073464101205        2.5927812551795117     
   2.9984073464101204        2.5083404814229926     
   3.0034073464101203        2.4235896733717164     
   3.0084073464101202        2.3385390760182228     
   3.0134073464101201        2.2531989956695027     
   3.0184073464101200        2.1675797978488296     
   3.0234073464101199        2.0816919051844121     
   3.0284073464101198        1.9955457952853581     
   3.0334073464101197        1.9091519986054113     
   3.0384073464101196        1.8225210962949030     
   3.0434073464101195        1.7356637180414283     
   3.0484073464101193        1.6485905398997371     
   3.0534073464101192        1.5613122821113117     
   3.0584073464101191        1.4738397069140885     
   3.0634073464101190        1.3861836163428356     
   3.0684073464101189        1.2983548500206934     
   3.0734073464101188        1.2103642829423531     
   3.0784073464101187        1.1222228232493405     
   3.0834073464101186        1.0339414099979243     
   3.0884073464101185       0.94553101092016500     
   3.0934073464101184       0.85700262017858364     
   3.0984073464101183       0.76836725611492507     
   3.1034073464101182       0.67963595899354201     
   3.1084073464101181       0.59081978873992103     
   3.1134073464101180       0.50192982267483266     
   3.1184073464101179       0.41297715324458828     
   3.1234073464101177       0.32397288574793270     
   3.1284073464101176       0.23492813606009555     
   3.1334073464101175       0.14585402835448971     
   3.1384073464101174        5.6761692822541780E-002
