  -3.1415926535897931       -1.6931175917014906E-014
  -3.1365926535897932      -0.65331721418725719     
  -3.1315926535897933       -1.3018386195547098     
  -3.1265926535897934       -1.9408323058714483     
  -3.1215926535897935       -2.5656931447533684     
  -3.1165926535897936       -3.1720036598258852     
  -3.1115926535897938       -3.7555919208406388     
  -3.1065926535897939       -4.3125855502230523     
  -3.1015926535897940       -4.8394609976349185     
  -3.0965926535897941       -5.3330873197045037     
  -3.0915926535897942       -5.7907637966263144     
  -3.0865926535897943       -6.2102508231504281     
  -3.0815926535897944       -6.5897936266529085     
  -3.0765926535897945       -6.9281384874240866     
  -3.0715926535897946       -7.2245412638243938     
  -3.0665926535897947       -7.4787681552451897     
  -3.0615926535897948       -7.6910887665409300     
  -3.0565926535897949       -7.8622616664344465     
  -3.0515926535897950       -7.9935127570493165     
  -3.0465926535897951       -8.0865068899884154     
  -3.0415926535897952       -8.1433132741789027     
  -3.0365926535897954       -8.1663653201291648     
  -3.0315926535897955       -8.1584156525800005     
  -3.0265926535897956       -8.1224870972990004     
  -3.0215926535897957       -8.0618205067388420     
  -3.0165926535897958       -7.9798203325108030     
  -3.0115926535897959       -7.8799988794626756     
  -3.0065926535897960       -7.7659201862487608     
  -3.0015926535897961       -7.6411444706022928     
  -2.9965926535897962       -7.5091740543395709     
  -2.9915926535897963       -7.3734016440132208     
  -2.9865926535897964       -7.2370617889528823     
  -2.9815926535897965       -7.1031862703173561     
  -2.9765926535897966       -6.9745640941149434     
  -2.9715926535897967       -6.8537066695287630     
  -2.9665926535897968       -6.7428186531006258     
  -2.9615926535897970       -6.6437748313238645     
  -2.9565926535897971       -6.5581033010300436     
  -2.9515926535897972       -6.4869750907612218     
  -2.9465926535897973       -6.4312002492678042     
  -2.9415926535897974       -6.3912303115247822     
  -2.9365926535897975       -6.3671669403331004     
  -2.9315926535897976       -6.3587764346973294     
  -2.9265926535897977       -6.3655096966513707     
  -2.9215926535897978       -6.3865271577875200     
  -2.9165926535897979       -6.4207280869861929     
  -2.9115926535897980       -6.4667836330813939     
  -2.9065926535897981       -6.5231729015267499     
  -2.9015926535897982       -6.5882213233834550     
  -2.8965926535897983       -6.6601405486969432     
  -2.8915926535897984       -6.7370690848452419     
  -2.8865926535897986       -6.8171129037235421     
  -2.8815926535897987       -6.8983852593954778     
  -2.8765926535897988       -6.9790449895337527     
  -2.8715926535897989       -7.0573326187780214     
  -2.8665926535897990       -7.1316036390014821     
  -2.8615926535897991       -7.2003584091277402     
  -2.8565926535897992       -7.2622681941155696     
  -2.8515926535897993       -7.3161969474099493     
  -2.8465926535897994       -7.3612185317952230     
  -2.8415926535897995       -7.3966291683441465     
  -2.8365926535897996       -7.4219550001404277     
  -2.8315926535897997       -7.4369547547545531     
  -2.8265926535897998       -7.4416175851839146     
  -2.8215926535897999       -7.4361562612973158     
  -2.8165926535898000       -7.4209959710122799     
  -2.8115926535898002       -7.3967590708662083     
  -2.8065926535898003       -7.3642461978619691     
  -2.8015926535898004       -7.3244142171969413     
  -2.7965926535898005       -7.2783515326508468     
  -2.7915926535898006       -7.2272513271622003     
  -2.7865926535898007       -7.1723833298547630     
  -2.7815926535898008       -7.1150647221181949     
  -2.7765926535898009       -7.0566307991861734     
  -2.7715926535898010       -6.9984059951245818     
  -2.7665926535898011       -6.9416758586192193     
  -2.7615926535898012       -6.8876605350482123     
  -2.7565926535898013       -6.8374902678654488     
  -2.7515926535898014       -6.7921833803361240     
  -2.7465926535898015       -6.7526271383536134     
  -2.7415926535898016       -6.7195618277800202     
  -2.7365926535898017       -6.6935683069619376     
  -2.7315926535898019       -6.6750592183352158     
  -2.7265926535898020       -6.6642739639670614     
  -2.7215926535898021       -6.6612774701264374     
  -2.7165926535898022       -6.6659626871554059     
  -2.7115926535898023       -6.6780566946204409     
  -2.7065926535898024       -6.6971302094645200     
  -2.7015926535898025       -6.7226102280672553     
  -2.6965926535898026       -6.7537954730277727     
  -2.6915926535898027       -6.7898742632338891     
  -2.6865926535898028       -6.8299443823189998     
  -2.6815926535898029       -6.8730344866853432     
  -2.6765926535898030       -6.9181265704373560     
  -2.6715926535898031       -6.9641789911534602     
  -2.6665926535898032       -7.0101495575428476     
  -2.6615926535898033       -7.0550181875831708     
  -2.6565926535898035       -7.0978086633974957     
  -2.6515926535898036       -7.1376090363859870     
  -2.6465926535898037       -7.1735902722675471     
  -2.6415926535898038       -7.2050227698261375     
  -2.6365926535898039       -7.2312904382583278     
  -2.6315926535898040       -7.2519020749160763     
  -2.6265926535898041       -7.2664998466612492     
  -2.6215926535898042       -7.2748647426487043     
  -2.6165926535898043       -7.2769189327372166     
  -2.6115926535898044       -7.2727250324800625     
  -2.6065926535898045       -7.2624823413660495     
  -2.6015926535898046       -7.2465201843062044     
  -2.5965926535898047       -7.2252885459968672     
  -2.5915926535898048       -7.1993462425356860     
  -2.5865926535898049       -7.1693469234416209     
  -2.5815926535898051       -7.1360232390888623     
  -2.5765926535898052       -7.1001695427212796     
  -2.5715926535898053       -7.0626235220534834     
  -2.5665926535898054       -7.0242471725529150     
  -2.5615926535898055       -6.9859075325913178     
  -2.5565926535898056       -6.9484575997007338     
  -2.5515926535898057       -6.9127178373079676     
  -2.5465926535898058       -6.8794586628769014     
  -2.5415926535898059       -6.8493842818610666     
  -2.5365926535898060       -6.8231181979251287     
  -2.5315926535898061       -6.8011906893483145     
  -2.5265926535898062       -6.7840284953175054     
  -2.5215926535898063       -6.7719469050063363     
  -2.5165926535898064       -6.7651443880551367     
  -2.5115926535898065       -6.7636998485127977     
  -2.5065926535898067       -6.7675725267070330     
  -2.5015926535898068       -6.7766045161126653     
  -2.4965926535898069       -6.7905258063109128     
  -2.4915926535898070       -6.8089617097515189     
  -2.4865926535898071       -6.8314424803541502     
  -2.4815926535898072       -6.8574148870322729     
  -2.4765926535898073       -6.8862554658983388     
  -2.4715926535898074       -6.9172851419894998     
  -2.4665926535898075       -6.9497848854697031     
  -2.4615926535898076       -6.9830120488917213     
  -2.4565926535898077       -7.0162170215511948     
  -2.4515926535898078       -7.0486598343732085     
  -2.4465926535898079       -7.0796263541090392     
  -2.4415926535898080       -7.1084437186855158     
  -2.4365926535898081       -7.1344946859781082     
  -2.4315926535898083       -7.1572305955545108     
  -2.4265926535898084       -7.1761826763992520     
  -2.4215926535898085       -7.1909714724976519     
  -2.4165926535898086       -7.2013142015374090     
  -2.4115926535898087       -7.2070299088986545     
  -2.4065926535898088       -7.2080423285017066     
  -2.4015926535898089       -7.2043804128790869     
  -2.3965926535898090       -7.1961765459238602     
  -2.3915926535898091       -7.1836625020388780     
  -2.3865926535898092       -7.1671632637931060     
  -2.3815926535898093       -7.1470888556578984     
  -2.3765926535898094       -7.1239243929954368     
  -2.3715926535898095       -7.0982185823415991     
  -2.3665926535898096       -7.0705709404161636     
  -2.3615926535898097       -7.0416180245777840     
  -2.3565926535898098       -7.0120189861297506     
  -2.3515926535898100       -6.9824407696332393     
  -2.3465926535898101       -6.9535432860060613     
  -2.3415926535898102       -6.9259648846422914     
  -2.3365926535898103       -6.9003084402014450     
  -2.3315926535898104       -6.8771283533544256     
  -2.3265926535898105       -6.8569187420527840     
  -2.3215926535898106       -6.8401030713550783     
  -2.3165926535898107       -6.8270254361681726     
  -2.3115926535898108       -6.8179436732167904     
  -2.3065926535898109       -6.8130244370031301     
  -2.3015926535898110       -6.8123403303913372     
  -2.2965926535898111       -6.8158691347275902     
  -2.2915926535898112       -6.8234951380915572     
  -2.2865926535898113       -6.8350125143789615     
  -2.2815926535898114       -6.8501306614313453     
  -2.2765926535898116       -6.8684813643131877     
  -2.2715926535898117       -6.8896276109837515     
  -2.2665926535898118       -6.9130738528407187     
  -2.2615926535898119       -6.9382774726485437     
  -2.2565926535898120       -6.9646611978207718     
  -2.2515926535898121       -6.9916261783947995     
  -2.2465926535898122       -7.0185654366797996     
  -2.2415926535898123       -7.0448773896956958     
  -2.2365926535898124       -7.0699791462325337     
  -2.2315926535898125       -7.0933192875805666     
  -2.2265926535898126       -7.1143898545079418     
  -2.2215926535898127       -7.1327372825539257     
  -2.2165926535898128       -7.1479720526942154     
  -2.2115926535898129       -7.1597768543368936     
  -2.2065926535898130       -7.1679130917371694     
  -2.2015926535898132       -7.1722256025020705     
  -2.1965926535898133       -7.1726454970497775     
  -2.1915926535898134       -7.1691910697971588     
  -2.1865926535898135       -7.1619667755479552     
  -2.1815926535898136       -7.1511603071053260     
  -2.1765926535898137       -7.1370378516084481     
  -2.1715926535898138       -7.1199376425953993     
  -2.1665926535898139       -7.1002619614732216     
  -2.1615926535898140       -7.0784677751483649     
  -2.1565926535898141       -7.0550562253371769     
  -2.1515926535898142       -7.0305612089342668     
  -2.1465926535898143       -7.0055373072771312     
  -2.1415926535898144       -6.9805473348364444     
  -2.1365926535898145       -6.9561497845417675     
  -2.1315926535898146       -6.9328864475113408     
  -2.1265926535898148       -6.9112704794172259     
  -2.1215926535898149       -6.8917751742390312     
  -2.1165926535898150       -6.8748236890284486     
  -2.1115926535898151       -6.8607799409279506     
  -2.1065926535898152       -6.8499408705821141     
  -2.1015926535898153       -6.8425302348674162     
  -2.0965926535898154       -6.8386940572531616     
  -2.0915926535898155       -6.8384978268686645     
  -2.0865926535898156       -6.8419254983196911     
  -2.0815926535898157       -6.8488803043352471     
  -2.0765926535898158       -6.8591873533143204     
  -2.0715926535898159       -6.8725979446579109     
  -2.0665926535898160       -6.8887954972691281     
  -2.0615926535898161       -6.9074029515965840     
  -2.0565926535898162       -6.9279914738382820     
  -2.0515926535898164       -6.9500902630944488     
  -2.0465926535898165       -6.9731972389495835     
  -2.0415926535898166       -6.9967903686644535     
  -2.0365926535898167       -7.0203393802456722     
  -2.0315926535898168       -7.0433176003909619     
  -2.0265926535898169       -7.0652136548150919     
  -2.0215926535898170       -7.0855427727507934     
  -2.0165926535898171       -7.1038574473693608     
  -2.0115926535898172       -7.1197572192338869     
  -2.0065926535898173       -7.1328973703216647     
  -2.0015926535898174       -7.1429963411607611     
  -1.9965926535898175       -7.1498417126502352     
  -1.9915926535898176       -7.1532946265188766     
  -1.9865926535898177       -7.1532925533983889     
  -1.9815926535898178       -7.1498503543632816     
  -1.9765926535898179       -7.1430596197038119     
  -1.9715926535898181       -7.1330863068126185     
  -1.9665926535898182       -7.1201667365426919     
  -1.9615926535898183       -7.1046020434119956     
  -1.9565926535898184       -7.0867512088040039     
  -1.9515926535898185       -7.0670228371086887     
  -1.9465926535898186       -7.0458658619004932     
  -1.9415926535898187       -7.0237593921749593     
  -1.9365926535898188       -7.0012019268758525     
  -1.9315926535898189       -6.9787001790561227     
  -1.9265926535898190       -6.9567577587598795     
  -1.9215926535898191       -6.9358639659362264     
  -1.9165926535898192       -6.9164829413707620     
  -1.9115926535898193       -6.8990434148383297     
  -1.9065926535898194       -6.8839292756530028     
  -1.9015926535898195       -6.8714711718445658     
  -1.8965926535898197       -6.8619393207577728     
  -1.8915926535898198       -6.8555376864814921     
  -1.8865926535898199       -6.8523996487846839     
  -1.8815926535898200       -6.8525852548522668     
  -1.8765926535898201       -6.8560801098185573     
  -1.8715926535898202       -6.8627959256721436     
  -1.8665926535898203       -6.8725727113594832     
  -1.8615926535898204       -6.8851825506539317     
  -1.8565926535898205       -6.9003348793811279     
  -1.8515926535898206       -6.9176831406651615     
  -1.8465926535898207       -6.9368326667044524     
  -1.8415926535898208       -6.9573496088566547     
  -1.8365926535898209       -6.9787707150885847     
  -1.8315926535898210       -7.0006137356208997     
  -1.8265926535898211       -7.0223882242566367     
  -1.8215926535898213       -7.0436064947111756     
  -1.8165926535898214       -7.0637944884246808     
  -1.8115926535898215       -7.0825023128874491     
  -1.8065926535898216       -7.0993142173744026     
  -1.8015926535898217       -7.1138577859819367     
  -1.7965926535898218       -7.1258121456905856     
  -1.7915926535898219       -7.1349150094366038     
  -1.7865926535898220       -7.1409684003650398     
  -1.7815926535898221       -7.1438429329699993     
  -1.7765926535898222       -7.1434805590468491     
  -1.7715926535898223       -7.1398957205709914     
  -1.7665926535898224       -7.1331748870195151     
  -1.7615926535898225       -7.1234744904845479     
  -1.7565926535898226       -7.1110173073972893     
  -1.7515926535898227       -7.0960873700096379     
  -1.7465926535898229       -7.0790235232100986     
  -1.7415926535898230       -7.0602117720707138     
  -1.7365926535898231       -7.0400765920773791     
  -1.7315926535898232       -7.0190713967084077     
  -1.7265926535898233       -6.9976683753988613     
  -1.7215926535898234       -6.9763479285627401     
  -1.7165926535898235       -6.9555879349476619     
  -1.7115926535898236       -6.9358530899841062     
  -1.7065926535898237       -6.9175845518963754     
  -1.7015926535898238       -6.9011901252132803     
  -1.6965926535898239       -6.8870351991172019     
  -1.6915926535898240       -6.8754346410760379     
  -1.6865926535898241       -6.8666458247944293     
  -1.6815926535898242       -6.8608629461751800     
  -1.6765926535898243       -6.8582127522631655     
  -1.6715926535898245       -6.8587517766896653     
  -1.6665926535898246       -6.8624651416412554     
  -1.6615926535898247       -6.8692669515862868     
  -1.6565926535898248       -6.8790022686718073     
  -1.6515926535898249       -6.8914506246358709     
  -1.6465926535898250       -6.9063309900373460     
  -1.6415926535898251       -6.9233080893401615     
  -1.6365926535898252       -6.9419999206104661     
  -1.6315926535898253       -6.9619863119520691     
  -1.6265926535898254       -6.9828183239017623     
  -1.6215926535898255       -7.0040282883371683     
  -1.6165926535898256       -7.0251402604252169     
  -1.6115926535898257       -7.0456806510668377     
  -1.6065926535898258       -7.0651888033723651     
  -1.6015926535898259       -7.0832272780162446     
  -1.5965926535898260       -7.0993916188389967     
  -1.5915926535898262       -7.1133193816443629     
  -1.5865926535898263       -7.1246982255218958     
  -1.5815926535898264       -7.1332728868490900     
  -1.5765926535898265       -7.1388508809306233     
  -1.5715926535898266       -7.1413068044683214     
  -1.5665926535898267       -7.1405851430994849     
  -1.5615926535898268       -7.1367015214079386     
  -1.5565926535898269       -7.1297423673688289     
  -1.5515926535898270       -7.1198629983712802     
  -1.5465926535898271       -7.1072841709958547     
  -1.5415926535898272       -7.0922871708311330     
  -1.5365926535898273       -7.0752075510427792     
  -1.5315926535898274       -7.0564276584414065     
  -1.5265926535898275       -7.0363681127676543     
  -1.5215926535898276       -7.0154784282270999     
  -1.5165926535898278       -6.9942269854470718     
  -1.5115926535898279       -6.9730905765660260     
  -1.5065926535898280       -6.9525437557810754     
  -1.5015926535898281       -6.9330482321540954     
  -1.4965926535898282       -6.9150425407094938     
  -1.4915926535898283       -6.8989322218605524     
  -1.4865926535898284       -6.8850807281043691     
  -1.4815926535898285       -6.8738012609692882     
  -1.4765926535898286       -6.8653497207317118     
  -1.4715926535898287       -6.8599189268896703     
  -1.4665926535898288       -6.8576342393262779     
  -1.4615926535898289       -6.8585506791353117     
  -1.4565926535898290       -6.8626516148925774     
  -1.4515926535898291       -6.8698490454745063     
  -1.4465926535898292       -6.8799854751117495     
  -1.4415926535898294       -6.8928373410047925     
  -1.4365926535898295       -6.9081199193009590     
  -1.4315926535898296       -6.9254936023028595     
  -1.4265926535898297       -6.9445714091771391     
  -1.4215926535898298       -6.9649275648392734     
  -1.4165926535898299       -6.9861069577194304     
  -1.4115926535898300       -7.0076352673015210     
  -1.4065926535898301       -7.0290295371165321     
  -1.4015926535898302       -7.0498089586064587     
  -1.3965926535898303       -7.0695056261908196     
  -1.3915926535898304       -7.0876750240856374     
  -1.3865926535898305       -7.1039060109488510     
  -1.3815926535898306       -7.1178300791436975     
  -1.3765926535898307       -7.1291296810959821     
  -1.3715926535898308       -7.1375454355335322     
  -1.3665926535898310       -7.1428820508975273     
  -1.3615926535898311       -7.1450128313718970     
  -1.3565926535898312       -7.1438826621733229     
  -1.3515926535898313       -7.1395094042973870     
  -1.3465926535898314       -7.1319836640891960     
  -1.3415926535898315       -7.1214669390247556     
  -1.3365926535898316       -7.1081881771591942     
  -1.3315926535898317       -7.0924388230204425     
  -1.3265926535898318       -7.0745664565213637     
  -1.3215926535898319       -7.0549671629773982     
  -1.3165926535898320       -7.0340768008488208     
  -1.3115926535898321       -7.0123613587386791     
  -1.3065926535898322       -6.9903066139089107     
  -1.3015926535898323       -6.9684073206594137     
  -1.2965926535898324       -6.9471561679801210     
  -1.2915926535898326       -6.9270327516760908     
  -1.2865926535898327       -6.9084928065381881     
  -1.2815926535898328       -6.8919579390638619     
  -1.2765926535898329       -6.8778060908200995     
  -1.2715926535898330       -6.8663629469993621     
  -1.2665926535898331       -6.8578944843769376     
  -1.2615926535898332       -6.8526008281709334     
  -1.2565926535898333       -6.8506115587663716     
  -1.2515926535898334       -6.8519825775120413     
  -1.2465926535898335       -6.8566946065247976     
  -1.2415926535898336       -6.8646533613900136     
  -1.2365926535898337       -6.8756913986206847     
  -1.2315926535898338       -6.8895716025458977     
  -1.2265926535898339       -6.9059922397638447     
  -1.2215926535898340       -6.9245934742247437     
  -1.2165926535898341       -6.9449652031857250     
  -1.2115926535898343       -6.9666560444357053     
  -1.2065926535898344       -6.9891832789935968     
  -1.2015926535898345       -7.0120435315307468     
  -1.1965926535898346       -7.0347239535579531     
  -1.1915926535898347       -7.0567136623473070     
  -1.1865926535898348       -7.0775151819152544     
  -1.1815926535898349       -7.0966556313432232     
  -1.1765926535898350       -7.1136974103007278     
  -1.1715926535898351       -7.1282481417837831     
  -1.1665926535898352       -7.1399696475864731     
  -1.1615926535898353       -7.1485857525646344     
  -1.1565926535898354       -7.1538887388946737     
  -1.1515926535898355       -7.1557443007408654     
  -1.1465926535898356       -7.1540948823927524     
  -1.1415926535898357       -7.1489613183140310     
  -1.1365926535898359       -7.1404427308854981     
  -1.1315926535898360       -7.1287146801109920     
  -1.1265926535898361       -7.1140255983419447     
  -1.1215926535898362       -7.0966915813072591     
  -1.1165926535898363       -7.0770896435644701     
  -1.1115926535898364       -7.0556495810953042     
  -1.1065926535898365       -7.0328446153792683     
  -1.1015926535898366       -7.0091810211810435     
  -1.0965926535898367       -6.9851869638467798     
  -1.0915926535898368       -6.9614007905807265     
  -1.0865926535898369       -6.9383590335301255     
  -1.0815926535898370       -6.9165843902222663     
  -1.0765926535898371       -6.8965739487747451     
  -1.0715926535898372       -6.8787879212671612     
  -1.0665926535898373       -6.8636391387788471     
  -1.0615926535898375       -6.8514835460510808     
  -1.0565926535898376       -6.8426119128364702     
  -1.0515926535898377       -6.8372429531867827     
  -1.0465926535898378       -6.8355180137460785     
  -1.0415926535898379       -6.8374974582016064     
  -1.0365926535898380       -6.8431588381283248     
  -1.0315926535898381       -6.8523969013422708     
  -1.0265926535898382       -6.8650254484038271     
  -1.0215926535898383       -6.8807810069701301     
  -1.0165926535898384       -6.8993282531858853     
  -1.0115926535898385       -6.9202670701206586     
  -1.0065926535898386       -6.9431410962796045     
  -1.0015926535898387       -6.9674475832619116     
 -0.99659265358983873       -6.9926483514842905     
 -0.99159265358983872       -7.0181816072121395     
 -0.98659265358983872       -7.0434743635431447     
 -0.98159265358983872       -7.0679551929508078     
 -0.97659265358983871       -7.0910670298854122     
 -0.97159265358983871       -7.1122797389848582     
 -0.96659265358983870       -7.1311021677708348     
 -0.96159265358983870       -7.1470934122647174     
 -0.95659265358983869       -7.1598730395806784     
 -0.95159265358983869       -7.1691300329368435     
 -0.94659265358983868       -7.1746302512355564     
 -0.94159265358983868       -7.1762222268472300     
 -0.93659265358983868       -7.1738411608285881     
 -0.93159265358983867       -7.1675110137581379     
 -0.92659265358983867       -7.1573446318455334     
 -0.92159265358983866       -7.1435418910710009     
 -0.91659265358983866       -7.1263858858986646     
 -0.91159265358983865       -7.1062372326251824     
 -0.90659265358983865       -7.0835265997118402     
 -0.90159265358983864       -7.0587456175661325     
 -0.89659265358983864       -7.0324363572884430     
 -0.89159265358983864       -7.0051796010440235     
 -0.88659265358983863       -6.9775821552020796     
 -0.88159265358983863       -6.9502634805409231     
 -0.87659265358983862       -6.9238419311025883     
 -0.87159265358983862       -6.8989209042664443     
 -0.86659265358983861       -6.8760752090102004     
 -0.86159265358983861       -6.8558379569905403     
 -0.85659265358983860       -6.8386882720030897     
 -0.85159265358983860       -6.8250400977191088     
 -0.84659265358983860       -6.8152323616356156     
 -0.84159265358983859       -6.8095207253488059     
 -0.83659265358983859       -6.8080711181309734     
 -0.83159265358983858       -6.8109552130425914     
 -0.82659265358983858       -6.8181479632351474     
 -0.82159265358983857       -6.8295272715760911     
 -0.81659265358983857       -6.8448758202086388     
 -0.81159265358983856       -6.8638850391484478     
 -0.80659265358983856       -6.8861611455510650     
 -0.80159265358983856       -6.9112331388991883     
 -0.79659265358983855       -6.9385625930838675     
 -0.79159265358983855       -6.9675550451780461     
 -0.78659265358983854       -6.9975727435535893     
 -0.78159265358983854       -7.0279484857245800     
 -0.77659265358983853       -7.0580002496610064     
 -0.77159265358983853       -7.0870463019420651     
 -0.76659265358983852       -7.1144204525115802     
 -0.76159265358983852       -7.1394871193192238     
 -0.75659265358983852       -7.1616558669892019     
 -0.75159265358983851       -7.1803950919027972     
 -0.74659265358983851       -7.1952445416028805     
 -0.74159265358983850       -7.2058263789571679     
 -0.73659265358983850       -7.2118545306281643     
 -0.73159265358983849       -7.2131420945193137     
 -0.72659265358983849       -7.2096066212904342     
 -0.72159265358983848       -7.2012731299311570     
 -0.71659265358983848       -7.1882747658128148     
 -0.71159265358983848       -7.1708510605857985     
 -0.70659265358983847       -7.1493438056643628     
 -0.70159265358983847       -7.1241906037169196     
 -0.69659265358983846       -7.0959162144103489     
 -0.69159265358983846       -7.0651218605039405     
 -0.68659265358983845       -7.0324727071443958     
 -0.68159265358983845       -6.9986837698265552     
 -0.67659265358983844       -6.9645045439826507     
 -0.67159265358983844       -6.9307026806742069     
 -0.66659265358983844       -6.8980470576341109     
 -0.66159265358983843       -6.8672906123289019     
 -0.65659265358983843       -6.8391533133222957     
 -0.65159265358983842       -6.8143056477241988     
 -0.64659265358983842       -6.7933529957807588     
 -0.64159265358983841       -6.7768212487525634     
 -0.63659265358983841       -6.7651440033700769     
 -0.63159265358983840       -6.7586516357510220     
 -0.62659265358983840       -6.7575625202861662     
 -0.62159265358983840       -6.7619766153744427     
 -0.61659265358983839       -6.7718715888887457     
 -0.61159265358983839       -6.7871016028747633     
 -0.60659265358983838       -6.8073988203315441     
 -0.60159265358983838       -6.8323776381785466     
 -0.59659265358983837       -6.8615415909254223     
 -0.59159265358983837       -6.8942928104045365     
 -0.58659265358983836       -6.9299438694860740     
 -0.58159265358983836       -6.9677317832326944     
 -0.57659265358983836       -7.0068338906785916     
 -0.57159265358983835       -7.0463852954736215     
 -0.56659265358983835       -7.0854975050548177     
 -0.56159265358983834       -7.1232778767081033     
 -0.55659265358983834       -7.1588494556322360     
 -0.55159265358983833       -7.1913707755206540     
 -0.54659265358983833       -7.2200551866647018     
 -0.54159265358983832       -7.2441892803937185     
 -0.53659265358983832       -7.2631499918479729     
 -0.53159265358983832       -7.2764199854750942     
 -0.52659265358983831       -7.2836009588954118     
 -0.52159265358983831       -7.2844245403507673     
 -0.51659265358983830       -7.2787605021034958     
 -0.51159265358983830       -7.2666220659866578     
 -0.50659265358983829       -7.2481681367671129     
 -0.50159265358983829       -7.2237023628816219     
 -0.49659265358983828       -7.1936689911433387     
 -0.49159265358983828       -7.1586455508092115     
 -0.48659265358983828       -7.1193324715091464     
 -0.48159265358983827       -7.0765398074998354     
 -0.47659265358983827       -7.0311713060591812     
 -0.47159265358983826       -6.9842061191547797     
 -0.46659265358983826       -6.9366785134410467     
 -0.46159265358983825       -6.8896559828980148     
 -0.45659265358983825       -6.8442162098765902     
 -0.45159265358983824       -6.8014233529635408     
 -0.44659265358983824       -6.7623041631000333     
 -0.44159265358983824       -6.7278244421434721     
 -0.43659265358983823       -6.6988663601250265     
 -0.43159265358983823       -6.6762071386114705     
 -0.42659265358983822       -6.6604995878425015     
 -0.42159265358983822       -6.6522549549233840     
 -0.41659265358983821       -6.6518284997723276     
 -0.41159265358983821       -6.6594081654367994     
 -0.40659265358983820       -6.6750066506943906     
 -0.40159265358983820       -6.6984571266246338     
 -0.39659265358983820       -6.7294127663343488     
 -0.39159265358983819       -6.7673501796439632     
 -0.38659265358983819       -6.8115767638206730     
 -0.38159265358983818       -6.8612418989943631     
 -0.37659265358983818       -6.9153518343891340     
 -0.37159265358983817       -6.9727880306516239     
 -0.36659265358983817       -7.0323286460502370     
 -0.36159265358983816       -7.0926727818097852     
 -0.35659265358983816       -7.1524670359068949     
 -0.35159265358983816       -7.2103338567474031     
 -0.34659265358983815       -7.2649011395990977     
 -0.34159265358983815       -7.3148324706132195     
 -0.33659265358983814       -7.3588573966910129     
 -0.33159265358983814       -7.3958010850744804     
 -0.32659265358983813       -7.4246127348640458     
 -0.32159265358983813       -7.4443921139423965     
 -0.31659265358983812       -7.4544136190069450     
 -0.31159265358983812       -7.4541472933172921     
 -0.30659265358983812       -7.4432762858227663     
 -0.30159265358983811       -7.4217102957718879     
 -0.29659265358983811       -7.3895946177037999     
 -0.29159265358983810       -7.3473144816427469     
 -0.28659265358983810       -7.2954944709218887     
 -0.28159265358983809       -7.2349928937390748     
 -0.27659265358983809       -7.1668910825381769     
 -0.27159265358983808       -7.0924776957462727     
 -0.26659265358983808       -7.0132281973371828     
 -0.26159265358983808       -6.9307797891537009     
 -0.25659265358983807       -6.8469021669243908     
 -0.25159265358983807       -6.7634645615167761     
 -0.24659265358983806       -6.6823996103148060     
 -0.24159265358983806       -6.6056646779514345     
 -0.23659265358983805       -6.5352013093733561     
 -0.23159265358983805       -6.4728935499580089     
 -0.22659265358983804       -6.4205259059498303     
 -0.22159265358983804       -6.3797417428822696     
 -0.21659265358983804       -6.3520029292143034     
 -0.21159265358983803       -6.3385515267239940     
 -0.20659265358983803       -6.3403743081452690     
 -0.20159265358983802       -6.3581708462807764     
 -0.19659265358983802       -6.3923258678414037     
 -0.19159265358983801       -6.4428865003090303     
 -0.18659265358983801       -6.5095449622268315     
 -0.18159265358983800       -6.5916271577861343     
 -0.17659265358983800       -6.6880875369313468     
 -0.17159265358983800       -6.7975104741878924     
 -0.16659265358983799       -6.9181183049543060     
 -0.16159265358983799       -7.0477860391530021     
 -0.15659265358983798       -7.1840626510770216     
 -0.15159265358983798       -7.3241987232375987     
 -0.14659265358983797       -7.4651801032687590     
 -0.14159265358983797       -7.6037671187189657     
 -0.13659265358983796       -7.7365387870318694     
 -0.13159265358983796       -7.8599413592590919     
 -0.12659265358983796       -7.9703404479833075     
 -0.12159265358983795       -8.0640759143018190     
 -0.11659265358983795       -8.1375186270551598     
 -0.11159265358983794       -8.1871281610582880     
 -0.10659265358983794       -8.2095104709078868     
 -0.10159265358983793       -8.2014745637059008     
  -9.6592653589837929E-002  -8.1600871981558889     
  -9.1592653589837925E-002  -8.0827246590333122     
  -8.6592653589837920E-002  -7.9671206947595685     
  -8.1592653589837916E-002  -7.8114097611578686     
  -7.6592653589837911E-002  -7.6141647855601864     
  -7.1592653589837907E-002  -7.3744287510959108     
  -6.6592653589837902E-002  -7.0917394997747190     
  -6.1592653589837905E-002  -6.7661472631783361     
  -5.6592653589837907E-002  -6.3982245492789644     
  -5.1592653589837910E-002  -5.9890681410007582     
  -4.6592653589837912E-002  -5.5402930943843254     
  -4.1592653589837915E-002  -5.0540187592470387     
  -3.6592653589837917E-002  -4.5328469806367480     
  -3.1592653589837920E-002  -3.9798327727210427     
  -2.6592653589837919E-002  -3.3984478856339848     
  -2.1592653589837918E-002  -2.7925378078883827     
  -1.6592653589837917E-002  -2.1662728600416372     
  -1.1592653589837916E-002  -1.5240941373248726     
  -6.5926535898379159E-003 -0.87065514805336308     
  -1.5926535898379158E-003 -0.21076006920900914     
   3.4073464101620843E-003  0.45070040073601397     
   8.4073464101620844E-003   1.1088145699716956     
   1.3407346410162085E-002   1.7587156167081761     
   1.8407346410162086E-002   2.3956467361447622     
   2.3407346410162087E-002   3.0150245319016009     
   2.8407346410162088E-002   3.6124996432546457     
   3.3407346410162089E-002   4.1840136474899809     
   3.8407346410162087E-002   4.7258513412799141     
   4.3407346410162084E-002   5.2346875850031642     
   4.8407346410162082E-002   5.7076279879268217     
   5.3407346410162079E-002   6.1422428184287172     
   5.8407346410162077E-002   6.5365936400338347     
   6.3407346410162074E-002   6.8892522988531759     
   6.8407346410162079E-002   7.1993120187877802     
   7.3407346410162083E-002   7.4663904952332842     
   7.8407346410162088E-002   7.6906250135717231     
   8.3407346410162092E-002   7.8726597530347417     
   8.8407346410162096E-002   8.0136255671665353     
   9.3407346410162101E-002   8.1151126567827934     
   9.8407346410162105E-002   8.1791366678109529     
  0.10340734641016211        8.2080988526658114     
  0.10840734641016211        8.2047410280181925     
  0.11340734641016212        8.1720961423414007     
  0.11840734641016212        8.1134353321179482     
  0.12340734641016213        8.0322123949907471     
  0.12840734641016213        7.9320066406832668     
  0.13340734641016214        7.8164650957438155     
  0.13840734641016214        7.6892450359624620     
  0.14340734641016215        7.5539578008611503     
  0.14840734641016215        7.4141148084804183     
  0.15340734641016215        7.2730766365977635     
  0.15840734641016216        7.1340059696180855     
  0.16340734641016216        6.9998251300465455     
  0.16840734641016217        6.8731788212961220     
  0.17340734641016217        6.7564026064095364     
  0.17840734641016218        6.6514975370703295     
  0.18340734641016218        6.5601112311545942     
  0.18840734641016219        6.4835255772365779     
  0.19340734641016219        6.4226511231590377     
  0.19840734641016219        6.3780280852682498     
  0.20340734641016220        6.3498337974116126     
  0.20840734641016220        6.3378963064395748     
  0.21340734641016221        6.3417137157612986     
  0.21840734641016221        6.3604787823349884     
  0.22340734641016222        6.3931081869989450     
  0.22840734641016222        6.4382758247167811     
  0.23340734641016223        6.4944494013215932     
  0.23840734641016223        6.5599295776348061     
  0.24340734641016223        6.6328908710591925     
  0.24840734641016224        6.7114235092627226     
  0.25340734641016222        6.7935754304478690     
  0.25840734641016222        6.8773936397103066     
  0.26340734641016222        6.9609641606192687     
  0.26840734641016223        7.0424498646111324     
  0.27340734641016223        7.1201255170369802     
  0.27840734641016224        7.1924094464703119     
  0.28340734641016224        7.2578913216842018     
  0.28840734641016225        7.3153556068970058     
  0.29340734641016225        7.3638003586705461     
  0.29840734641016226        7.4024511253307912     
  0.30340734641016226        7.4307698100091555     
  0.30840734641016226        7.4484584593877754     
  0.31340734641016227        7.4554580400030055     
  0.31840734641016227        7.4519423605968331     
  0.32340734641016228        7.4383073906753081     
  0.32840734641016228        7.4151563104273182     
  0.33340734641016229        7.3832807039232513     
  0.33840734641016229        7.3436383746827820     
  0.34340734641016230        7.2973283191135270     
  0.34840734641016230        7.2455634380462071     
  0.35340734641016230        7.1896415989411491     
  0.35840734641016231        7.1309156808820644     
  0.36340734641016231        7.0707632410356700     
  0.36840734641016232        7.0105564349272997     
  0.37340734641016232        6.9516328040067794     
  0.37840734641016233        6.8952675131446801     
  0.38340734641016233        6.8426475787238683     
  0.38840734641016234        6.7948485759051565     
  0.39340734641016234        6.7528142526645878     
  0.39840734641016234        6.7173394097002861     
  0.40340734641016235        6.6890563307967525     
  0.40840734641016235        6.6684249693195534     
  0.41340734641016236        6.6557270148650884     
  0.41840734641016236        6.6510638814104324     
  0.42340734641016237        6.6543585762937809     
  0.42840734641016237        6.6653613296665384     
  0.43340734641016238        6.6836587882802245     
  0.43840734641016238        6.7086865070898103     
  0.44340734641016238        6.7397444085226192     
  0.44840734641016239        6.7760148235737452     
  0.45340734641016239        6.8165826821610729     
  0.45840734641016240        6.8604573832227178     
  0.46340734641016240        6.9065958484731249     
  0.46840734641016241        6.9539262479344410     
  0.47340734641016241        7.0013718804850775     
  0.47840734641016242        7.0478746986468721     
  0.48340734641016242        7.0924179833747667     
  0.48840734641016242        7.1340477012113048     
  0.49340734641016243        7.1718921121168915     
  0.49840734641016243        7.2051792406951751     
  0.50340734641016238        7.2332518753487935     
  0.50840734641016239        7.2555798179324169     
  0.51340734641016239        7.2717691694135294     
  0.51840734641016240        7.2815685035188196     
  0.52340734641016240        7.2848718488925783     
  0.52840734641016240        7.2817184694572878     
  0.53340734641016241        7.2722895009866297     
  0.53840734641016241        7.2569015679551745     
  0.54340734641016242        7.2359975671616503     
  0.54840734641016242        7.2101348621723682     
  0.55340734641016243        7.1799711841547431     
  0.55840734641016243        7.1462485791663370     
  0.56340734641016244        7.1097757785915761     
  0.56840734641016244        7.0714093975104584     
  0.57340734641016244        7.0320343848646054     
  0.57840734641016245        6.9925441590736606     
  0.58340734641016245        6.9538208631676133     
  0.58840734641016246        6.9167161646531286     
  0.59340734641016246        6.8820330075359015     
  0.59840734641016247        6.8505086976695369     
  0.60340734641016247        6.8227996685637695     
  0.60840734641016248        6.7994682337829877     
  0.61340734641016248        6.7809715850628605     
  0.61840734641016248        6.7676532433433625     
  0.62340734641016249        6.7597371142299139     
  0.62840734641016249        6.7573242411837011     
  0.63340734641016250        6.7603922902804152     
  0.63840734641016250        6.7687977409482345     
  0.64340734641016251        6.7822806989691582     
  0.64840734641016251        6.8004721924293561     
  0.65340734641016252        6.8229037593924611     
  0.65840734641016252        6.8490190889113229     
  0.66340734641016252        6.8781874355422383     
  0.66840734641016253        6.9097184926021269     
  0.67340734641016253        6.9428783816863344     
  0.67840734641016254        6.9769063959541624     
  0.68340734641016254        7.0110321227322370     
  0.68840734641016255        7.0444925672481729     
  0.69340734641016255        7.0765489037762936     
  0.69840734641016256        7.1065024929663743     
  0.70340734641016256        7.1337098242783519     
  0.70840734641016256        7.1575960697432155     
  0.71340734641016257        7.1776669690481123     
  0.71840734641016257        7.1935188054047110     
  0.72340734641016258        7.2048462758938054     
  0.72840734641016258        7.2114481079817443     
  0.73340734641016259        7.2132303246015068     
  0.73840734641016259        7.2102071124611742     
  0.74340734641016259        7.2024993009413185     
  0.74840734641016260        7.1903305109280895     
  0.75340734641016260        7.1740210830852806     
  0.75840734641016261        7.1539799423310928     
  0.76340734641016261        7.1306945986607078     
  0.76840734641016262        7.1047195230451390     
  0.77340734641016262        7.0766631701519618     
  0.77840734641016263        7.0471739464140466     
  0.78340734641016263        7.0169254419995006     
  0.78840734641016263        6.9866012581389532     
  0.79340734641016264        6.9568797668349589     
  0.79840734641016264        6.9284191381587661     
  0.80340734641016265        6.9018429612420515     
  0.80840734641016265        6.8777267689583912     
  0.81340734641016266        6.8565857535756383     
  0.81840734641016266        6.8388639318988389     
  0.82340734641016267        6.8249249842915347     
  0.82840734641016267        6.8150449532513369     
  0.83340734641016267        6.8094069448039223     
  0.83840734641016268        6.8080979308220764     
  0.84340734641016268        6.8111077034786334     
  0.84840734641016269        6.8183299854379067     
  0.85340734641016269        6.8295656521214196     
  0.85840734641016270        6.8445279764748150     
  0.86340734641016270        6.8628497631022869     
  0.86840734641016271        6.8840921983500749     
  0.87340734641016271        6.9077552067626637     
  0.87840734641016271        6.9332890730568764     
  0.88340734641016272        6.9601070630030186     
  0.88840734641016272        6.9875987568847826     
  0.89340734641016273        7.0151437959126151     
  0.89840734641016273        7.0421257353286943     
  0.90340734641016274        7.0679456980575450     
  0.90840734641016274        7.0920355295707420     
  0.91340734641016275        7.1138701679469838     
  0.91840734641016275        7.1329789625803688     
  0.92340734641016275        7.1489557001491937     
  0.92840734641016276        7.1614671267132568     
  0.93340734641016276        7.1702597894618689     
  0.93840734641016277        7.1751650598981511     
  0.94340734641016277        7.1761022412568387     
  0.94840734641016278        7.1730797057964759     
  0.95340734641016278        7.1661940513334939     
  0.95840734641016279        7.1556273100341672     
  0.96340734641016279        7.1416422850961272     
  0.96840734641016279        7.1245761316108727     
  0.97340734641016280        7.1048323357250691     
  0.97840734641016280        7.0828712804052136     
  0.98340734641016281        7.0591996159320924     
  0.98840734641016281        7.0343586780862895     
  0.99340734641016282        7.0089122163221678     
  0.99840734641016282        6.9834337076783699     
   1.0034073464101627        6.9584935394807976     
   1.0084073464101626        6.9346463449390896     
   1.0134073464101625        6.9124187705357345     
   1.0184073464101624        6.8922979428112185     
   1.0234073464101623        6.8747208850448818     
   1.0284073464101622        6.8600651118280762     
   1.0334073464101621        6.8486406021514670     
   1.0384073464101620        6.8406833200092283     
   1.0434073464101619        6.8363504163793474     
   1.0484073464101618        6.8357172085606335     
   1.0534073464101616        6.8387759930815690     
   1.0584073464101615        6.8454367076248879     
   1.0634073464101614        6.8555294165360863     
   1.0684073464101613        6.8688085544001662     
   1.0734073464101612        6.8849588237542987     
   1.0784073464101611        6.9036026070880636     
   1.0834073464101610        6.9243087206424070     
   1.0884073464101609        6.9466023088517757     
   1.0934073464101608        6.9699756541892368     
   1.0984073464101607        6.9938996581764430     
   1.1034073464101606        7.0178357357992800     
   1.1084073464101605        7.0412478577951170     
   1.1134073464101604        7.0636144733895705     
   1.1184073464101603        7.0844400500720353     
   1.1234073464101602        7.1032659767917670     
   1.1284073464101601        7.1196805922871649     
   1.1334073464101599        7.1333281207652126     
   1.1384073464101598        7.1439163223516955     
   1.1434073464101597        7.1512226950582596     
   1.1484073464101596        7.1550990977965681     
   1.1534073464101595        7.1554746994758069     
   1.1584073464101594        7.1523571966542194     
   1.1634073464101593        7.1458322807471149     
   1.1684073464101592        7.1360613745700281     
   1.1734073464101591        7.1232776961630977     
   1.1784073464101590        7.1077807445643080     
   1.1834073464101589        7.0899293366737188     
   1.1884073464101588        7.0701333558291717     
   1.1934073464101587        7.0488444005166135     
   1.1984073464101586        7.0265455451682906     
   1.2034073464101585        7.0037404437601545     
   1.2084073464101583        6.9809420205109989     
   1.2134073464101582        6.9586610001334979     
   1.2184073464101581        6.9373945326318127     
   1.2234073464101580        6.9176151645484962     
   1.2284073464101579        6.8997603999246619     
   1.2334073464101578        6.8842230802622213     
   1.2384073464101577        6.8713427937940716     
   1.2434073464101576        6.8613985008128893     
   1.2484073464101575        6.8546025342171983     
   1.2534073464101574        6.8510961034270341     
   1.2584073464101573        6.8509463960950088     
   1.2634073464101572        6.8541453363450149     
   1.2684073464101571        6.8606100214022137     
   1.2734073464101570        6.8701848212513292     
   1.2784073464101569        6.8826450891964317     
   1.2834073464101567        6.8977023957029528     
   1.2884073464101566        6.9150111644598038     
   1.2934073464101565        6.9341765589360742     
   1.2984073464101564        6.9547634404911589     
   1.3034073464101563        6.9763061959168127     
   1.3084073464101562        6.9983192136455150     
   1.3134073464101561        7.0203077741468602     
   1.3184073464101560        7.0417791115429571     
   1.3234073464101559        7.0622534003748987     
   1.3284073464101558        7.0812744238004450     
   1.3334073464101557        7.0984196872300780     
   1.3384073464101556        7.1133097543306567     
   1.3434073464101555        7.1256166001433581     
   1.3484073464101554        7.1350707983707826     
   1.3534073464101553        7.1414673861827946     
   1.3584073464101551        7.1446702795827992     
   1.3634073464101550        7.1446151448015458     
   1.3684073464101549        7.1413106656237328     
   1.3734073464101548        7.1348381822378331     
   1.3784073464101547        7.1253497133430770     
   1.3834073464101546        7.1130644090498167     
   1.3884073464101545        7.0982635167823469     
   1.3934073464101544        7.0812839751736334     
   1.3984073464101543        7.0625107811102508     
   1.4034073464101542        7.0423683019826910     
   1.4084073464101541        7.0213107282344431     
   1.4134073464101540        6.9998118799814533     
   1.4184073464101539        6.9783545953888986     
   1.4234073464101538        6.9574199373448060     
   1.4284073464101537        6.9374764585756479     
   1.4334073464101535        6.9189697636356815     
   1.4384073464101534        6.9023125992172014     
   1.4434073464101533        6.8878756921359079     
   1.4484073464101532        6.8759795374192034     
   1.4534073464101531        6.8668873175469036     
   1.4584073464101530        6.8607991085421514     
   1.4634073464101529        6.8578474998503971     
   1.4684073464101528        6.8580947234170733     
   1.4734073464101527        6.8615313537781981     
   1.4784073464101526        6.8680766060586960     
   1.4834073464101525        6.8775802233023269     
   1.4884073464101524        6.8898259093192875     
   1.4934073464101523        6.9045362290101426     
   1.4984073464101522        6.9213788656626809     
   1.5034073464101521        6.9399740947363657     
   1.5084073464101520        6.9599033068069378     
   1.5134073464101518        6.9807183892306917     
   1.5184073464101517        7.0019517572113985     
   1.5234073464101516        7.0231268107256222     
   1.5284073464101515        7.0437685844942903     
   1.5334073464101514        7.0634143540813676     
   1.5384073464101513        7.0816239623401618     
   1.5434073464101512        7.0979896367858677     
   1.5484073464101511        7.1121450799059760     
   1.5534073464101510        7.1237736306712733     
   1.5584073464101509        7.1326153162189989     
   1.5634073464101508        7.1384726373859300     
   1.5684073464101507        7.1412149599249206     
   1.5734073464101506        7.1407814142210073     
   1.5784073464101505        7.1371822394465152     
   1.5834073464101504        7.1304985426264613     
   1.5884073464101502        7.1208804782630271     
   1.5934073464101501        7.1085438892128900     
   1.5984073464101500        7.0937654836506425     
   1.6034073464101499        7.0768766554302545     
   1.6084073464101498        7.0582560852578586     
   1.6134073464101497        7.0383212871476566     
   1.6184073464101496        7.0175192880510089     
   1.6234073464101495        6.9963166478088610     
   1.6284073464101494        6.9751890412534898     
   1.6334073464101493        6.9546106340527887     
   1.6384073464101492        6.9350434885312113     
   1.6434073464101491        6.9169272351132651     
   1.6484073464101490        6.9006692392284377     
   1.6534073464101489        6.8866354826181473     
   1.6584073464101488        6.8751423622339134     
   1.6634073464101486        6.8664495896574627     
   1.6684073464101485        6.8607543496532619     
   1.6734073464101484        6.8581868486176187     
   1.6784073464101483        6.8588073529285412     
   1.6834073464101482        6.8626047842053604     
   1.6884073464101481        6.8694969039839036     
   1.6934073464101480        6.8793320850634609     
   1.6984073464101479        6.8918926315634579     
   1.7034073464101478        6.9068995753199722     
   1.7084073464101477        6.9240188434144523     
   1.7134073464101476        6.9428686610882933     
   1.7184073464101475        6.9630280267319540     
   1.7234073464101474        6.9840460716604937     
   1.7284073464101473        7.0054520975305001     
   1.7334073464101472        7.0267660689610727     
   1.7384073464101470        7.0475093285362318     
   1.7434073464101469        7.0672152961237531     
   1.7484073464101468        7.0854399144680880     
   1.7534073464101467        7.1017716083092113     
   1.7584073464101466        7.1158405347350868     
   1.7634073464101465        7.1273269178696221     
   1.7684073464101464        7.1359682809966163     
   1.7734073464101463        7.1415654133899427     
   1.7784073464101462        7.1439869369314888     
   1.7834073464101461        7.1431723684450281     
   1.7884073464101460        7.1391336068772260     
   1.7934073464101459        7.1319548092889189     
   1.7984073464101458        7.1217906553127346     
   1.8034073464101457        7.1088630355002991     
   1.8084073464101456        7.0934562340341225     
   1.8134073464101454        7.0759107098392828     
   1.8184073464101453        7.0566156114543714     
   1.8234073464101452        7.0360001894134747     
   1.8284073464101451        7.0145242947172584     
   1.8334073464101450        6.9926681726766979     
   1.8384073464101449        6.9709217775298349     
   1.8434073464101448        6.9497738443957200     
   1.8484073464101447        6.9297009610811475     
   1.8534073464101446        6.9111568828521284     
   1.8584073464101445        6.8945623284973250     
   1.8634073464101444        6.8802954859376575     
   1.8684073464101443        6.8686834404840500     
   1.8734073464101442        6.8599947189361199     
   1.8784073464101441        6.8544331184760230     
   1.8834073464101440        6.8521329612669257     
   1.8884073464101438        6.8531558844251030     
   1.8934073464101437        6.8574892412782313     
   1.8984073464101436        6.8650461542899377     
   1.9034073464101435        6.8756672235003098     
   1.9084073464101434        6.8891238576089764     
   1.9134073464101433        6.9051231587208175     
   1.9184073464101432        6.9233142570840052     
   1.9234073464101431        6.9432959596458241     
   1.9284073464101430        6.9646255466585894     
   1.9334073464101429        6.9868285245472395     
   1.9384073464101428        7.0094091213895142     
   1.9434073464101427        7.0318612941531295     
   1.9484073464101426        7.0536800046791166     
   1.9534073464101425        7.0743725145802872     
   1.9584073464101424        7.0934694479084914     
   1.9634073464101423        7.1105353746813273     
   1.9684073464101421        7.1251786780745592     
   1.9734073464101420        7.1370604830860804     
   1.9784073464101419        7.1459024444485273     
   1.9834073464101418        7.1514932160884506     
   1.9884073464101417        7.1536934529765830     
   1.9934073464101416        7.1524392281706151     
   1.9984073464101415        7.1477437825282850     
   2.0034073464101416        7.1396975612088065     
   2.0084073464101415        7.1284665288853324     
   2.0134073464101414        7.1142887937299610     
   2.0184073464101413        7.0974696078662589     
   2.0234073464101412        7.0783748482804301     
   2.0284073464101411        7.0574231163343111     
   2.0334073464101410        7.0350766252693617     
   2.0384073464101409        7.0118310727293851     
   2.0434073464101408        6.9882047187349086     
   2.0484073464101407        6.9647269081800021     
   2.0534073464101406        6.9419262903597696     
   2.0584073464101404        6.9203189959546378     
   2.0634073464101403        6.9003970340953771     
   2.0684073464101402        6.8826171685359778     
   2.0734073464101401        6.8673905226215179     
   2.0784073464101400        6.8550731478341946     
   2.0834073464101399        6.8459577705334729     
   2.0884073464101398        6.8402669064953558     
   2.0934073464101397        6.8381475035277406     
   2.0984073464101396        6.8396672394185654     
   2.1034073464101395        6.8448125664695629     
   2.1084073464101394        6.8534885556590783     
   2.1134073464101393        6.8655205538925657     
   2.1184073464101392        6.8806576277038145     
   2.1234073464101391        6.8985777270441648     
   2.1284073464101390        6.9188944643177477     
   2.1334073464101388        6.9411653674420890     
   2.1384073464101387        6.9649014322480252     
   2.1434073464101386        6.9895777697337378     
   2.1484073464101385        7.0146451182312077     
   2.1534073464101384        7.0395419700151036     
   2.1584073464101383        7.0637070467634571     
   2.1634073464101382        7.0865918489315671     
   2.1684073464101381        7.1076730007641737     
   2.1734073464101380        7.1264641154561046     
   2.1784073464101379        7.1425269138528860     
   2.1834073464101378        7.1554813449029879     
   2.1884073464101377        7.1650144765419119     
   2.1934073464101376        7.1708879513910651     
   2.1984073464101375        7.1729438320582855     
   2.2034073464101374        7.1711086952938556     
   2.2084073464101373        7.1653958720536144     
   2.2134073464101371        7.1559057708410050     
   2.2184073464101370        7.1428242636717165     
   2.2234073464101369        7.1264191567178239     
   2.2284073464101368        7.1070348102084830     
   2.2334073464101367        7.0850850135565979     
   2.2384073464101366        7.0610442610278517     
   2.2434073464101365        7.0354376096926456     
   2.2484073464101364        7.0088293340815477     
   2.2534073464101363        6.9818106201583552     
   2.2584073464101362        6.9549865642794257     
   2.2634073464101361        6.9289627601820261     
   2.2684073464101360        6.9043317683147816     
   2.2734073464101359        6.8816597666981698     
   2.2784073464101358        6.8614736808282881     
   2.2834073464101357        6.8442490819001636     
   2.2884073464101355        6.8303991279596810     
   2.2934073464101354        6.8202648017674461     
   2.2984073464101353        6.8141066725833674     
   2.3034073464101352        6.8120983772952624     
   2.3084073464101351        6.8143219799737311     
   2.3134073464101350        6.8207653287993955     
   2.3184073464101349        6.8313214862261500     
   2.3234073464101348        6.8457902631348944     
   2.3284073464101347        6.8638818415681806     
   2.3334073464101346        6.8852224244184255     
   2.3384073464101345        6.9093618051827175     
   2.3434073464101344        6.9357827075937459     
   2.3484073464101343        6.9639117045535643     
   2.3534073464101342        6.9931314892420033     
   2.3584073464101341        7.0227942393784000     
   2.3634073464101339        7.0522357891202283     
   2.3684073464101338        7.0807903026134449     
   2.3734073464101337        7.1078051292659046     
   2.3784073464101336        7.1326555137615806     
   2.3834073464101335        7.1547588338853387     
   2.3884073464101334        7.1735880464486073     
   2.3934073464101333        7.1886840359056094     
   2.3984073464101332        7.1996665813794518     
   2.4034073464101331        7.2062436853821605     
   2.4084073464101330        7.2082190409715858     
   2.4134073464101329        7.2054974527670703     
   2.4184073464101328        7.1980880703538794     
   2.4234073464101327        7.1861053392452359     
   2.4284073464101326        7.1697676237602908     
   2.4334073464101325        7.1493935068704682     
   2.4384073464101323        7.1253958231756034     
   2.4434073464101322        7.0982735315887169     
   2.4484073464101321        7.0686015829286424     
   2.4534073464101320        7.0370189833676884     
   2.4584073464101319        7.0042152965335349     
   2.4634073464101318        6.9709158640682434     
   2.4684073464101317        6.9378660557501757     
   2.4734073464101316        6.9058148851436405     
   2.4784073464101315        6.8754983445496380     
   2.4834073464101314        6.8476228233244489     
   2.4884073464101313        6.8228489761069833     
   2.4934073464101312        6.8017764020098426     
   2.4984073464101311        6.7849294824140429     
   2.5034073464101310        6.7727447038642872     
   2.5084073464101309        6.7655597640614262     
   2.5134073464101307        6.7636047236235228     
   2.5184073464101306        6.7669954248226558     
   2.5234073464101305        6.7757293517270050     
   2.5284073464101304        6.7896840550337316     
   2.5334073464101303        6.8086182104234112     
   2.5384073464101302        6.8321753226354609     
   2.5434073464101301        6.8598900298526573     
   2.5484073464101300        6.8911969056228113     
   2.5534073464101299        6.9254415996751977     
   2.5584073464101298        6.9618941058316057     
   2.5634073464101297        6.9997638959448087     
   2.5684073464101296        7.0382166145294178     
   2.5734073464101295        7.0763919904978954     
   2.5784073464101294        7.1134225910760520     
   2.5834073464101293        7.1484530193099420     
   2.5884073464101292        7.1806591411979683     
   2.5934073464101290        7.2092669218258694     
   2.5984073464101289        7.2335704522065951     
   2.6034073464101288        7.2529487599015416     
   2.6084073464101287        7.2668810168022224     
   2.6134073464101286        7.2749597863695294     
   2.6184073464101285        7.2769019896601987     
   2.6234073464101284        7.2725573139383748     
   2.6284073464101283        7.2619138387290114     
   2.6334073464101282        7.2451007108215926     
   2.6384073464101281        7.2223877608519063     
   2.6434073464101280        7.1941820184362504     
   2.6484073464101279        7.1610211490871016     
   2.6534073464101278        7.1235639029207851     
   2.6584073464101277        7.0825777310660900     
   2.6634073464101276        7.0389237892896475     
   2.6684073464101274        6.9935396082858876     
   2.6734073464101273        6.9474197650158436     
   2.6784073464101272        6.9015949381822956     
   2.6834073464101271        6.8571097722773189     
   2.6884073464101270        6.8150000076476225     
   2.6934073464101269        6.7762693578703503     
   2.6984073464101268        6.7418666297737868     
   2.7034073464101267        6.7126635852263696     
   2.7084073464101266        6.6894340371132488     
   2.7134073464101265        6.6728346546978328     
   2.7184073464101264        6.6633879260197775     
   2.7234073464101263        6.6614676875215677     
   2.7284073464101262        6.6672875843465880     
   2.7334073464101261        6.6808927695352320     
   2.7384073464101260        6.7021550876757239     
   2.7434073464101258        6.7307719196214313     
   2.7484073464101257        6.7662687909949550     
   2.7534073464101256        6.8080057698100083     
   2.7584073464101255        6.8551875991965581     
   2.7634073464101254        6.9068774315189261     
   2.7684073464101253        6.9620139517670721     
   2.7734073464101252        7.0194316026113750     
   2.7784073464101251        7.0778835525415174     
   2.7834073464101250        7.1360669835908270     
   2.7884073464101249        7.1926502177081302     
   2.7934073464101248        7.2463011521818155     
   2.7984073464101247        7.2957164357833566     
   2.8034073464101246        7.3396507894394114     
   2.8084073464101245        7.3769458590127641     
   2.8134073464101244        7.4065579836994520     
   2.8184073464101242        7.4275842719247107     
   2.8234073464101241        7.4392863974855237     
   2.8284073464101240        7.4411115618384658     
   2.8334073464101239        7.4327101134109910     
   2.8384073464101238        7.4139493709242092     
   2.8434073464101237        7.3849232640235183     
   2.8484073464101236        7.3459574798716432     
   2.8534073464101235        7.2976098874203963     
   2.8584073464101234        7.2406661003254138     
   2.8634073464101233        7.1761301332387690     
   2.8684073464101232        7.1052102027310298     
   2.8734073464101231        7.0292998215013416     
   2.8784073464101230        6.9499544309306014     
   2.8834073464101229        6.8688639105120464     
   2.8884073464101228        6.7878213913775340     
   2.8934073464101226        6.7086888832185529     
   2.8984073464101225        6.6333602976716444     
   2.9034073464101224        6.5637225151330014     
   2.9084073464101223        6.5016151945902863     
   2.9134073464101222        6.4487900662153796     
   2.9184073464101221        6.4068704731803994     
   2.9234073464101220        6.3773119417187791     
   2.9284073464101219        6.3613645563938910     
   2.9334073464101218        6.3600379006784369     
   2.9384073464101217        6.3740692913874586     
   2.9434073464101216        6.4038959896300112     
   2.9484073464101215        6.4496320114125192     
   2.9534073464101214        6.5110500887704843     
   2.9584073464101213        6.5875692485127928     
   2.9634073464101212        6.6782483817517733     
   2.9684073464101211        6.7817860749918895     
   2.9734073464101209        6.8965268644689237     
   2.9784073464101208        7.0204739616232663     
   2.9834073464101207        7.1513083811226528     
   2.9884073464101206        7.2864142858582461     
   2.9934073464101205        7.4229102479935891     
   2.9984073464101204        7.5576860136106809     
   3.0034073464101203        7.6874442528818436     
   3.0084073464101202        7.8087466800211605     
   3.0134073464101201        7.9180638394269405     
   3.0184073464101200        8.0118277781408889     
   3.0234073464101199        8.0864867615460625     
   3.0284073464101198        8.1385611403976874     
   3.0334073464101197        8.1646994438660982     
   3.0384073464101196        8.1617337560291610     
   3.0434073464101195        8.1267334326474323     
   3.0484073464101193        8.0570562312498293     
   3.0534073464101192        7.9503959604011518     
   3.0584073464101191        7.8048258030575512     
   3.0634073464101190        7.6188365333818862     
   3.0684073464101189        7.3913689252384165     
   3.0734073464101188        7.1218397424941884     
   3.0784073464101187        6.8101608046550268     
   3.0834073464101186        6.4567507344672581     
   3.0884073464101185        6.0625391149474730     
   3.0934073464101184        5.6289629097330911     
   3.0984073464101183        5.1579551304370268     
   3.1034073464101182        4.6519258655296136     
   3.1084073464101181        4.1137359148199630     
   3.1134073464101180        3.5466633995440673     
   3.1184073464101179        2.9543638381216151     
   3.1234073464101177        2.3408242896527600     
   3.1284073464101176        1.7103122691658847     
   3.1334073464101175        1.0673202286517851     
   3.1384073464101174       0.41650647439766347     
