  -3.1415926535897931       -3.0828869348385684E-014
  -3.1365926535897932       -1.1559266728406894     
  -3.1315926535897933       -2.2836076672703731     
  -3.1265926535897934       -3.3560832623663774     
  -3.1215926535897935       -4.3488951417324131     
  -3.1165926535897936       -5.2411650508903822     
  -3.1115926535897938       -6.0164785805568073     
  -3.1065926535897939       -6.6635276315250866     
  -3.1015926535897940       -7.1764794682073552     
  -3.0965926535897941       -7.5550564277465320     
  -3.0915926535897942       -7.8043273079655036     
  -3.0865926535897943       -7.9342281546613842     
  -3.0815926535897944       -7.9588455760330126     
  -3.0765926535897945       -7.8955088896120085     
  -3.0715926535897946       -7.7637475662611761     
  -3.0665926535897947       -7.5841769885400536     
  -3.0615926535897948       -7.3773781355812087     
  -3.0565926535897949       -7.1628353488999839     
  -3.0515926535897950       -6.9579909884246307     
  -3.0465926535897951       -6.7774669663778129     
  -3.0415926535897952       -6.6324914750007258     
  -3.0365926535897954       -6.5305555007067682     
  -3.0315926535897955       -6.4753088572553912     
  -3.0265926535897956       -6.4666904443617055     
  -3.0215926535897957       -6.5012732069732921     
  -3.0165926535897958       -6.5727917232831068     
  -3.0115926535897959       -6.6728102461826238     
  -3.0065926535897960       -6.7914819462540175     
  -3.0015926535897961       -6.9183464257280836     
  -2.9965926535897962       -7.0431124312961435     
  -2.9915926535897963       -7.1563759921899921     
  -2.9865926535897964       -7.2502306268426144     
  -2.9815926535897965       -7.3187352769223297     
  -2.9765926535897966       -7.3582165630579803     
  -2.9715926535897967       -7.3673940241343887     
  -2.9665926535897968       -7.3473293598254701     
  -2.9615926535897970       -7.3012125065762357     
  -2.9565926535897971       -7.2340078640049557     
  -2.9515926535897972       -7.1519924872631186     
  -2.9465926535897973       -7.0622240613796787     
  -2.9415926535897974       -6.9719796515117647     
  -2.9365926535897975       -6.8882064565913428     
  -2.9315926535897976       -6.8170231671799018     
  -2.9265926535897977       -6.7633053200813773     
  -2.9215926535897978       -6.7303807012164363     
  -2.9165926535897979       -6.7198519576947131     
  -2.9115926535897980       -6.7315538135082651     
  -2.9065926535897981       -6.7636423552857652     
  -2.9015926535897982       -6.8128044694111685     
  -2.8965926535897983       -6.8745673145698678     
  -2.8915926535897984       -6.9436812464658972     
  -2.8865926535897986       -7.0145452776206341     
  -2.8815926535897987       -7.0816421951365349     
  -2.8765926535897988       -7.1399509375047563     
  -2.8715926535897989       -7.1853066366128093     
  -2.8665926535897990       -7.2146835885800353     
  -2.8615926535897991       -7.2263829132100641     
  -2.8565926535897992       -7.2201142770570694     
  -2.8515926535897993       -7.1969692038187851     
  -2.8465926535897994       -7.1592915703626607     
  -2.8415926535897995       -7.1104583017710361     
  -2.8365926535897996       -7.0545895128741760     
  -2.8315926535897997       -6.9962119753254264     
  -2.8265926535897998       -6.9399025248425907     
  -2.8215926535897999       -6.8899387153372356     
  -2.8165926535898000       -6.8499826809659110     
  -2.8115926535898002       -6.8228209382888698     
  -2.8065926535898003       -6.8101780373476162     
  -2.8015926535898004       -6.8126159508694721     
  -2.7965926535898005       -6.8295243511493320     
  -2.7915926535898006       -6.8591999817379703     
  -2.7865926535898007       -6.8990067053559558     
  -2.7815926535898008       -6.9456019838718523     
  -2.7765926535898009       -6.9952109333532517     
  -2.7715926535898010       -7.0439260101548307     
  -2.7665926535898011       -7.0880090153565982     
  -2.7615926535898012       -7.1241725152663049     
  -2.7565926535898013       -7.1498198923003526     
  -2.7515926535898014       -7.1632268653324926     
  -2.7465926535898015       -7.1636521457481255     
  -2.7415926535898016       -7.1513705364073887     
  -2.7365926535898017       -7.1276277948155835     
  -2.7315926535898019       -7.0945225100727463     
  -2.7265926535898020       -7.0548256429600986     
  -2.7215926535898021       -7.0117528560688021     
  -2.7165926535898022       -6.9687079997249404     
  -2.7115926535898023       -6.9290179024911129     
  -2.7065926535898024       -6.8956788386747281     
  -2.7015926535898025       -6.8711337250607816     
  -2.6965926535898026       -6.8570963660960835     
  -2.6915926535898027       -6.8544351555836336     
  -2.6865926535898028       -6.8631238721598944     
  -2.6815926535898029       -6.8822619524529420     
  -2.6765926535898030       -6.9101612959762448     
  -2.6715926535898031       -6.9444916536676606     
  -2.6665926535898032       -6.9824723494232357     
  -2.6615926535898033       -7.0210947932299392     
  -2.6565926535898035       -7.0573581957255831     
  -2.6515926535898036       -7.0885002194263116     
  -2.6465926535898037       -7.1122050275051345     
  -2.6415926535898038       -7.1267732366396617     
  -2.6365926535898039       -7.1312414674328073     
  -2.6315926535898040       -7.1254432523637439     
  -2.6265926535898041       -7.1100076832014754     
  -2.6215926535898042       -7.0862969968012637     
  -2.6165926535898043       -7.0562889409859437     
  -2.6115926535898044       -7.0224138809183936     
  -2.6065926535898045       -6.9873598966199379     
  -2.6015926535898046       -6.9538613475134490     
  -2.5965926535898047       -6.9244873881316096     
  -2.5915926535898048       -6.9014466533143368     
  -2.5865926535898049       -6.8864228318769252     
  -2.5815926535898051       -6.8804532485094185     
  -2.5765926535898052       -6.8838590897546119     
  -2.5715926535898053       -6.8962318204805140     
  -2.5665926535898054       -6.9164759633234265     
  -2.5615926535898055       -6.9429040929941186     
  -2.5565926535898056       -6.9733759589098936     
  -2.5515926535898057       -7.0054703882284848     
  -2.5465926535898058       -7.0366762760585102     
  -2.5415926535898059       -7.0645877062216353     
  -2.5365926535898060       -7.0870881454476233     
  -2.5315926535898061       -7.1025097074993901     
  -2.5265926535898062       -7.1097555947636710     
  -2.5215926535898063       -7.1083768172782280     
  -2.5165926535898064       -7.0985979221168121     
  -2.5115926535898065       -7.0812904529884211     
  -2.5065926535898067       -7.0578968910981192     
  -2.5015926535898068       -7.0303115947365900     
  -2.4965926535898069       -7.0007284719568297     
  -2.4915926535898070       -6.9714675489670759     
  -2.4865926535898071       -6.9447940607635834     
  -2.4815926535898072       -6.9227440902361757     
  -2.4765926535898073       -6.9069701003194535     
  -2.4715926535898074       -6.8986180064662701     
  -2.4665926535898075       -6.8982448664088203     
  -2.4615926535898076       -6.9057830285329151     
  -2.4565926535898077       -6.9205529353271107     
  -2.4515926535898078       -6.9413230086599054     
  -2.4465926535898079       -6.9664114396670502     
  -2.4415926535898080       -6.9938215422941186     
  -2.4365926535898081       -7.0213998436386582     
  -2.4315926535898083       -7.0470044591264536     
  -2.4265926535898084       -7.0686706511564639     
  -2.4215926535898085       -7.0847608350136007     
  -2.4165926535898086       -7.0940876362253560     
  -2.4115926535898087       -7.0960008054412800     
  -2.4065926535898088       -7.0904316818262005     
  -2.4015926535898089       -7.0778922349035120     
  -2.3965926535898090       -7.0594292463953980     
  -2.3915926535898091       -7.0365376444961596     
  -2.3865926535898092       -7.0110401088411036     
  -2.3815926535898093       -6.9849425900760211     
  -2.3765926535898094       -6.9602771452109504     
  -2.3715926535898095       -6.9389443515723874     
  -2.3665926535898096       -6.9225674709166478     
  -2.3615926535898097       -6.9123695076450780     
  -2.3565926535898098       -6.9090824293397457     
  -2.3515926535898100       -6.9128952465770750     
  -2.3465926535898101       -6.9234445867079382     
  -2.3415926535898102       -6.9398480833254022     
  -2.3365926535898103       -6.9607775967853982     
  -2.3315926535898104       -6.9845662357970069     
  -2.3265926535898105       -7.0093405977394827     
  -2.3215926535898106       -7.0331677779469945     
  -2.3165926535898107       -7.0542056532784745     
  -2.3115926535898108       -7.0708447959233665     
  -2.3065926535898109       -7.0818311231200797     
  -2.3015926535898110       -7.0863599716293564     
  -2.2965926535898111       -7.0841345732074172     
  -2.2915926535898112       -7.0753847166915547     
  -2.2865926535898113       -7.0608444927568881     
  -2.2815926535898114       -7.0416911867325478     
  -2.2765926535898116       -7.0194503683716700     
  -2.2715926535898117       -6.9958747967683408     
  -2.2665926535898118       -6.9728067190746552     
  -2.2615926535898119       -6.9520343471108204     
  -2.2565926535898120       -6.9351536595033565     
  -2.2515926535898121       -6.9234461772767073     
  -2.2465926535898122       -6.9177820431563379     
  -2.2415926535898123       -6.9185557071660195     
  -2.2365926535898124       -6.9256589452305395     
  -2.2315926535898125       -6.9384930162465448     
  -2.2265926535898126       -6.9560187243654674     
  -2.2215926535898127       -6.9768402323095158     
  -2.2165926535898128       -6.9993158928759094     
  -2.2115926535898129       -7.0216873258276244     
  -2.2065926535898130       -7.0422166196413443     
  -2.2015926535898132       -7.0593209811531814     
  -2.1965926535898133       -7.0716944283829646     
  -2.1915926535898134       -7.0784071959519741     
  -2.1865926535898135       -7.0789753101193327     
  -2.1815926535898136       -7.0733951487145452     
  -2.1765926535898137       -7.0621405442613794     
  -2.1715926535898138       -7.0461229020570402     
  -2.1665926535898139       -7.0266176628399277     
  -2.1615926535898140       -7.0051630216576735     
  -2.1565926535898141       -6.9834389230442344     
  -2.1515926535898142       -6.9631358278211080     
  -2.1465926535898143       -6.9458234788125814     
  -2.1415926535898144       -6.9328298295935538     
  -2.1365926535898145       -6.9251394518339691     
  -2.1315926535898146       -6.9233191731758374     
  -2.1265926535898148       -6.9274765439521246     
  -2.1215926535898149       -6.9372541572974660     
  -2.1165926535898150       -6.9518600546104743     
  -2.1115926535898151       -6.9701316539293288     
  -2.1065926535898152       -6.9906280584991265     
  -2.1015926535898153       -7.0117434348101346     
  -2.0965926535898154       -7.0318325589015718     
  -2.0915926535898155       -7.0493387364831603     
  -2.0865926535898156       -7.0629141716617507     
  -2.0815926535898157       -7.0715234967775409     
  -2.0765926535898158       -7.0745225286785711     
  -2.0715926535898159       -7.0717062763714136     
  -2.0665926535898160       -7.0633226367542088     
  -2.0615926535898161       -7.0500508903084063     
  -2.0565926535898162       -7.0329468390476677     
  -2.0515926535898164       -7.0133590033207298     
  -2.0465926535898165       -6.9928225139653826     
  -2.0415926535898166       -6.9729390318859013     
  -2.0365926535898167       -6.9552520697756126     
  -2.0315926535898168       -6.9411274028890313     
  -2.0265926535898169       -6.9316478167491642     
  -2.0215926535898170       -6.9275302868669693     
  -2.0165926535898171       -6.9290719113517572     
  -2.0115926535898172       -6.9361286617147480     
  -2.0065926535898173       -6.9481284568057182     
  -2.0015926535898174       -6.9641173990549259     
  -1.9965926535898175       -6.9828354476872674     
  -1.9915926535898176       -7.0028155382961863     
  -1.9865926535898177       -7.0224983661134592     
  -1.9815926535898178       -7.0403538681894533     
  -1.9765926535898179       -7.0549999564989303     
  -1.9715926535898181       -7.0653093043069584     
  -1.9665926535898182       -7.0704959497171194     
  -1.9615926535898183       -7.0701750760175557     
  -1.9565926535898184       -7.0643914323412238     
  -1.9515926535898185       -7.0536143055420304     
  -1.9465926535898186       -7.0386995543854578     
  -1.9415926535898187       -7.0208217683656580     
  -1.9365926535898188       -7.0013819184109014     
  -1.9315926535898189       -6.9818977478886231     
  -1.9265926535898190       -6.9638854655317628     
  -1.9215926535898191       -6.9487419474615599     
  -1.9165926535898192       -6.9376365856426192     
  -1.9115926535898193       -6.9314211426324981     
  -1.9065926535898194       -6.9305645498569692     
  -1.9015926535898195       -6.9351176310386426     
  -1.8965926535898197       -6.9447103968970554     
  -1.8915926535898198       -6.9585820238091500     
  -1.8865926535898199       -6.9756410945185348     
  -1.8815926535898200       -6.9945513394634666     
  -1.8765926535898201       -7.0138361534450082     
  -1.8715926535898202       -7.0319937251779532     
  -1.8665926535898203       -7.0476138165830990     
  -1.8615926535898204       -7.0594871247544484     
  -1.8565926535898205       -7.0666987585546721     
  -1.8515926535898206       -7.0686986155223144     
  -1.8465926535898207       -7.0653432544387593     
  -1.8415926535898208       -7.0569060829471733     
  -1.8365926535898209       -7.0440551447656921     
  -1.8315926535898210       -7.0278003057789871     
  -1.8265926535898211       -7.0094140077241258     
  -1.8215926535898213       -6.9903317991118259     
  -1.8165926535898214       -6.9720404080851157     
  -1.8115926535898215       -6.9559620717186066     
  -1.8065926535898216       -6.9433441085189260     
  -1.8015926535898217       -6.9351622959201027     
  -1.7965926535898218       -6.9320455267146643     
  -1.7915926535898219       -6.9342275532111426     
  -1.7865926535898220       -6.9415295155787042     
  -1.7815926535898221       -6.9533745558231619     
  -1.7765926535898222       -6.9688333272129430     
  -1.7715926535898223       -6.9866968139618297     
  -1.7665926535898224       -7.0055707629844246     
  -1.7615926535898225       -7.0239843618265354     
  -1.7565926535898226       -7.0405047029430792     
  -1.7515926535898227       -7.0538481382247280     
  -1.7465926535898229       -7.0629798818757887     
  -1.7415926535898230       -7.0671941437165735     
  -1.7365926535898231       -7.0661685961778993     
  -1.7315926535898232       -7.0599889779806384     
  -1.7265926535898233       -7.0491419601481571     
  -1.7215926535898234       -7.0344768651745486     
  -1.7165926535898235       -7.0171392466395908     
  -1.7115926535898236       -6.9984815170913404     
  -1.7065926535898237       -6.9799575878662417     
  -1.7015926535898238       -6.9630097184653312     
  -1.6965926535898239       -6.9489563700518193     
  -1.6915926535898240       -6.9388897719129909     
  -1.6865926535898241       -6.9335911485937247     
  -1.6815926535898242       -6.9334701784298876     
  -1.6765926535898243       -6.9385333686147614     
  -1.6715926535898245       -6.9483837842669489     
  -1.6665926535898246       -6.9622521337216954     
  -1.6615926535898247       -6.9790567783442308     
  -1.6565926535898248       -6.9974879912451611     
  -1.6515926535898249       -7.0161099092196473     
  -1.6465926535898250       -7.0334722516068418     
  -1.6415926535898251       -7.0482231246080245     
  -1.6365926535898252       -7.0592141482141759     
  -1.6315926535898253       -7.0655897413557938     
  -1.6265926535898254       -7.0668536325968976     
  -1.6215926535898255       -7.0629074329995829     
  -1.6165926535898256       -7.0540582773970364     
  -1.6115926535898257       -7.0409949419491600     
  -1.6065926535898258       -7.0247342932789945     
  -1.6015926535898259       -7.0065422279246778     
  -1.5965926535898260       -6.9878352416834950     
  -1.5915926535898262       -6.9700702730575692     
  -1.5865926535898263       -6.9546313767106716     
  -1.5815926535898264       -6.9427220308302493     
  -1.5765926535898265       -6.9352714471910106     
  -1.5715926535898266       -6.9328621681103693     
  -1.5665926535898267       -6.9356845842838375     
  -1.5615926535898268       -6.9435219194679290     
  -1.5565926535898269       -6.9557668638908607     
  -1.5515926535898270       -6.9714685813340864     
  -1.5465926535898271       -6.9894064555376083     
  -1.5415926535898272       -7.0081848629637893     
  -1.5365926535898273       -7.0263416223838808     
  -1.5315926535898274       -7.0424617044393907     
  -1.5265926535898275       -7.0552873694474902     
  -1.5215926535898276       -7.0638161719302133     
  -1.5165926535898278       -7.0673792052324469     
  -1.5115926535898279       -7.0656934872030863     
  -1.5065926535898280       -7.0588843902888119     
  -1.5015926535898281       -7.0474763416663695     
  -1.4965926535898282       -7.0323524814062717     
  -1.4915926535898283       -7.0146863782711755     
  -1.4865926535898284       -6.9958510764902755     
  -1.4815926535898285       -6.9773125138359031     
  -1.4765926535898286       -6.9605155740176530     
  -1.4715926535898287       -6.9467716192869267     
  -1.4665926535898288       -6.9371562461763858     
  -1.4615926535898289       -6.9324252255590713     
  -1.4565926535898290       -6.9329551874016850     
  -1.4515926535898291       -6.9387136984874749     
  -1.4465926535898292       -6.9492611055656841     
  -1.4415926535898294       -6.9637840528375472     
  -1.4365926535898295       -6.9811581222274768     
  -1.4315926535898296       -7.0000347783911501     
  -1.4265926535898297       -7.0189459040342177     
  -1.4215926535898298       -7.0364178326135205     
  -1.4165926535898299       -7.0510860327312264     
  -1.4115926535898300       -7.0618015310532858     
  -1.4065926535898301       -7.0677207849097128     
  -1.4015926535898302       -7.0683719847635897     
  -1.3965926535898303       -7.0636925832879909     
  -1.3915926535898304       -7.0540350720445852     
  -1.3865926535898305       -7.0401404869937876     
  -1.3815926535898306       -7.0230816299121761     
  -1.3765926535898307       -7.0041803499316604     
  -1.3715926535898308       -6.9849052546340733     
  -1.3665926535898310       -6.9667577555495166     
  -1.3615926535898311       -6.9511552782476960     
  -1.3565926535898312       -6.9393207092310121     
  -1.3515926535898313       -6.9321866900977280     
  -1.3465926535898314       -6.9303222380233809     
  -1.3415926535898315       -6.9338874565976063     
  -1.3365926535898316       -6.9426199340141705     
  -1.3315926535898317       -6.9558539734935838     
  -1.3265926535898318       -6.9725712531186659     
  -1.3215926535898319       -6.9914790664025324     
  -1.3165926535898320       -7.0111101409490626     
  -1.3115926535898321       -7.0299363384691933     
  -1.3065926535898322       -7.0464874379615798     
  -1.3015926535898323       -7.0594657822636853     
  -1.2965926535898324       -7.0678478611782669     
  -1.2915926535898326       -7.0709648914223724     
  -1.2865926535898327       -7.0685560602913693     
  -1.2815926535898328       -7.0607902034633119     
  -1.2765926535898329       -7.0482541261532807     
  -1.2715926535898330       -7.0319083627149945     
  -1.2665926535898331       -7.0130137026067842     
  -1.2615926535898332       -6.9930340936735771     
  -1.2565926535898333       -6.9735233889356225     
  -1.2515926535898334       -6.9560046850729256     
  -1.2465926535898335       -6.9418516080539581     
  -1.2415926535898336       -6.9321807843454870     
  -1.2365926535898337       -6.9277639013115033     
  -1.2315926535898338       -6.9289662699039836     
  -1.2265926535898339       -6.9357167697813988     
  -1.2215926535898340       -6.9475116372652073     
  -1.2165926535898341       -6.9634519363453098     
  -1.2115926535898343       -6.9823119348183980     
  -1.2065926535898344       -7.0026331947638409     
  -1.2015926535898345       -7.0228371669923879     
  -1.1965926535898346       -7.0413476111593791     
  -1.1915926535898347       -7.0567133630988979     
  -1.1865926535898348       -7.0677219034837444     
  -1.1815926535898349       -7.0734948554777457     
  -1.1765926535898350       -7.0735579045240522     
  -1.1715926535898351       -7.0678795878434206     
  -1.1665926535898352       -7.0568757955207744     
  -1.1615926535898353       -7.0413794753918477     
  -1.1565926535898354       -7.0225777357897892     
  -1.1515926535898355       -7.0019210841418333     
  -1.1465926535898356       -6.9810117272779966     
  -1.1415926535898357       -6.9614795196815935     
  -1.1365926535898359       -6.9448551474323104     
  -1.1315926535898360       -6.9324503973927536     
  -1.1265926535898361       -6.9252548593662535     
  -1.1215926535898362       -6.9238571787039449     
  -1.1165926535898363       -6.9283971100144957     
  -1.1115926535898364       -6.9385522609001002     
  -1.1065926535898365       -6.9535607387630121     
  -1.1015926535898366       -6.9722781297323193     
  -1.0965926535898367       -6.9932645621249456     
  -1.0915926535898368       -7.0148952458497655     
  -1.0865926535898369       -7.0354860186790793     
  -1.0815926535898370       -7.0534242174122515     
  -1.0765926535898371       -7.0672947242841024     
  -1.0715926535898372       -7.0759913569147086     
  -1.0665926535898373       -7.0788048533551624     
  -1.0615926535898375       -7.0754804726007219     
  -1.0565926535898376       -7.0662405519596039     
  -1.0515926535898377       -7.0517700589529975     
  -1.0465926535898378       -7.0331660399370044     
  -1.0415926535898379       -7.0118546790938385     
  -1.0365926535898380       -6.9894822213668233     
  -1.0315926535898381       -6.9677880825982692     
  -1.0265926535898382       -6.9484699061251991     
  -1.0215926535898383       -6.9330510120902709     
  -1.0165926535898384       -6.9227605657910560     
  -1.0115926535898385       -6.9184358687798824     
  -1.0065926535898386       -6.9204545176536980     
  -1.0015926535898387       -6.9287019045435612     
 -0.99659265358983873       -6.9425768224811586     
 -0.99159265358983872       -6.9610349955486157     
 -0.98659265358983872       -6.9826674048438946     
 -0.98159265358983872       -7.0058075555751262     
 -0.97659265358983871       -7.0286595410129795     
 -0.97159265358983871       -7.0494370861802862     
 -0.96659265358983870       -7.0665028320563543     
 -0.96159265358983870       -7.0784970264587770     
 -0.95659265358983869       -7.0844455337620218     
 -0.95159265358983869       -7.0838386102809876     
 -0.94659265358983868       -7.0766741020508084     
 -0.94159265358983868       -7.0634614402902116     
 -0.93659265358983868       -7.0451858298427359     
 -0.93159265358983867       -7.0232351152756394     
 -0.92659265358983867       -6.9992947289334326     
 -0.92159265358983866       -6.9752186473298243     
 -0.91659265358983866       -6.9528862081660474     
 -0.91159265358983865       -6.9340558160361496     
 -0.90659265358983865       -6.9202268935330808     
 -0.90159265358983864       -6.9125208839170007     
 -0.89659265358983864       -6.9115907175455504     
 -0.89159265358983864       -6.9175660183286158     
 -0.88659265358983863       -6.9300386082885597     
 -0.88159265358983863       -6.9480897740028338     
 -0.87659265358983862       -6.9703575252091099     
 -0.87159265358983862       -6.9951389528044317     
 -0.86659265358983861       -7.0205200240062391     
 -0.86159265358983861       -7.0445229543228054     
 -0.85659265358983860       -7.0652598445206474     
 -0.85159265358983860       -7.0810806849316581     
 -0.84659265358983860       -7.0907041621230391     
 -0.84159265358983859       -7.0933209363711116     
 -0.83659265358983859       -7.0886611048179020     
 -0.83159265358983858       -7.0770202731830043     
 -0.82659265358983858       -7.0592418244056052     
 -0.82159265358983857       -7.0366563542930791     
 -0.81659265358983857       -7.0109825819246314     
 -0.81159265358983856       -6.9841970770094388     
 -0.80659265358983856       -6.9583826395401029     
 -0.80159265358983856       -6.9355669205351269     
 -0.79659265358983855       -6.9175637434722805     
 -0.79159265358983855       -6.9058294982197506     
 -0.78659265358983854       -6.9013459304132896     
 -0.78159265358983854       -6.9045387112370173     
 -0.77659265358983853       -6.9152384869102841     
 -0.77159265358983853       -6.9326878746026299     
 -0.76659265358983852       -6.9555943370597797     
 -0.76159265358983852       -6.9822253028067403     
 -0.75659265358983852       -7.0105385784096299     
 -0.75159265358983851       -7.0383382837772803     
 -0.74659265358983851       -7.0634444543115267     
 -0.74159265358983850       -7.0838632642611419     
 -0.73659265358983850       -7.0979446355906033     
 -0.73159265358983849       -7.1045148314654938     
 -0.72659265358983849       -7.1029734394788244     
 -0.72159265358983848       -7.0933467976687687     
 -0.71659265358983848       -7.0762932103405802     
 -0.71159265358983848       -7.0530589927113221     
 -0.70659265358983847       -7.0253881919197756     
 -0.70159265358983847       -6.9953924633052793     
 -0.69659265358983846       -6.9653907517730849     
 -0.69159265358983846       -6.9377308876360102     
 -0.68659265358983845       -6.9146067557894995     
 -0.68159265358983845       -6.8978852057512112     
 -0.67659265358983844       -6.8889562862347660     
 -0.67159265358983844       -6.8886187436461581     
 -0.66659265358983844       -6.8970101336663179     
 -0.66159265358983843       -6.9135875478877864     
 -0.65659265358983843       -6.9371611030814604     
 -0.65159265358983842       -6.9659782711131522     
 -0.64659265358983842       -6.9978531550794623     
 -0.64159265358983841       -7.0303312505514288     
 -0.63659265358983841       -7.0608773511054723     
 -0.63159265358983840       -7.0870722962910015     
 -0.62659265358983840       -7.1068033815536236     
 -0.62159265358983840       -7.1184335356424242     
 -0.61659265358983839       -7.1209358150581004     
 -0.61159265358983839       -7.1139822710144340     
 -0.60659265358983838       -7.0979796327936073     
 -0.60159265358983838       -7.0740482723364480     
 -0.59659265358983837       -7.0439452662620887     
 -0.59159265358983837       -7.0099367214507842     
 -0.58659265358983836       -6.9746285425547683     
 -0.58159265358983836       -6.9407681793810516     
 -0.57659265358983836       -6.9110323299725929     
 -0.57159265358983835       -6.8878168896099927     
 -0.56659265358983835       -6.8730455088118108     
 -0.56159265358983834       -6.8680119306882190     
 -0.55659265358983834       -6.8732688928783654     
 -0.55159265358983833       -6.8885729679496848     
 -0.54659265358983833       -6.9128905263100169     
 -0.54159265358983832       -6.9444653488642771     
 -0.53659265358983832       -6.9809436450545661     
 -0.53159265358983832       -7.0195477120496026     
 -0.52659265358983831       -7.0572855555147740     
 -0.52159265358983831       -7.0911807934259334     
 -0.51659265358983830       -7.1185053280337343     
 -0.51159265358983830       -7.1369967580678271     
 -0.50659265358983829       -7.1450433751041666     
 -0.50159265358983829       -7.1418218006982599     
 -0.49659265358983828       -7.1273757265583209     
 -0.49159265358983828       -7.1026285766458459     
 -0.48659265358983828       -7.0693278984127881     
 -0.48159265358983827       -7.0299245371884744     
 -0.47659265358983827       -6.9873947534949297     
 -0.47159265358983826       -6.9450180121490872     
 -0.46659265358983826       -6.9061268429966676     
 -0.46159265358983825       -6.8738476471148333     
 -0.45659265358983825       -6.8508523868933828     
 -0.45159265358983824       -6.8391406453846129     
 -0.44659265358983824       -6.8398695759150270     
 -0.44159265358983824       -6.8532459093581295     
 -0.43659265358983823       -6.8784896746001918     
 -0.43159265358983823       -6.9138739416079842     
 -0.42659265358983822       -6.9568391102300007     
 -0.42159265358983822       -7.0041744768488190     
 -0.41659265358983821       -7.0522544595505385     
 -0.41159265358983821       -7.0973123700603855     
 -0.40659265358983820       -7.1357313495081733     
 -0.40159265358983820       -7.1643303113449646     
 -0.39659265358983820       -7.1806226259384642     
 -0.39159265358983819       -7.1830268814144071     
 -0.38659265358983819       -7.1710122786259625     
 -0.38159265358983818       -7.1451658535940030     
 -0.37659265358983818       -7.1071744451216121     
 -0.37159265358983817       -7.0597207253998677     
 -0.36659265358983817       -7.0062992136916806     
 -0.36159265358983816       -6.9509644981844030     
 -0.35659265358983816       -6.8980294108688511     
 -0.35159265358983816       -6.8517351954982821     
 -0.34659265358983815       -6.8159184228972505     
 -0.34159265358983815       -6.7937002964096820     
 -0.33659265358983814       -6.7872229410368856     
 -0.33159265358983814       -6.7974543148532200     
 -0.32659265358983813       -6.8240786975879635     
 -0.32159265358983813       -6.8654836107665016     
 -0.31659265358983812       -6.9188469330625075     
 -0.31159265358983812       -6.9803204053108949     
 -0.30659265358983812       -7.0452982325800146     
 -0.30159265358983811       -7.1087526543602051     
 -0.29659265358983811       -7.1656127024056859     
 -0.29159265358983810       -7.2111583579325957     
 -0.28659265358983810       -7.2414003032135374     
 -0.28159265358983809       -7.2534156445380757     
 -0.27659265358983809       -7.2456124124272137     
 -0.27159265358983808       -7.2179002026697745     
 -0.26659265358983808       -7.1717507278878267     
 -0.26159265358983808       -7.1101398782102683     
 -0.25659265358983807       -7.0373715978686846     
 -0.25159265358983807       -6.9587928482411989     
 -0.24659265358983806       -6.8804174865991250     
 -0.24159265358983806       -6.8084843942349575     
 -0.23659265358983805       -6.7489810476267351     
 -0.23159265358983805       -6.7071674557650995     
 -0.22659265358983804       -6.6871366421553518     
 -0.22159265358983804       -6.6914464591604794     
 -0.21659265358983804       -6.7208535017556255     
 -0.21159265358983803       -6.7741734464543875     
 -0.20659265358983803       -6.8482836707984358     
 -0.20159265358983802       -6.9382740602680215     
 -0.19659265358983802       -7.0377411574575870     
 -0.19159265358983801       -7.1392100061112798     
 -0.18659265358983801       -7.2346579699404510     
 -0.18159265358983800       -7.3161062142645124     
 -0.17659265358983800       -7.3762380955668529     
 -0.17159265358983800       -7.4089999452272464     
 -0.16659265358983799       -7.4101390195823704     
 -0.16159265358983799       -7.3776358748378685     
 -0.15659265358983798       -7.3119940466501641     
 -0.15159265358983798       -7.2163583822690933     
 -0.14659265358983797       -7.0964441916292431     
 -0.14159265358983797       -6.9602718774463472     
 -0.13659265358983796       -6.8177150615664699     
 -0.13159265358983796       -6.6798835504632423     
 -0.12659265358983796       -6.5583748583479711     
 -0.12159265358983795       -6.4644385527396357     
 -0.11659265358983795       -6.4081056263469049     
 -0.11159265358983794       -6.3973398092942650     
 -0.10659265358983794       -6.4372687985393666     
 -0.10159265358983793       -6.5295506143031705     
  -9.6592653589837929E-002  -6.6719237676921539     
  -9.1592653589837925E-002  -6.8579799649925084     
  -8.6592653589837920E-002  -7.0771852455775885     
  -8.1592653589837916E-002  -7.3151605197408749     
  -7.6592653589837911E-002  -7.5542163647640530     
  -7.1592653589837907E-002  -7.7741206748779836     
  -6.6592653589837902E-002  -7.9530623976876944     
  -6.1592653589837905E-002  -8.0687611421719136     
  -5.6592653589837907E-002  -8.0996618213415807     
  -5.1592653589837910E-002  -8.0261464376862808     
  -4.6592653589837912E-002  -7.8316921536308657     
  -4.1592653589837915E-002  -7.5039061772216584     
  -3.6592653589837917E-002  -7.0353737221178401     
  -3.1592653589837920E-002  -6.4242650772111292     
  -2.6592653589837919E-002  -5.6746610869972365     
  -2.1592653589837918E-002  -4.7965723106894096     
  -1.6592653589837917E-002  -3.8056448261167515     
  -1.1592653589837916E-002  -2.7225639840264022     
  -6.5926535898379159E-003  -1.5721852599911008     
  -1.5926535898379158E-003 -0.38243757896147063     
   3.4073464101620843E-003  0.81694191795705562     
   8.4073464101620844E-003   1.9957725906239210     
   1.3407346410162085E-002   3.1248194513237886     
   1.8407346410162086E-002   4.1771302320201116     
   2.3407346410162087E-002   5.1292469795443925     
   2.8407346410162088E-002   5.9622263230705750     
   3.3407346410162089E-002   6.6624140156035301     
   3.8407346410162087E-002   7.2219340104128111     
   4.3407346410162084E-002   7.6388692713007327     
   4.8407346410162082E-002   7.9171296697452673     
   5.3407346410162079E-002   8.0660205593854108     
   5.8407346410162077E-002   8.0995428091745989     
   6.3407346410162074E-002   8.0354701668869133     
   6.8407346410162079E-002   7.8942619039212074     
   7.3407346410162083E-002   7.6978770507989553     
   7.8407346410162088E-002   7.4685607054988115     
   8.3407346410162092E-002   7.2276726912369957     
   8.8407346410162096E-002   6.9946243455730528     
   9.3407346410162101E-002   6.7859808002946229     
   9.8407346410162105E-002   6.6147743682478275     
  0.10340734641016211        6.4900603983904146     
  0.10840734641016211        6.4167311498024748     
  0.11340734641016212        6.3955869071595730     
  0.11840734641016212        6.4236477650261588     
  0.12340734641016213        6.4946752408009329     
  0.12840734641016213        6.5998610102804083     
  0.13340734641016214        6.7286312939151243     
  0.13840734641016214        6.8695102358747038     
  0.14340734641016215        7.0109842462905467     
  0.14840734641016215        7.1423116976687728     
  0.15340734641016215        7.2542283084128663     
  0.15840734641016216        7.3395075129011964     
  0.16340734641016216        7.3933464243704492     
  0.16840734641016217        7.4135608223031193     
  0.17340734641016217        7.4005860394104941     
  0.17840734641016218        7.3572937674182048     
  0.18340734641016218        7.2886467742602656     
  0.18840734641016219        7.2012235601827692     
  0.19340734641016219        7.1026524620561418     
  0.19840734641016219        7.0009992204767872     
  0.20340734641016220        6.9041533448020180     
  0.20840734641016220        6.8192567628370107     
  0.21340734641016221        6.7522134572559391     
  0.21840734641016221        6.7073114981115243     
  0.22340734641016222        6.6869796687287728     
  0.22840734641016222        6.6916904552715302     
  0.23340734641016223        6.7200102963262314     
  0.23840734641016223        6.7687874444297389     
  0.24340734641016223        6.8334583070356185     
  0.24840734641016224        6.9084453444962985     
  0.25340734641016222        6.9876140038427099     
  0.25840734641016222        7.0647530868595103     
  0.26340734641016222        7.1340425287531470     
  0.26840734641016223        7.1904747464397731     
  0.27340734641016223        7.2302002661277447     
  0.27840734641016224        7.2507748592431902     
  0.28340734641016224        7.2512933751643214     
  0.28840734641016225        7.2324042416395855     
  0.29340734641016225        7.1962075501885439     
  0.29840734641016226        7.1460481016497193     
  0.30340734641016226        7.0862221568984349     
  0.30840734641016226        7.0216224150891211     
  0.31340734641016227        6.9573495509769767     
  0.31840734641016227        6.8983202611622145     
  0.32340734641016228        6.8489011388442869     
  0.32840734641016228        6.8125949254873177     
  0.33340734641016229        6.7918010366810391     
  0.33840734641016229        6.7876661201069783     
  0.34340734641016230        6.8000332665469472     
  0.34840734641016230        6.8274909117819860     
  0.35340734641016230        6.8675150085882599     
  0.35840734641016231        6.9166912612819749     
  0.36340734641016231        6.9709985851403884     
  0.36840734641016232        7.0261308674408607     
  0.37340734641016232        7.0778318306043975     
  0.37840734641016233        7.1222174559727334     
  0.38340734641016233        7.1560619981542279     
  0.38840734641016234        7.1770269425851163     
  0.39340734641016234        7.1838170448367533     
  0.39840734641016234        7.1762534490826413     
  0.40340734641016235        7.1552603538595010     
  0.40840734641016235        7.1227682793226119     
  0.41340734641016236        7.0815431973308103     
  0.41840734641016236        7.0349561584622720     
  0.42340734641016237        6.9867122048753059     
  0.42840734641016237        6.9405600101011302     
  0.43340734641016238        6.9000046697699906     
  0.43840734641016238        6.8680453424159627     
  0.44340734641016238        6.8469570968028028     
  0.44840734641016239        6.8381325707889786     
  0.45340734641016239        6.8419941970098961     
  0.45840734641016240        6.8579821891499355     
  0.46340734641016240        6.8846176416616309     
  0.46840734641016241        6.9196344204233124     
  0.47340734641016241        6.9601684360390692     
  0.47840734641016242        7.0029887670040543     
  0.48340734641016242        7.0447522293187905     
  0.48840734641016242        7.0822615651753349     
  0.49340734641016243        7.1127075265245177     
  0.49840734641016243        7.1338767237204959     
  0.50340734641016238        7.1443100474188856     
  0.50840734641016239        7.1434005072499769     
  0.51340734641016239        7.1314241388708721     
  0.51840734641016240        7.1095028345586497     
  0.52340734641016240        7.0795031509367643     
  0.52840734641016240        7.0438799473471203     
  0.53340734641016241        7.0054777531544481     
  0.53840734641016241        6.9673057582883891     
  0.54340734641016242        6.9323040591299350     
  0.54840734641016242        6.9031191605661615     
  0.55340734641016243        6.8819057291921641     
  0.55840734641016243        6.8701693108892359     
  0.56340734641016244        6.8686613620596644     
  0.56840734641016244        6.8773337702857127     
  0.57340734641016244        6.8953553868386681     
  0.57840734641016245        6.9211883213125711     
  0.58340734641016245        6.9527172222059637     
  0.58840734641016246        6.9874208268749802     
  0.59340734641016246        7.0225720007066759     
  0.59840734641016247        7.0554505185038341     
  0.60340734641016247        7.0835521043082457     
  0.60840734641016248        7.1047777772077616     
  0.61340734641016248        7.1175892911601455     
  0.61840734641016248        7.1211192565393295     
  0.62340734641016249        7.1152281615752537     
  0.62840734641016249        7.1005046847377065     
  0.63340734641016250        7.0782100787663635     
  0.63840734641016250        7.0501716758154362     
  0.64340734641016251        7.0186343872020185     
  0.64840734641016251        6.9860821648965707     
  0.65340734641016252        6.9550435289865913     
  0.65840734641016252        6.9278962955601848     
  0.66340734641016252        6.9066864987873657     
  0.66840734641016253        6.8929752154899804     
  0.67340734641016253        6.8877246831925456     
  0.67840734641016254        6.8912319437814471     
  0.68340734641016254        6.9031144964979836     
  0.68840734641016255        6.9223483999031066     
  0.69340734641016255        6.9473552354471666     
  0.69840734641016256        6.9761306429808680     
  0.70340734641016256        7.0064040400447025     
  0.70840734641016256        7.0358168716961584     
  0.71340734641016257        7.0621054692059628     
  0.71840734641016257        7.0832744093414766     
  0.72340734641016258        7.0977471626709381     
  0.72840734641016258        7.1044827180756656     
  0.73340734641016259        7.1030496145067543     
  0.73840734641016259        7.0936521802121248     
  0.74340734641016259        7.0771075091018876     
  0.74840734641016260        7.0547755039484654     
  0.75340734641016260        7.0284478948817464     
  0.75840734641016261        7.0002052274251323     
  0.76340734641016261        6.9722531760947204     
  0.76840734641016262        6.9467510042224694     
  0.77340734641016262        6.9256454555585165     
  0.77840734641016263        6.9105228033737296     
  0.78340734641016263        6.9024902519618010     
  0.78840734641016263        6.9020955111678273     
  0.79340734641016264        6.9092903376719548     
  0.79840734641016264        6.9234403960977264     
  0.80340734641016265        6.9433802067430985     
  0.80840734641016265        6.9675084914597569     
  0.81340734641016266        6.9939161687555567     
  0.81840734641016266        7.0205368145243217     
  0.82340734641016267        7.0453077766462195     
  0.82840734641016267        7.0663294271954085     
  0.83340734641016267        7.0820103003328425     
  0.83840734641016268        7.0911870676110755     
  0.84340734641016268        7.0932103440656018     
  0.84840734641016269        7.0879900334636110     
  0.85340734641016269        7.0759970946372936     
  0.85840734641016270        7.0582219949369893     
  0.86340734641016270        7.0360934495838228     
  0.86840734641016271        7.0113640714654002     
  0.87340734641016271        6.9859720449272729     
  0.87840734641016271        6.9618897028283824     
  0.88340734641016272        6.9409707991813914     
  0.88840734641016272        6.9248082673148819     
  0.89340734641016273        6.9146133437448452     
  0.89840734641016273        6.9111251985235835     
  0.90340734641016274        6.9145577845175543     
  0.90840734641016274        6.9245876933736037     
  0.91340734641016275        6.9403836139328403     
  0.91840734641016275        6.9606747772719864     
  0.92340734641016275        6.9838527886156125     
  0.92840734641016276        7.0080987178049758     
  0.93340734641016276        7.0315254377466960     
  0.93840734641016277        7.0523241040216416     
  0.94340734641016277        7.0689034368120991     
  0.94840734641016278        7.0800111096452776     
  0.95340734641016278        7.0848280118977973     
  0.95840734641016279        7.0830283147357376     
  0.96340734641016279        7.0748009613876306     
  0.96840734641016279        7.0608312112043947     
  0.97340734641016280        7.0422439588371635     
  0.97840734641016280        7.0205134863535736     
  0.98340734641016281        6.9973468621903017     
  0.98840734641016281        6.9745501823716936     
  0.99340734641016282        6.9538881078702470     
  0.99840734641016282        6.9369475955048010     
   1.0034073464101627        6.9250163198893437     
   1.0084073464101626        6.9189850773053907     
   1.0134073464101625        6.9192815474742497     
   1.0184073464101624        6.9258403184169950     
   1.0234073464101623        6.9381112470547368     
   1.0284073464101622        6.9551052546318957     
   1.0334073464101621        6.9754737715646167     
   1.0384073464101620        6.9976154726892625     
   1.0434073464101619        7.0198018775069073     
   1.0484073464101618        7.0403119869558841     
   1.0534073464101616        7.0575654924824498     
   1.0584073464101615        7.0702442689387128     
   1.0634073464101614        7.0773928315405534     
   1.0684073464101613        7.0784901192019651     
   1.0734073464101612        7.0734872279724055     
   1.0784073464101611        7.0628083811433129     
   1.0834073464101610        7.0473152790796663     
   1.0884073464101609        7.0282378004856456     
   1.0934073464101608        7.0070766095764405     
   1.0984073464101607        6.9854853626547957     
   1.1034073464101606        6.9651417403697451     
   1.1084073464101605        6.9476173436085986     
   1.1134073464101604        6.9342565229252520     
   1.1184073464101603        6.9260734654667839     
   1.1234073464101602        6.9236754013334556     
   1.1284073464101601        6.9272177298934645     
   1.1334073464101599        6.9363943680774121     
   1.1384073464101598        6.9504638822636045     
   1.1434073464101597        6.9683091958395877     
   1.1484073464101596        6.9885260798469284     
   1.1534073464101595        7.0095334328928907     
   1.1584073464101594        7.0296967067701335     
   1.1634073464101593        7.0474548606027456     
   1.1684073464101592        7.0614410006912047     
   1.1734073464101591        7.0705873993494395     
   1.1784073464101590        7.0742068388514214     
   1.1834073464101589        7.0720440959724433     
   1.1884073464101588        7.0642937212454697     
   1.1934073464101587        7.0515828921419264     
   1.1984073464101586        7.0349208268404624     
   1.2034073464101585        7.0156188255432532     
   1.2084073464101583        6.9951872606629291     
   1.2134073464101582        6.9752175929036593     
   1.2184073464101581        6.9572586138139023     
   1.2234073464101580        6.9426965226994435     
   1.2284073464101579        6.9326481084176743     
   1.2334073464101578        6.9278752537151984     
   1.2384073464101577        6.9287272957430357     
   1.2434073464101576        6.9351155939083728     
   1.2484073464101575        6.9465221459838942     
   1.2534073464101574        6.9620414507185284     
   1.2584073464101573        6.9804522448637840     
   1.2634073464101572        7.0003134429568874     
   1.2684073464101571        7.0200767561202060     
   1.2734073464101570        7.0382072030495770     
   1.2784073464101569        7.0533021477430244     
   1.2834073464101567        7.0641996466084667     
   1.2884073464101566        7.0700677483220682     
   1.2934073464101565        7.0704678941100809     
   1.2984073464101564        7.0653875954291356     
   1.3034073464101563        7.0552399615897992     
   1.3084073464101562        7.0408302252075821     
   1.3134073464101561        7.0232919687008559     
   1.3184073464101560        7.0039980928183354     
   1.3234073464101559        6.9844535082528738     
   1.3284073464101558        6.9661779249830671     
   1.3334073464101557        6.9505878549862290     
   1.3384073464101556        6.9388869770676846     
   1.3434073464101555        6.9319733373274097     
   1.3484073464101554        6.9303705295757556     
   1.3534073464101553        6.9341881215581047     
   1.3584073464101551        6.9431143120659309     
   1.3634073464101550        6.9564412985024067     
   1.3684073464101549        6.9731212987283326     
   1.3734073464101548        6.9918488013373068     
   1.3784073464101547        7.0111625978343337     
   1.3834073464101546        7.0295596339840962     
   1.3884073464101545        7.0456118219050827     
   1.3934073464101544        7.0580767470797001     
   1.3984073464101543        7.0659936996894128     
   1.4034073464101542        7.0687576175455149     
   1.4084073464101541        7.0661652571849407     
   1.4134073464101540        7.0584300752572116     
   1.4184073464101539        7.0461647355222556     
   1.4234073464101538        7.0303326686531973     
   1.4284073464101537        7.0121725079630215     
   1.4334073464101535        6.9931013188974980     
   1.4384073464101534        6.9746041720972336     
   1.4434073464101533        6.9581186536002075     
   1.4484073464101532        6.9449232816628212     
   1.4534073464101531        6.9360384798890520     
   1.4584073464101530        6.9321477669276428     
   1.4634073464101529        6.9335452417571499     
   1.4684073464101528        6.9401133940237187     
   1.4734073464101527        6.9513329105537762     
   1.4784073464101526        6.9663236651962714     
   1.4834073464101525        6.9839136621448086     
   1.4884073464101524        7.0027305399522337     
   1.4934073464101523        7.0213085017306414     
   1.4984073464101522        7.0382023508267517     
   1.5034073464101521        7.0520997716797469     
   1.5084073464101520        7.0619231435239334     
   1.5134073464101518        7.0669129977278740     
   1.5184073464101517        7.0666866632424457     
   1.5234073464101516        7.0612675770472357     
   1.5284073464101515        7.0510830173375014     
   1.5334073464101514        7.0369304693738206     
   1.5384073464101513        7.0199152672365166     
   1.5434073464101512        7.0013643806594654     
   1.5484073464101511        6.9827230623795238     
   1.5534073464101510        6.9654423953065301     
   1.5584073464101509        6.9508664781595302     
   1.5634073464101508        6.9401280093419411     
   1.5684073464101507        6.9340603706287318     
   1.5734073464101506        6.9331330262159288     
   1.5784073464101505        6.9374152389320987     
   1.5834073464101504        6.9465709048430977     
   1.5884073464101502        6.9598848908838917     
   1.5934073464101501        6.9763188149562794     
   1.5984073464101500        6.9945919236928704     
   1.6034073464101499        7.0132807768067220     
   1.6084073464101498        7.0309299893718604     
   1.6134073464101497        7.0461654273465317     
   1.6184073464101496        7.0578010633557779     
   1.6234073464101495        7.0649311936354202     
   1.6284073464101494        7.0670008546904075     
   1.6334073464101493        7.0638489713468244     
   1.6384073464101492        7.0557208851518540     
   1.6434073464101491        7.0432492893176226     
   1.6484073464101490        7.0274050492820637     
   1.6534073464101489        7.0094217262736143     
   1.6584073464101488        6.9906996636784173     
   1.6634073464101486        6.9726970840823599     
   1.6684073464101485        6.9568166553449302     
   1.6734073464101484        6.9442963384374901     
   1.6784073464101483        6.9361130003567730     
   1.6834073464101482        6.9329062875057854     
   1.6884073464101481        6.9349286848704068     
   1.6934073464101480        6.9420256556198856     
   1.6984073464101479        6.9536474216970365     
   1.7034073464101478        6.9688914894164320     
   1.7084073464101477        6.9865726355330580     
   1.7134073464101476        7.0053149340106158     
   1.7184073464101475        7.0236586876258311     
   1.7234073464101474        7.0401739650423956     
   1.7284073464101473        7.0535719237865733     
   1.7334073464101472        7.0628052635712617     
   1.7384073464101470        7.0671499905459410     
   1.7434073464101469        7.0662621170755680     
   1.7484073464101468        7.0602048621502576     
   1.7534073464101467        7.0494442044677266     
   1.7584073464101466        7.0348130965508071     
   1.7634073464101465        7.0174470835660321     
   1.7684073464101464        6.9986962957997720     
   1.7734073464101463        6.9800206260818136     
   1.7784073464101462        6.9628762193479350     
   1.7834073464101461        6.9486020881662540     
   1.7884073464101460        6.9383156712298195     
   1.7934073464101459        6.9328254702876340     
   1.7984073464101458        6.9325675865917251     
   1.8034073464101457        6.9375711316898947     
   1.8084073464101456        6.9474552517171411     
   1.8134073464101454        6.9614580520972655     
   1.8184073464101453        6.9784952307195924     
   1.8234073464101452        6.9972439145605829     
   1.8284073464101451        7.0162452272254461     
   1.8334073464101450        7.0340176463682811     
   1.8384073464101449        7.0491723553737700     
   1.8434073464101448        7.0605216206168775     
   1.8484073464101447        7.0671717488918500     
   1.8534073464101446        7.0685933600637165     
   1.8584073464101445        7.0646634574228306     
   1.8634073464101444        7.0556759582099664     
   1.8684073464101443        7.0423197910626403     
   1.8734073464101442        7.0256261865571368     
   1.8784073464101441        7.0068891861574496     
   1.8834073464101440        6.9875654871669353     
   1.8884073464101438        6.9691613634989142     
   1.8934073464101437        6.9531154270867024     
   1.8984073464101436        6.9406863414072832     
   1.9034073464101435        6.9328542381806146     
   1.9084073464101434        6.9302435469057997     
   1.9134073464101433        6.9330733034923302     
   1.9184073464101432        6.9411388847630437     
   1.9234073464101431        6.9538266832672280     
   1.9284073464101430        6.9701606796202746     
   1.9334073464101429        6.9888773856974895     
   1.9384073464101428        7.0085234145763495     
   1.9434073464101427        7.0275681551765032     
   1.9484073464101426        7.0445228305563816     
   1.9534073464101425        7.0580566937647529     
   1.9584073464101424        7.0671013069948510     
   1.9634073464101423        7.0709347460280618     
   1.9684073464101421        7.0692391053531116     
   1.9734073464101420        7.0621267329958526     
   1.9784073464101419        7.0501330402985296     
   1.9834073464101418        7.0341763242600601     
   1.9884073464101417        7.0154876078627515     
   1.9934073464101416        6.9955158475160992     
   1.9984073464101415        6.9758157934561842     
   2.0034073464101416        6.9579271666635485     
   2.0084073464101415        6.9432545254318123     
   2.0134073464101414        6.9329571783996924     
   2.0184073464101413        6.9278577570398907     
   2.0234073464101412        6.9283766441316494     
   2.0284073464101411        6.9344974729193121     
   2.0334073464101410        6.9457665160933058     
   2.0384073464101409        6.9613261587889621     
   2.0434073464101408        6.9799799984325430     
   2.0484073464101407        7.0002846423464247     
   2.0534073464101406        7.0206611743920595     
   2.0584073464101404        7.0395176993691679     
   2.0634073464101403        7.0553734722304977     
   2.0684073464101402        7.0669749514993629     
   2.0734073464101401        7.0733946990295662     
   2.0784073464101400        7.0741053396812239     
   2.0834073464101399        7.0690226976430059     
   2.0884073464101398        7.0585145960967273     
   2.0934073464101397        7.0433744618360778     
   2.0984073464101396        7.0247616114426608     
   2.1034073464101395        7.0041126985773463     
   2.1084073464101394        6.9830310699318572     
   2.1134073464101393        6.9631625324425581     
   2.1184073464101392        6.9460671374349152     
   2.1234073464101391        6.9330969492740149     
   2.1284073464101390        6.9252893547433727     
   2.1334073464101388        6.9232843125250385     
   2.1384073464101387        6.9272721256024345     
   2.1434073464101386        6.9369759806411020     
   2.1484073464101385        6.9516708162195808     
   2.1534073464101384        6.9702372626554823     
   2.1584073464101383        6.9912466583836164     
   2.1634073464101382        7.0130707046266387     
   2.1684073464101381        7.0340073630626678     
   2.1734073464101380        7.0524132853365771     
   2.1784073464101379        7.0668324947259284     
   2.1834073464101378        7.0761112678260591     
   2.1884073464101377        7.0794901750159811     
   2.1934073464101376        7.0766659590673200     
   2.1984073464101375        7.0678182323536047     
   2.2034073464101374        7.0535986796116976     
   2.2084073464101373        7.0350833574004898     
   2.2134073464101371        7.0136915588987465     
   2.2184073464101370        6.9910773396808663     
   2.2234073464101369        6.9690019707678799     
   2.2284073464101368        6.9491971277732327     
   2.2334073464101367        6.9332294151525540     
   2.2384073464101366        6.9223767957801821     
   2.2434073464101365        6.9175266447892572     
   2.2484073464101364        6.9191035331320316     
   2.2534073464101363        6.9270325905533197     
   2.2584073464101362        6.9407415702531701     
   2.2634073464101361        6.9592017469372021     
   2.2684073464101360        6.9810047566644098     
   2.2734073464101359        7.0044696656058125     
   2.2784073464101358        7.0277721563074467     
   2.2834073464101357        7.0490859339484615     
   2.2884073464101355        7.0667254249547771     
   2.2934073464101354        7.0792786521557103     
   2.2984073464101353        7.0857198457575379     
   2.3034073464101352        7.0854928422154799     
   2.3084073464101351        7.0785585242377307     
   2.3134073464101350        7.0654022994085564     
   2.3184073464101349        7.0470006935210598     
   2.3234073464101348        7.0247493112378763     
   2.3284073464101347        7.0003574451469959     
   2.3334073464101346        6.9757172580625211     
   2.3384073464101345        6.9527575137880779     
   2.3434073464101344        6.9332931240164042     
   2.3484073464101343        6.9188822064742448     
   2.3534073464101342        6.9107018709142238     
   2.3584073464101341        6.9094525941222082     
   2.3634073464101339        6.9152989100761832     
   2.3684073464101338        6.9278513854679629     
   2.3734073464101337        6.9461916823202401     
   2.3784073464101336        6.9689391706830470     
   2.3834073464101335        6.9943543031371789     
   2.3884073464101334        7.0204710524828053     
   2.3934073464101333        7.0452483739387892     
   2.3984073464101332        7.0667290707846693     
   2.4034073464101331        7.0831937480576235     
   2.4084073464101330        7.0932977954823002     
   2.4134073464101329        7.0961805379400245     
   2.4184073464101328        7.0915377460936044     
   2.4234073464101327        7.0796514605620313     
   2.4284073464101326        7.0613743432306517     
   2.4334073464101325        7.0380692809534366     
   2.4384073464101323        7.0115084600159490     
   2.4434073464101322        6.9837393328228110     
   2.4484073464101321        6.9569275594730904     
   2.4534073464101320        6.9331889136051226     
   2.4584073464101319        6.9144231377160636     
   2.4634073464101318        6.9021627305655029     
   2.4684073464101317        6.8974486371562582     
   2.4734073464101316        6.9007428571714211     
   2.4784073464101315        6.9118852314752681     
   2.4834073464101314        6.9300983129450726     
   2.4884073464101313        6.9540405307290287     
   2.4934073464101312        6.9819040988754200     
   2.4984073464101311        7.0115505920845393     
   2.5034073464101310        7.0406740896992090     
   2.5084073464101309        7.0669795146830783     
   2.5134073464101307        7.0883624530045033     
   2.5184073464101306        7.1030764463431595     
   2.5234073464101305        7.1098745433785204     
   2.5284073464101304        7.1081137245566213     
   2.5334073464101303        7.0978135536962448     
   2.5384073464101302        7.0796638565951771     
   2.5434073464101301        7.0549801239967005     
   2.5484073464101300        7.0256093876865586     
   2.5534073464101299        6.9937932120460768     
   2.5584073464101298        6.9619978750546547     
   2.5634073464101297        6.9327245100897299     
   2.5684073464101296        6.9083137235690204     
   2.5734073464101295        6.8907598449057108     
   2.5784073464101294        6.8815494389606684     
   2.5834073464101293        6.8815370411170500     
   2.5884073464101292        6.8908683739902372     
   2.5934073464101290        6.9089577666799791     
   2.5984073464101289        6.9345223839621148     
   2.6034073464101288        6.9656714938276938     
   2.6084073464101287        7.0000446923654760     
   2.6134073464101286        7.0349890998881488     
   2.6184073464101285        7.0677623500278672     
   2.6234073464101284        7.0957459725778333     
   2.6284073464101283        7.1166527084663773     
   2.6334073464101282        7.1287114922634389     
   2.6384073464101281        7.1308152992845431     
   2.6434073464101280        7.1226196884199826     
   2.6484073464101279        7.1045834940787476     
   2.6534073464101278        7.0779474676528045     
   2.6584073464101277        7.0446514169698062     
   2.6634073464101276        7.0071951812501130     
   2.6684073464101274        6.9684532397799188     
   2.6734073464101273        6.9314565344766166     
   2.6784073464101272        6.8991578855719293     
   2.6834073464101271        6.8741989619378421     
   2.6884073464101270        6.8586969888098803     
   2.6934073464101269        6.8540681936553769     
   2.6984073464101268        6.8609024707131612     
   2.7034073464101267        6.8789000554267510     
   2.7084073464101266        6.9068764037574830     
   2.7134073464101265        6.9428363049681110     
   2.7184073464101264        6.9841129068808847     
   2.7234073464101263        7.0275622083061533     
   2.7284073464101262        7.0697990734218346     
   2.7334073464101261        7.1074573064081799     
   2.7384073464101260        7.1374540823680270     
   2.7434073464101258        7.1572382614178114     
   2.7484073464101257        7.1650029069182963     
   2.7534073464101256        7.1598446583598596     
   2.7584073464101255        7.1418563285469547     
   2.7634073464101254        7.1121439481804076     
   2.7684073464101253        7.0727651212830178     
   2.7734073464101252        7.0265915670985368     
   2.7784073464101251        6.9771046556116856     
   2.7834073464101250        6.9281381383522600     
   2.7884073464101249        6.8835867080913422     
   2.7934073464101248        6.8471021285988352     
   2.7984073464101247        6.8218001895917988     
   2.8034073464101246        6.8100015082081908     
   2.8084073464101245        6.8130271919402325     
   2.8134073464101244        6.8310667082111225     
   2.8184073464101242        6.8631302108399339     
   2.8234073464101241        6.9070914055507329     
   2.8284073464101240        6.9598202374513374     
   2.8334073464101239        7.0173977537942438     
   2.8384073464101238        7.0753989585392345     
   2.8434073464101237        7.1292238380812130     
   2.8484073464101236        7.1744524519435702     
   2.8534073464101235        7.2071974100952962     
   2.8584073464101234        7.2244264421839448     
   2.8634073464101233        7.2242292051383759     
   2.8684073464101232        7.2060059242878287     
   2.8734073464101231        7.1705607174877724     
   2.8784073464101230        7.1200891691286836     
   2.8834073464101229        7.0580574398345339     
   2.8884073464101228        6.9889783689331058     
   2.8934073464101226        6.9180980519142601     
   2.8984073464101225        6.8510136493030860     
   2.9034073464101224        6.7932491401083928     
   2.9084073464101223        6.7498198867310668     
   2.9134073464101222        6.7248188623499026     
   2.9184073464101221        6.7210569888609282     
   2.9234073464101220        6.7397871950606190     
   2.9284073464101219        6.7805366598491750     
   2.9334073464101218        6.8410645554783605     
   2.9384073464101217        6.9174539085640872     
   2.9434073464101216        7.0043365357329161     
   2.9484073464101215        7.0952400583431752     
   2.9534073464101214        7.1830364705750815     
   2.9584073464101213        7.2604633328478299     
   2.9634073464101212        7.3206820343001144     
   2.9684073464101211        7.3578332531537995     
   2.9734073464101209        7.3675481328021126     
   2.9784073464101208        7.3473749946315223     
   2.9834073464101207        7.2970856358467264     
   2.9884073464101206        7.2188322154752171     
   2.9934073464101205        7.1171350197390693     
   2.9984073464101204        6.9986924489083986     
   3.0034073464101203        6.8720166710559463     
   3.0084073464101202        6.7469107388818390     
   3.0134073464101201        6.6338147182154339     
   3.0184073464101200        6.5430587019657205     
   3.0234073464101199        6.4840687267258783     
   3.0284073464101198        6.4645769447720571     
   3.0334073464101197        6.4898894800088405     
   3.0384073464101196        6.5622639700166037     
   3.0434073464101195        6.6804438559103092     
   3.0484073464101193        6.8393882519608882     
   3.0534073464101192        7.0302251590450142     
   3.0584073464101191        7.2404425318706336     
   3.0634073464101190        7.4543170823374032     
   3.0684073464101189        7.6535656225380366     
   3.0734073464101188        7.8181891927600677     
   3.0784073464101187        7.9274671401767618     
   3.0834073464101186        7.9610475922990585     
   3.0884073464101185        7.9000731474463173     
   3.0934073464101184        7.7282766351627368     
   3.0984073464101183        7.4329818070404201     
   3.1034073464101182        7.0059478743982293     
   3.1084073464101181        6.4440047245823777     
   3.1134073464101180        5.7494369817841413     
   3.1184073464101179        4.9300891653942713     
   3.1234073464101177        3.9991801891680443     
   3.1284073464101176        2.9748323576996460     
   3.1334073464101175        1.8793368051914066     
   3.1384073464101174       0.73819293759157667     
