  -3.1415926535897931       -4.2407455363902200E-015
  -3.1365926535897932      -0.17799561519913207     
  -3.1315926535897933      -0.35589788312176623     
  -3.1265926535897934      -0.53361354280211859     
  -3.1215926535897935      -0.71104950580274884     
  -3.1165926535897936      -0.88811294224633042     
  -3.1115926535897938       -1.0647113665687888     
  -3.1065926535897939       -1.2407527229014490     
  -3.1015926535897940       -1.4161454699902660     
  -3.0965926535897941       -1.5907986655606570     
  -3.0915926535897942       -1.7646220500372574     
  -3.0865926535897943       -1.9375261295285122     
  -3.0815926535897944       -2.1094222579868616     
  -3.0765926535897945       -2.2802227184563728     
  -3.0715926535897946       -2.4498408033205612     
  -3.0665926535897947       -2.6181908934643650     
  -3.0615926535897948       -2.7851885362654891     
  -3.0565926535897949       -2.9507505223316013     
  -3.0515926535897950       -3.1147949609014591     
  -3.0465926535897951       -3.2772413538294325     
  -3.0415926535897952       -3.4380106680745151     
  -3.0365926535897954       -3.5970254066167819     
  -3.0315926535897955       -3.7542096777258882     
  -3.0265926535897956       -3.9094892625081901     
  -3.0215926535897957       -4.0627916806609914     
  -3.0165926535897958       -4.2140462543645016     
  -3.0115926535897959       -4.3631841702442422     
  -3.0065926535897960       -4.5101385393388185     
  -3.0015926535897961       -4.6548444550102310     
  -2.9965926535897962       -4.7972390487363281     
  -2.9915926535897963       -4.9372615437273915     
  -2.9865926535897964       -5.0748533063113097     
  -2.9815926535897965       -5.2099578950343872     
  -2.9765926535897966       -5.3425211074273822     
  -2.9715926535897967       -5.4724910243891696     
  -2.9665926535897968       -5.5998180521429859     
  -2.9615926535897970       -5.7244549617230618     
  -2.9565926535897971       -5.8463569259522812     
  -2.9515926535897972       -5.9654815538743486     
  -2.9465926535897973       -6.0817889226068242     
  -2.9415926535897974       -6.1952416065843483     
  -2.9365926535897975       -6.3058047041643270     
  -2.9315926535897976       -6.4134458615704268     
  -2.9265926535897977       -6.5181352941521205     
  -2.9215926535897978       -6.6198458049416802     
  -2.9165926535897979       -6.7185528004930557     
  -2.9115926535897980       -6.8142343039901405     
  -2.9065926535897981       -6.9068709656150560     
  -2.9015926535897982       -6.9964460701701334     
  -2.8965926535897983       -7.0829455419504370     
  -2.8915926535897984       -7.1663579468667802     
  -2.8865926535897986       -7.2466744918222243     
  -2.8815926535897987       -7.3238890213482257     
  -2.8765926535897988       -7.3979980115096451     
  -2.8715926535897989       -7.4690005610909260     
  -2.8665926535897990       -7.5368983800787888     
  -2.8615926535897991       -7.6016957754598433     
  -2.8565926535897992       -7.6633996343545006     
  -2.8515926535897993       -7.7220194045116202     
  -2.8465926535897994       -7.7775670721911903     
  -2.8415926535897995       -7.8300571374653192     
  -2.8365926535897996       -7.8795065869706669     
  -2.8315926535897997       -7.9259348641483127     
  -2.8265926535897998       -7.9693638370098139     
  -2.8215926535897999       -8.0098177634709362     
  -2.8165926535898000       -8.0473232542973303     
  -2.8115926535898002       -8.0819092337089238     
  -2.8065926535898003       -8.1136068976924953     
  -2.8015926535898004       -8.1424496700743578     
  -2.7965926535898005       -8.1684731564075221     
  -2.7915926535898006       -8.1917150957301779     
  -2.7865926535898007       -8.2122153102545532     
  -2.7815926535898008       -8.2300156530475164     
  -2.7765926535898009       -8.2451599537664357     
  -2.7715926535898010       -8.2576939625159707     
  -2.7665926535898011       -8.2676652918933407     
  -2.7615926535898012       -8.2751233572917524     
  -2.7565926535898013       -8.2801193155333142     
  -2.7515926535898014       -8.2827060019046801     
  -2.7465926535898015       -8.2829378656703305     
  -2.7415926535898016       -8.2808709041398192     
  -2.7365926535898017       -8.2765625953670821     
  -2.7315926535898019       -8.2700718295610738     
  -2.7265926535898020       -8.2614588392884158     
  -2.7215926535898021       -8.2507851285499481     
  -2.7165926535898022       -8.2381134008141235     
  -2.7115926535898023       -8.2235074860912949     
  -2.7065926535898024       -8.2070322671338118     
  -2.7015926535898025       -8.1887536048475873     
  -2.6965926535898026       -8.1687382630016696     
  -2.6915926535898027       -8.1470538323228023     
  -2.6865926535898028       -8.1237686540625429     
  -2.6815926535898029       -8.0989517431249585     
  -2.6765926535898030       -8.0726727108430225     
  -2.6715926535898031       -8.0450016874923183     
  -2.6665926535898032       -8.0160092446305118     
  -2.6615926535898033       -7.9857663173510796     
  -2.6565926535898035       -7.9543441265398256     
  -2.6515926535898036       -7.9218141012222585     
  -2.6465926535898037       -7.8882478010897499     
  -2.6415926535898038       -7.8537168392918888     
  -2.6365926535898039       -7.8182928055819474     
  -2.6315926535898040       -7.7820471899017134     
  -2.6265926535898041       -7.7450513064912432     
  -2.6215926535898042       -7.7073762186082231     
  -2.6165926535898043       -7.6690926639407122     
  -2.6115926535898044       -7.6302709807960483     
  -2.6065926535898045       -7.5909810351474754     
  -2.6015926535898046       -7.5512921486189573     
  -2.5965926535898047       -7.5112730274872028     
  -2.5915926535898048       -7.4709916927786502     
  -2.5865926535898049       -7.4305154115375851     
  -2.5815926535898051       -7.3899106293399637     
  -2.5765926535898052       -7.3492429041259619     
  -2.5715926535898053       -7.3085768414224113     
  -2.5665926535898054       -7.2679760310244665     
  -2.5615926535898055       -7.2275029852040751     
  -2.5565926535898056       -7.1872190785105445     
  -2.5515926535898057       -7.1471844892268290     
  -2.5465926535898058       -7.1074581425426793     
  -2.5415926535898059       -7.0680976555038155     
  -2.5365926535898060       -7.0291592837939039     
  -2.5315926535898061       -6.9906978704038876     
  -2.5265926535898062       -6.9527667962407449     
  -2.5215926535898063       -6.9154179327253420     
  -2.5165926535898064       -6.8787015964265334     
  -2.5115926535898065       -6.8426665057761706     
  -2.5065926535898067       -6.8073597399069889     
  -2.5015926535898068       -6.7728266996527431     
  -2.4965926535898069       -6.7391110707473016     
  -2.4915926535898070       -6.7062547892566382     
  -2.4865926535898071       -6.6742980092749606     
  -2.4815926535898072       -6.6432790729133391     
  -2.4765926535898073       -6.6132344826064529     
  -2.4715926535898074       -6.5841988757602241     
  -2.4665926535898075       -6.5562050017602127     
  -2.4615926535898076       -6.5292837013577678     
  -2.4565926535898077       -6.5034638884480378     
  -2.4515926535898078       -6.4787725342511084     
  -2.4465926535898079       -6.4552346539044763     
  -2.4415926535898080       -6.4328732954722616     
  -2.4365926535898081       -6.4117095313736350     
  -2.4315926535898083       -6.3917624522299725     
  -2.4265926535898084       -6.3730491631273960     
  -2.4215926535898085       -6.3555847822884139     
  -2.4165926535898086       -6.3393824421434886     
  -2.4115926535898087       -6.3244532927906336     
  -2.4065926535898088       -6.3108065078280582     
  -2.4015926535898089       -6.2984492925422302     
  -2.3965926535898090       -6.2873868944309148     
  -2.3915926535898091       -6.2776226160379434     
  -2.3865926535898092       -6.2691578300737518     
  -2.3815926535898093       -6.2619919967930633     
  -2.3765926535898094       -6.2561226835983783     
  -2.3715926535898095       -6.2515455868354408     
  -2.3665926535898096       -6.2482545557442162     
  -2.3615926535898097       -6.2462416185263514     
  -2.3565926535898098       -6.2454970104877914     
  -2.3515926535898100       -6.2460092042127160     
  -2.3465926535898101       -6.2477649417226280     
  -2.3415926535898102       -6.2507492685721822     
  -2.3365926535898103       -6.2549455698311016     
  -2.3315926535898104       -6.2603356078994503     
  -2.3265926535898105       -6.2668995621013401     
  -2.3215926535898106       -6.2746160700002260     
  -2.3165926535898107       -6.2834622703770098     
  -2.3115926535898108       -6.2934138478103003     
  -2.3065926535898109       -6.3044450787964008     
  -2.3015926535898110       -6.3165288793449363     
  -2.2965926535898111       -6.3296368539842991     
  -2.2915926535898112       -6.3437393461097784     
  -2.2865926535898113       -6.3588054896056407     
  -2.2815926535898114       -6.3748032616710182     
  -2.2765926535898116       -6.3916995367784306     
  -2.2715926535898117       -6.4094601416923522     
  -2.2665926535898118       -6.4280499114743250     
  -2.2615926535898119       -6.4474327463999899     
  -2.2565926535898120       -6.4675716697126484     
  -2.2515926535898121       -6.4884288861370640     
  -2.2465926535898122       -6.5099658410766192     
  -2.2415926535898123       -6.5321432804161512     
  -2.2365926535898124       -6.5549213108525457     
  -2.2315926535898125       -6.5782594606744835     
  -2.2265926535898126       -6.6021167409126891     
  -2.2215926535898127       -6.6264517067815314     
  -2.2165926535898128       -6.6512225193329764     
  -2.2115926535898129       -6.6763870072437301     
  -2.2065926535898130       -6.7019027286564805     
  -2.2015926535898132       -6.7277270329964338     
  -2.1965926535898133       -6.7538171226844979     
  -2.1915926535898134       -6.7801301146689106     
  -2.1865926535898135       -6.8066231016976015     
  -2.1815926535898136       -6.8332532132540553     
  -2.1765926535898137       -6.8599776760801801     
  -2.1715926535898138       -6.8867538742104388     
  -2.1665926535898139       -6.9135394084423210     
  -2.1615926535898140       -6.9402921551691534     
  -2.1565926535898141       -6.9669703245023653     
  -2.1515926535898142       -6.9935325176113610     
  -2.1465926535898143       -7.0199377832103798     
  -2.1415926535898144       -7.0461456731230498     
  -2.1365926535898145       -7.0721162968566951     
  -2.1315926535898146       -7.0978103751198898     
  -2.1265926535898148       -7.1231892922183722     
  -2.1215926535898149       -7.1482151472659528     
  -2.1165926535898150       -7.1728508041488137     
  -2.1115926535898151       -7.1970599401833644     
  -2.1065926535898152       -7.2208070934095927     
  -2.1015926535898153       -7.2440577084638562     
  -2.0965926535898154       -7.2667781809769494     
  -2.0915926535898155       -7.2889359004453871     
  -2.0865926535898156       -7.3104992915259075     
  -2.0815926535898157       -7.3314378537053564     
  -2.0765926535898158       -7.3517221993003670     
  -2.0715926535898159       -7.3713240897434948     
  -2.0665926535898160       -7.3902164701147814     
  -2.0615926535898161       -7.4083735018800745     
  -2.0565926535898162       -7.4257705937999523     
  -2.0515926535898164       -7.4423844309753271     
  -2.0465926535898165       -7.4581930019985547     
  -2.0415926535898166       -7.4731756241812271     
  -2.0365926535898167       -7.4873129668324330     
  -2.0315926535898168       -7.5005870725638610     
  -2.0265926535898169       -7.5129813766007238     
  -2.0215926535898170       -7.5244807240801395     
  -2.0165926535898171       -7.5350713853212028     
  -2.0115926535898172       -7.5447410690536785     
  -2.0065926535898173       -7.5534789335949366     
  -2.0015926535898174       -7.5612755959674125     
  -1.9965926535898175       -7.5681231389515702     
  -1.9915926535898176       -7.5740151160720348     
  -1.9865926535898177       -7.5789465545172536     
  -1.9815926535898178       -7.5829139559957346     
  -1.9765926535898179       -7.5859152955346207     
  -1.9715926535898181       -7.5879500182288666     
  -1.9665926535898182       -7.5890190339521872     
  -1.9615926535898183       -7.5891247100433556     
  -1.9565926535898184       -7.5882708619841166     
  -1.9515926535898185       -7.5864627420876189     
  -1.9465926535898186       -7.5837070262186774     
  -1.9415926535898187       -7.5800117985698714     
  -1.9365926535898188       -7.5753865345198692     
  -1.9315926535898189       -7.5698420816027774     
  -1.9265926535898190       -7.5633906386198317     
  -1.9215926535898191       -7.5560457329270694     
  -1.9165926535898192       -7.5478221959348879     
  -1.9115926535898193       -7.5387361368577022     
  -1.9065926535898194       -7.5288049147541392     
  -1.9015926535898195       -7.5180471089003564     
  -1.8965926535898197       -7.5064824875411524     
  -1.8915926535898198       -7.4941319750655815     
  -1.8865926535898199       -7.4810176176557768     
  -1.8815926535898200       -7.4671625474596013     
  -1.8765926535898201       -7.4525909453395860     
  -1.8715926535898202       -7.4373280022523058     
  -1.8665926535898203       -7.4213998793141869     
  -1.8615926535898204       -7.4048336666112746     
  -1.8565926535898205       -7.3876573408120505     
  -1.8515926535898206       -7.3698997216438284     
  -1.8465926535898207       -7.3515904272947159     
  -1.8415926535898208       -7.3327598288044316     
  -1.8365926535898209       -7.3134390035083809     
  -1.8315926535898210       -7.2936596876006812     
  -1.8265926535898211       -7.2734542278827732     
  -1.8215926535898213       -7.2528555327652775     
  -1.8165926535898214       -7.2318970225916184     
  -1.8115926535898215       -7.2106125793526790     
  -1.8065926535898216       -7.1890364958625232     
  -1.8015926535898217       -7.1672034244657645     
  -1.7965926535898218       -7.1451483253477210     
  -1.7915926535898219       -7.1229064145188419     
  -1.7865926535898220       -7.1005131115452711     
  -1.7815926535898221       -7.0780039870976870     
  -1.7765926535898222       -7.0554147103905844     
  -1.7715926535898223       -7.0327809965842940     
  -1.7665926535898224       -7.0101385542219123     
  -1.7615926535898225       -6.9875230327732991     
  -1.7565926535898226       -6.9649699703579193     
  -1.7515926535898227       -6.9425147417180275     
  -1.7465926535898229       -6.9201925065132803     
  -1.7415926535898230       -6.8980381580074059     
  -1.7365926535898231       -6.8760862722167806     
  -1.7315926535898232       -6.8543710575902459     
  -1.7265926535898233       -6.8329263052886109     
  -1.7215926535898234       -6.8117853401314310     
  -1.7165926535898235       -6.7909809722777323     
  -1.7115926535898236       -6.7705454497061872     
  -1.7065926535898237       -6.7505104115592562     
  -1.7015926535898238       -6.7309068424144787     
  -1.6965926535898239       -6.7117650275449217     
  -1.6915926535898240       -6.6931145092291811     
  -1.6865926535898241       -6.6749840441702020     
  -1.6815926535898242       -6.6574015620803557     
  -1.6765926535898243       -6.6403941254887835     
  -1.6715926535898245       -6.6239878908252647     
  -1.6665926535898246       -6.6082080708330713     
  -1.6615926535898247       -6.5930788983616386     
  -1.6565926535898248       -6.5786235915877489     
  -1.6515926535898249       -6.5648643207121520     
  -1.6465926535898250       -6.5518221761764952     
  -1.6415926535898251       -6.5395171384433688     
  -1.6365926535898252       -6.5279680493801067     
  -1.6315926535898253       -6.5171925852849357     
  -1.6265926535898254       -6.5072072315916714     
  -1.6215926535898255       -6.4980272592870545     
  -1.6165926535898256       -6.4896667030724453     
  -1.6115926535898257       -6.4821383412991569     
  -1.6065926535898258       -6.4754536777044809     
  -1.6015926535898259       -6.4696229249729411     
  -1.5965926535898260       -6.4646549901448012     
  -1.5915926535898262       -6.4605574618915309     
  -1.5865926535898263       -6.4573365996752230     
  -1.5815926535898264       -6.4549973248066248     
  -1.5765926535898265       -6.4535432134137096     
  -1.5715926535898266       -6.4529764913302952     
  -1.5665926535898267       -6.4532980309115668     
  -1.5615926535898268       -6.4545073497807586     
  -1.5565926535898269       -6.4566026115087398     
  -1.5515926535898270       -6.4595806282255221     
  -1.5465926535898271       -6.4634368651602854     
  -1.5415926535898272       -6.4681654471037575     
  -1.5365926535898273       -6.4737591667843182     
  -1.5315926535898274       -6.4802094951465818     
  -1.5265926535898275       -6.4875065935186740     
  -1.5215926535898276       -6.4956393276518565     
  -1.5165926535898278       -6.5045952836136491     
  -1.5115926535898279       -6.5143607855131531     
  -1.5065926535898280       -6.5249209150346941     
  -1.5015926535898281       -6.5362595327536352     
  -1.4965926535898282       -6.5483593012056120     
  -1.4915926535898283       -6.5612017096783104     
  -1.4865926535898284       -6.5747671006923412     
  -1.4815926535898285       -6.5890346981356753     
  -1.4765926535898286       -6.6039826370137584     
  -1.4715926535898287       -6.6195879947752898     
  -1.4665926535898288       -6.6358268241714926     
  -1.4615926535898289       -6.6526741876046138     
  -1.4565926535898290       -6.6701041929193794     
  -1.4515926535898291       -6.6880900305892137     
  -1.4465926535898292       -6.7066040122469976     
  -1.4415926535898294       -6.7256176105084648     
  -1.4365926535898295       -6.7451015000344379     
  -1.4315926535898296       -6.7650255997764619     
  -1.4265926535898297       -6.7853591163487854     
  -1.4215926535898298       -6.8060705884679997     
  -1.4165926535898299       -6.8271279324002290     
  -1.4115926535898300       -6.8484984883543971     
  -1.4065926535898301       -6.8701490677586419     
  -1.4015926535898302       -6.8920460013558573     
  -1.3965926535898303       -6.9141551880530718     
  -1.3915926535898304       -6.9364421444583240     
  -1.3865926535898305       -6.9588720550377907     
  -1.3815926535898306       -6.9814098228248369     
  -1.3765926535898307       -7.0040201206120463     
  -1.3715926535898308       -7.0266674425564233     
  -1.3665926535898310       -7.0493161561273912     
  -1.3615926535898311       -7.0719305543265980     
  -1.3565926535898312       -7.0944749081082215     
  -1.3515926535898313       -7.1169135189279213     
  -1.3465926535898314       -7.1392107713485213     
  -1.3415926535898315       -7.1613311856301198     
  -1.3365926535898316       -7.1832394702324480     
  -1.3315926535898317       -7.2049005741571763     
  -1.3265926535898318       -7.2262797390580191     
  -1.3215926535898319       -7.2473425510467138     
  -1.3165926535898320       -7.2680549921231759     
  -1.3115926535898321       -7.2883834911586618     
  -1.3065926535898322       -7.3082949743610639     
  -1.3015926535898323       -7.3277569151521948     
  -1.2965926535898324       -7.3467373833875085     
  -1.2915926535898326       -7.3652050938495055     
  -1.2865926535898327       -7.3831294539468537     
  -1.2815926535898328       -7.4004806105522913     
  -1.2765926535898329       -7.4172294959132810     
  -1.2715926535898330       -7.4333478725706481     
  -1.2665926535898331       -7.4488083772214697     
  -1.2615926535898332       -7.4635845634639146     
  -1.2565926535898333       -7.4776509433629625     
  -1.2515926535898334       -7.4909830277775047     
  -1.2465926535898335       -7.5035573653907575     
  -1.2415926535898336       -7.5153515803875592     
  -1.2365926535898337       -7.5263444087237943     
  -1.2315926535898338       -7.5365157329349390     
  -1.2265926535898339       -7.5458466154325787     
  -1.2215926535898340       -7.5543193302395188     
  -1.2165926535898341       -7.5619173931162278     
  -1.2115926535898343       -7.5686255900332888     
  -1.2065926535898344       -7.5744300039465742     
  -1.2015926535898345       -7.5793180398340780     
  -1.1965926535898346       -7.5832784479555269     
  -1.1915926535898347       -7.5863013452980903     
  -1.1865926535898348       -7.5883782351738667     
  -1.1815926535898349       -7.5895020249371319     
  -1.1765926535898350       -7.5896670417917687     
  -1.1715926535898351       -7.5888690466616771     
  -1.1665926535898352       -7.5871052460995463     
  -1.1615926535898353       -7.5843743022117174     
  -1.1565926535898354       -7.5806763405795756     
  -1.1515926535898355       -7.5760129561603833     
  -1.1465926535898356       -7.5703872171530886     
  -1.1415926535898357       -7.5638036668172859     
  -1.1365926535898359       -7.5562683232361305     
  -1.1315926535898360       -7.5477886770166496     
  -1.1265926535898361       -7.5383736869236486     
  -1.1215926535898362       -7.5280337734459346     
  -1.1165926535898363       -7.5167808102964742     
  -1.1115926535898364       -7.5046281138505835     
  -1.1065926535898365       -7.4915904305291221     
  -1.1015926535898366       -7.4776839221362277     
  -1.0965926535898367       -7.4629261491638426     
  -1.0915926535898368       -7.4473360520779899     
  -1.0865926535898369       -7.4309339306043656     
  -1.0815926535898370       -7.4137414210334658     
  -1.0765926535898371       -7.3957814715680872     
  -1.0715926535898372       -7.3770783157386575     
  -1.0665926535898373       -7.3576574439143538     
  -1.0615926535898375       -7.3375455729405914     
  -1.0565926535898376       -7.3167706139358772     
  -1.0515926535898377       -7.2953616382835618     
  -1.0465926535898378       -7.2733488418563974     
  -1.0415926535898379       -7.2507635075142307     
  -1.0365926535898380       -7.2276379659174399     
  -1.0315926535898381       -7.2040055547011086     
  -1.0265926535898382       -7.1799005760570207     
  -1.0215926535898383       -7.1553582527728912     
  -1.0165926535898384       -7.1304146827802475     
  -1.0115926535898385       -7.1051067922645315     
  -1.0065926535898386       -7.0794722873928881     
  -1.0015926535898387       -7.0535496047171389     
 -0.99659265358983873       -7.0273778603112493     
 -0.99159265358983872       -7.0009967977043690     
 -0.98659265358983872       -6.9744467346722914     
 -0.98159265358983872       -6.9477685089518113     
 -0.97659265358983871       -6.9210034229439845     
 -0.97159265358983871       -6.8941931874738325     
 -0.96659265358983870       -6.8673798646754145     
 -0.96159265358983870       -6.8406058100724909     
 -0.95659265358983869       -6.8139136139262684     
 -0.95159265358983869       -6.7873460419228770     
 -0.94659265358983868       -6.7609459752742183     
 -0.94159265358983868       -6.7347563503068741     
 -0.93659265358983868       -6.7088200976146064     
 -0.93159265358983867       -6.6831800808507529     
 -0.92659265358983867       -6.6578790352375448     
 -0.92159265358983866       -6.6329595058699367     
 -0.91659265358983866       -6.6084637858920834     
 -0.91159265358983865       -6.5844338546249439     
 -0.90659265358983865       -6.5609113157238683     
 -0.90159265358983864       -6.5379373354451769     
 -0.89659265358983864       -6.5155525811008825     
 -0.89159265358983864       -6.4937971597806925     
 -0.88659265358983863       -6.4727105574204327     
 -0.88159265358983863       -6.4523315782956789     
 -0.87659265358983862       -6.4326982850192875     
 -0.87159265358983862       -6.4138479391210277     
 -0.86659265358983861       -6.3958169422870403     
 -0.86159265358983861       -6.3786407783363428     
 -0.85659265358983860       -6.3623539560108320     
 -0.85159265358983860       -6.3469899526545737     
 -0.84659265358983860       -6.3325811588571845     
 -0.84159265358983859       -6.3191588241352692     
 -0.83659265358983859       -6.3067530037247561     
 -0.83159265358983858       -6.2953925065557872     
 -0.82659265358983858       -6.2851048444807613     
 -0.82159265358983857       -6.2759161828245329     
 -0.81659265358983857       -6.2678512923246030     
 -0.81159265358983856       -6.2609335025275099     
 -0.80659265358983856       -6.2551846567060458     
 -0.80159265358983856       -6.2506250683603124     
 -0.79659265358983855       -6.2472734793637885     
 -0.79159265358983855       -6.2451470198138761     
 -0.78659265358983854       -6.2442611696443731     
 -0.78159265358983854       -6.2446297220553664     
 -0.77659265358983853       -6.2462647488140357     
 -0.77159265358983853       -6.2491765674776838     
 -0.76659265358983852       -6.2533737105881171     
 -0.76159265358983852       -6.2588628968842519     
 -0.75659265358983852       -6.2656490045775337     
 -0.75159265358983851       -6.2737350467323001     
 -0.74659265358983851       -6.2831221487908699     
 -0.74159265358983850       -6.2938095282805850     
 -0.73659265358983850       -6.3057944767374945     
 -0.73159265358983849       -6.3190723438788421     
 -0.72659265358983849       -6.3336365240537944     
 -0.72159265358983848       -6.3494784449992139     
 -0.71659265358983848       -6.3665875589246035     
 -0.71159265358983848       -6.3849513359475143     
 -0.70659265358983847       -6.4045552598979656     
 -0.70159265358983847       -6.4253828265076596     
 -0.69659265358983846       -6.4474155439968435     
 -0.69159265358983846       -6.4706329360688857     
 -0.68659265358983845       -6.4950125473197202     
 -0.68159265358983845       -6.5205299510664219     
 -0.67659265358983844       -6.5471587595962886     
 -0.67159265358983844       -6.5748706368348753     
 -0.66659265358983844       -6.6036353134285015     
 -0.66159265358983843       -6.6334206042338586     
 -0.65659265358983843       -6.6641924282044087     
 -0.65159265358983842       -6.6959148306603691     
 -0.64659265358983842       -6.7285500079261453     
 -0.64159265358983841       -6.7620583343162428     
 -0.63659265358983841       -6.7963983914477701     
 -0.63159265358983840       -6.8315269998547805     
 -0.62659265358983840       -6.8673992528769823     
 -0.62159265358983840       -6.9039685527923531     
 -0.61659265358983839       -6.9411866491606506     
 -0.61159265358983839       -6.9790036793418757     
 -0.60659265358983838       -7.0173682111512008     
 -0.60159265358983838       -7.0562272876090768     
 -0.59659265358983837       -7.0955264737427912     
 -0.59159265358983837       -7.1352099053929638     
 -0.58659265358983836       -7.1752203399761765     
 -0.58159265358983836       -7.2154992091522994     
 -0.57659265358983836       -7.2559866733427452     
 -0.57159265358983835       -7.2966216780435387     
 -0.56659265358983835       -7.3373420118747577     
 -0.56159265358983834       -7.3780843663057354     
 -0.55659265358983834       -7.4187843969932148     
 -0.55159265358983833       -7.4593767866676171     
 -0.54659265358983833       -7.4997953095004846     
 -0.54159265358983832       -7.5399728968843505     
 -0.53659265358983832       -7.5798417045543260     
 -0.53159265358983832       -7.6193331809789804     
 -0.52659265358983831       -7.6583781369463626     
 -0.52159265358983831       -7.6969068162694398     
 -0.51659265358983830       -7.7348489675336722     
 -0.51159265358983830       -7.7721339168080448     
 -0.50659265358983829       -7.8086906412395223     
 -0.50159265358983829       -7.8444478434496014     
 -0.49659265358983828       -7.8793340266506000     
 -0.49159265358983828       -7.9132775703981046     
 -0.48659265358983828       -7.9462068068951623     
 -0.48159265358983827       -7.9780500977628837     
 -0.47659265358983827       -8.0087359111913656     
 -0.47159265358983826       -8.0381928993841765     
 -0.46659265358983826       -8.0663499762091035     
 -0.46159265358983825       -8.0931363949673365     
 -0.45659265358983825       -8.1184818261930491     
 -0.45159265358983824       -8.1423164353948732     
 -0.44659265358983824       -8.1645709606508081     
 -0.44159265358983824       -8.1851767899679437     
 -0.43659265358983823       -8.2040660383184640     
 -0.43159265358983823       -8.2211716242635866     
 -0.42659265358983822       -8.2364273460773028     
 -0.42159265358983822       -8.2497679572821969     
 -0.41659265358983821       -8.2611292415101349     
 -0.41159265358983821       -8.2704480866010233     
 -0.40659265358983820       -8.2776625578537857     
 -0.40159265358983820       -8.2827119703442165     
 -0.39659265358983820       -8.2855369602254321     
 -0.39159265358983819       -8.2860795549275696     
 -0.38659265358983819       -8.2842832421744248     
 -0.38159265358983818       -8.2800930377360071     
 -0.37659265358983818       -8.2734555518371131     
 -0.37159265358983817       -8.2643190541435789     
 -0.36659265358983817       -8.2526335372491442     
 -0.36159265358983816       -8.2383507785876073     
 -0.35659265358983816       -8.2214244006964368     
 -0.35159265358983816       -8.2018099297598734     
 -0.34659265358983815       -8.1794648523612885     
 -0.34159265358983815       -8.1543486703765229     
 -0.33659265358983814       -8.1264229539419208     
 -0.33159265358983814       -8.0956513924328348     
 -0.32659265358983813       -8.0619998433905096     
 -0.32159265358983813       -8.0254363793375241     
 -0.31659265358983812       -7.9859313324242311     
 -0.31159265358983812       -7.9434573368510160     
 -0.30659265358983812       -7.8979893690136285     
 -0.30159265358983811       -7.8495047853213542     
 -0.29659265358983811       -7.7979833576403248     
 -0.29159265358983810       -7.7434073063169251     
 -0.28659265358983810       -7.6857613307389121     
 -0.28159265358983809       -7.6250326373945621     
 -0.27659265358983809       -7.5612109653930162     
 -0.27159265358983808       -7.4942886094117327     
 -0.26659265358983808       -7.4242604400398600     
 -0.26159265358983808       -7.3511239214892985     
 -0.25659265358983807       -7.2748791266480506     
 -0.25159265358983807       -7.1955287494535440     
 -0.24659265358983806       -7.1130781145665658     
 -0.24159265358983806       -7.0275351843294640     
 -0.23659265358983805       -6.9389105629953640     
 -0.23159265358983805       -6.8472174982181899     
 -0.22659265358983804       -6.7524718797963796     
 -0.22159265358983804       -6.6546922356662748     
 -0.21659265358983804       -6.5538997251442677     
 -0.21159265358983803       -6.4501181294199217     
 -0.20659265358983803       -6.3433738393053352     
 -0.20159265358983802       -6.2336958402492124     
 -0.19659265358983802       -6.1211156946271021     
 -0.19159265358983801       -6.0056675213224402     
 -0.18659265358983801       -5.8873879726160618     
 -0.18159265358983800       -5.7663162084049091     
 -0.17659265358983800       -5.6424938677737178     
 -0.17159265358983800       -5.5159650379464296     
 -0.16659265358983799       -5.3867762206471470     
 -0.16159265358983799       -5.2549762959032709     
 -0.15659265358983798       -5.1206164833265087     
 -0.15159265358983798       -4.9837503009102049     
 -0.14659265358983797       -4.8444335213843495     
 -0.14159265358983797       -4.7027241261723960     
 -0.13659265358983796       -4.5586822569967067     
 -0.13159265358983796       -4.4123701651822058     
 -0.12659265358983796       -4.2638521587104021     
 -0.12159265358983795       -4.1131945470785141     
 -0.11659265358983795       -3.9604655840209841     
 -0.11159265358983794       -3.8057354081530348     
 -0.10659265358983794       -3.6490759815984091     
 -0.10159265358983793       -3.4905610266656248     
  -9.6592653589837929E-002  -3.3302659606393972     
  -9.1592653589837925E-002  -3.1682678287560124     
  -8.6592653589837920E-002  -3.0046452354335020     
  -8.1592653589837916E-002  -2.8394782738294873     
  -7.6592653589837911E-002  -2.6728484538014787     
  -7.1592653589837907E-002  -2.5048386283462465     
  -6.6592653589837902E-002  -2.3355329185966069     
  -6.1592653589837905E-002  -2.1650166374556523     
  -5.6592653589837907E-002  -1.9933762119499994     
  -5.1592653589837910E-002  -1.8206991043850975     
  -4.6592653589837912E-002  -1.6470737323870246     
  -4.1592653589837915E-002  -1.4725893879164731     
  -3.6592653589837917E-002  -1.2973361553418050     
  -3.1592653589837920E-002  -1.1214048286591427     
  -2.6592653589837919E-002 -0.94488682794843404     
  -2.1592653589837918E-002 -0.76787411515531334     
  -1.6592653589837917E-002 -0.59045910928935563     
  -1.1592653589837916E-002 -0.41273460112998644     
  -6.5926535898379159E-003 -0.23479366753187933     
  -1.5926535898379158E-003  -5.6729585422134174E-002
   3.4073464101620843E-003  0.12136425441812007     
   8.4073464101620844E-003  0.29939443369480329     
   1.3407346410162085E-002  0.47726759297160892     
   1.8407346410162086E-002  0.65489051797730669     
   2.3407346410162087E-002  0.83217022575662702     
   2.8407346410162088E-002   1.0090140505719141     
   3.3407346410162089E-002   1.1853297294630116     
   3.8407346410162087E-002   1.3610254873732539     
   4.3407346410162084E-002   1.5360101217499154     
   4.8407346410162082E-002   1.7101930865280890     
   5.3407346410162079E-002   1.8834845754076672     
   5.8407346410162077E-002   2.0557956043339116     
   6.3407346410162074E-002   2.2270380930930109     
   6.8407346410162079E-002   2.3971249459350488     
   7.3407346410162083E-002   2.5659701311379131     
   7.8407346410162088E-002   2.7334887594268960     
   8.3407346410162092E-002   2.8995971611660618     
   8.8407346410162096E-002   3.0642129622388343     
   9.3407346410162101E-002   3.2272551585368112     
   9.8407346410162105E-002   3.3886441889773589     
  0.10340734641016211        3.5483020069722637     
  0.10840734641016211        3.7061521502714783     
  0.11340734641016212        3.8621198091078752     
  0.11840734641016212        4.0161318925708338     
  0.12340734641016213        4.1681170931385907     
  0.12840734641016213        4.3180059493012886     
  0.13340734641016214        4.4657309062089574     
  0.13840734641016214        4.6112263742808270     
  0.14340734641016215        4.7544287857147776     
  0.14840734641016215        4.8952766488380801     
  0.15340734641016215        5.0337106002431016     
  0.15840734641016216        5.1696734546541299     
  0.16340734641016216        5.3031102524741121     
  0.16840734641016217        5.4339683049627228     
  0.17340734641016217        5.5621972369998858     
  0.17840734641016218        5.6877490273916695     
  0.18340734641016218        5.8105780466781791     
  0.18840734641016219        5.9306410924060717     
  0.19340734641016219        6.0478974218310464     
  0.19840734641016219        6.1623087820187159     
  0.20340734641016220        6.2738394373151554     
  0.20840734641016220        6.3824561941614428     
  0.21340734641016221        6.4881284232295231     
  0.21840734641016221        6.5908280788597855     
  0.22340734641016222        6.6905297157837493     
  0.22840734641016222        6.7872105031184358     
  0.23340734641016223        6.8808502356219847     
  0.23840734641016223        6.9714313422032692     
  0.24340734641016223        7.0589388916812981     
  0.24840734641016224        7.1433605957933564     
  0.25340734641016222        7.2246868094539352     
  0.25840734641016222        7.3029105282695541     
  0.26340734641016222        7.3780273833177521     
  0.26840734641016223        7.4500356332015496     
  0.27340734641016223        7.5189361533937547     
  0.27840734641016224        7.5847324228885569     
  0.28340734641016224        7.6474305081808440     
  0.28840734641016225        7.7070390445967103     
  0.29340734641016225        7.7635692150015085     
  0.29840734641016226        7.8170347259148620     
  0.30340734641016226        7.8674517810647950     
  0.30840734641016226        7.9148390524161147     
  0.31340734641016227        7.9592176487109052     
  0.31840734641016227        8.0006110815618037     
  0.32340734641016228        8.0390452291414043     
  0.32840734641016228        8.0745482975138394     
  0.33340734641016229        8.1071507796570987     
  0.33840734641016229        8.1368854122273291     
  0.34340734641016230        8.1637871301186529     
  0.34840734641016230        8.1878930188746377     
  0.35340734641016230        8.2092422650097649     
  0.35840734641016231        8.2278761043015489     
  0.36340734641016231        8.2438377681162081     
  0.36840734641016232        8.2571724278328453     
  0.37340734641016232        8.2679271374331531     
  0.37840734641016233        8.2761507743256768     
  0.38340734641016233        8.2818939784754448     
  0.38840734641016234        8.2852090899116888     
  0.39340734641016234        8.2861500846879874     
  0.39840734641016234        8.2847725093708231     
  0.40340734641016235        8.2811334141340733     
  0.40840734641016235        8.2752912845383904     
  0.41340734641016236        8.2673059720757411     
  0.41840734641016236        8.2572386235606352     
  0.42340734641016237        8.2451516094507138     
  0.42840734641016237        8.2311084511804484     
  0.43340734641016238        8.2151737475925799     
  0.43840734641016238        8.1974131005528221     
  0.44340734641016238        8.1778930398341139     
  0.44840734641016239        8.1566809473572963     
  0.45340734641016239        8.1338449808756561     
  0.45840734641016240        8.1094539971912472     
  0.46340734641016240        8.0835774749911646     
  0.46840734641016241        8.0562854373922139     
  0.47340734641016241        8.0276483742825899     
  0.47840734641016242        7.9977371645490454     
  0.48340734641016242        7.9666229982781775     
  0.48840734641016242        7.9343772990200288     
  0.49340734641016243        7.9010716462020802     
  0.49840734641016243        7.8667776977812425     
  0.50340734641016238        7.8315671132209781     
  0.50840734641016239        7.7955114768800611     
  0.51340734641016239        7.7586822218988081     
  0.51840734641016240        7.7211505546677914     
  0.52340734641016240        7.6829873799631976     
  0.52840734641016240        7.6442632268318933     
  0.53340734641016241        7.6050481753082728     
  0.53840734641016241        7.5654117840437163     
  0.54340734641016242        7.5254230189282270     
  0.54840734641016242        7.4851501827824070     
  0.55340734641016243        7.4446608461965385     
  0.55840734641016243        7.4040217795918810     
  0.56340734641016244        7.3632988865777769     
  0.56840734641016244        7.3225571386763235     
  0.57340734641016244        7.2818605114846475     
  0.57840734641016245        7.2412719223428761     
  0.58340734641016245        7.2008531695740174     
  0.58840734641016246        7.1606648733597771     
  0.59340734641016246        7.1207664183144370     
  0.59840734641016247        7.0812158978165574     
  0.60340734641016247        7.0420700601561208     
  0.60840734641016248        7.0033842565524118     
  0.61340734641016248        6.9652123910955268     
  0.61840734641016248        6.9276068726620252     
  0.62340734641016249        6.8906185688526911     
  0.62840734641016249        6.8542967619979187     
  0.63340734641016250        6.8186891072735616     
  0.63840734641016250        6.7838415929675326     
  0.64340734641016251        6.7497985029347021     
  0.64840734641016251        6.7166023812750071     
  0.65340734641016252        6.6842939992668304     
  0.65840734641016252        6.6529123245850448     
  0.66340734641016252        6.6224944928302190     
  0.66840734641016253        6.5930757813926775     
  0.67340734641016253        6.5646895856722534     
  0.67840734641016254        6.5373673976716953     
  0.68340734641016254        6.5111387869787913     
  0.68840734641016255        6.4860313841493289     
  0.69340734641016255        6.4620708665002144     
  0.69840734641016256        6.4392809463189939     
  0.70340734641016256        6.4176833614932471     
  0.70840734641016256        6.3972978685603135     
  0.71340734641016257        6.3781422381749477     
  0.71840734641016257        6.3602322529895678     
  0.72340734641016258        6.3435817079389087     
  0.72840734641016258        6.3282024129179906     
  0.73340734641016259        6.3141041978394501     
  0.73840734641016259        6.3012949200535147     
  0.74340734641016259        6.2897804741110201     
  0.74840734641016260        6.2795648038471370     
  0.75340734641016260        6.2706499167607541     
  0.75840734641016261        6.2630359006617224     
  0.76340734641016261        6.2567209425555177     
  0.76840734641016262        6.2517013497322544     
  0.77340734641016262        6.2479715730244587     
  0.77840734641016263        6.2455242321953630     
  0.78340734641016263        6.2443501434172033     
  0.78840734641016263        6.2444383487963346     
  0.79340734641016264        6.2457761478999050     
  0.79840734641016264        6.2483491312362602     
  0.80340734641016265        6.2521412156391989     
  0.80840734641016265        6.2571346815040041     
  0.81340734641016266        6.2633102118209472     
  0.81840734641016266        6.2706469329501209     
  0.82340734641016267        6.2791224570793664     
  0.82840734641016267        6.2887129263052257     
  0.83340734641016267        6.2993930582750730     
  0.83840734641016268        6.3111361933267824     
  0.84340734641016268        6.3239143430607685     
  0.84840734641016269        6.3376982402775264     
  0.85340734641016269        6.3524573902125150     
  0.85840734641016270        6.3681601229986482     
  0.86340734641016270        6.3847736472854981     
  0.86840734641016271        6.4022641049430948     
  0.87340734641016271        6.4205966267770584     
  0.87840734641016271        6.4397353891807558     
  0.88340734641016272        6.4596436716493386     
  0.88840734641016272        6.4802839150796423     
  0.89340734641016273        6.5016177807791369     
  0.89840734641016273        6.5236062101065961     
  0.90340734641016274        6.5462094846665098     
  0.90840734641016274        6.5693872869788663     
  0.91340734641016275        6.5930987615456207     
  0.91840734641016275        6.6173025762348265     
  0.92340734641016275        6.6419569839033450     
  0.92840734641016276        6.6670198841789849     
  0.93340734641016276        6.6924488853229187     
  0.93840734641016277        6.7182013660934414     
  0.94340734641016277        6.7442345375323232     
  0.94840734641016278        6.7705055045954126     
  0.95340734641016278        6.7969713275495138     
  0.95840734641016279        6.8235890830581818     
  0.96340734641016279        6.8503159248795873     
  0.96840734641016279        6.8771091441005261     
  0.97340734641016280        6.9039262288312138     
  0.97840734641016280        6.9307249232866592     
  0.98340734641016281        6.9574632861812447     
  0.98840734641016281        6.9840997483642981     
  0.99340734641016282        7.0105931696256594     
  0.99840734641016282        7.0369028946014112     
   1.0034073464101627        7.0629888077113652     
   1.0084073464101626        7.0888113870613658     
   1.0134073464101625        7.1143317572448579     
   1.0184073464101624        7.1395117409798825     
   1.0234073464101623        7.1643139095192954     
   1.0284073464101622        7.1887016317737134     
   1.0334073464101621        7.2126391220885875     
   1.0384073464101620        7.2360914866185784     
   1.0434073464101619        7.2590247682444957     
   1.0484073464101618        7.2814059899799730     
   1.0534073464101616        7.3032031968171989     
   1.0584073464101615        7.3243854959631394     
   1.0634073464101614        7.3449230954198832     
   1.0684073464101613        7.3647873408650124     
   1.0734073464101612        7.3839507507902065     
   1.0784073464101611        7.4023870498585964     
   1.0834073464101610        7.4200712004438572     
   1.0884073464101609        7.4369794323163934     
   1.0934073464101608        7.4530892704444982     
   1.0984073464101607        7.4683795608808845     
   1.1034073464101606        7.4828304947074722     
   1.1084073464101605        7.4964236300139904     
   1.1134073464101604        7.5091419118884497     
   1.1184073464101603        7.5209696904002712     
   1.1234073464101602        7.5318927365593957     
   1.1284073464101601        7.5418982562374755     
   1.1334073464101599        7.5509749020397940     
   1.1384073464101598        7.5591127831193585     
   1.1434073464101597        7.5663034729272471     
   1.1484073464101596        7.5725400148959565     
   1.1534073464101595        7.5778169260552666     
   1.1584073464101594        7.5821301985827185     
   1.1634073464101593        7.5854772992935953     
   1.1684073464101592        7.5878571670778934     
   1.1734073464101591        7.5892702082943924     
   1.1784073464101590        7.5897182901346927     
   1.1834073464101589        7.5892047319725737     
   1.1884073464101588        7.5877342947166841     
   1.1934073464101587        7.5853131681871346     
   1.1984073464101586        7.5819489565390628     
   1.2034073464101585        7.5776506617588053     
   1.2084073464101583        7.5724286652606851     
   1.2134073464101582        7.5662947076148903     
   1.2184073464101581        7.5592618664393800     
   1.2234073464101580        7.5513445324908464     
   1.2284073464101579        7.5425583839923984     
   1.2334073464101578        7.5329203592374805     
   1.2384073464101577        7.5224486275120448     
   1.2434073464101576        7.5111625583788983     
   1.2484073464101575        7.4990826893703133     
   1.2534073464101574        7.4862306921369619     
   1.2584073464101573        7.4726293371031209     
   1.2634073464101572        7.4583024566800731     
   1.2684073464101571        7.4432749070912720     
   1.2734073464101570        7.4275725288647267     
   1.2784073464101569        7.4112221060495589     
   1.2834073464101567        7.3942513242153494     
   1.2884073464101566        7.3766887272944226     
   1.2934073464101565        7.3585636733284803     
   1.2984073464101564        7.3399062891825242     
   1.3034073464101563        7.3207474242900794     
   1.3084073464101562        7.3011186034950732     
   1.3134073464101561        7.2810519790566151     
   1.3184073464101560        7.2605802818840965     
   1.3234073464101559        7.2397367720708186     
   1.3284073464101558        7.2185551887952384     
   1.3334073464101557        7.1970696996595320     
   1.3384073464101556        7.1753148495360399     
   1.3434073464101555        7.1533255089924062     
   1.3484073464101554        7.1311368223669556     
   1.3534073464101553        7.1087841555659548     
   1.3584073464101551        7.0863030436548895     
   1.3634073464101550        7.0637291383158942     
   1.3684073464101549        7.0410981552436276     
   1.3734073464101548        7.0184458215518548     
   1.3784073464101547        6.9958078232628695     
   1.3834073464101546        6.9732197529516746     
   1.3884073464101545        6.9507170576166004     
   1.3934073464101544        6.9283349868475295     
   1.3984073464101543        6.9061085413625687     
   1.4034073464101542        6.8840724219832614     
   1.4084073464101541        6.8622609791179281     
   1.4134073464101540        6.8407081628217874     
   1.4184073464101539        6.8194474735018922     
   1.4234073464101538        6.7985119133337228     
   1.4284073464101537        6.7779339384554467     
   1.4334073464101535        6.7577454120046987     
   1.4384073464101534        6.7379775580614805     
   1.4434073464101533        6.7186609165596103     
   1.4484073464101532        6.6998252992276948     
   1.4534073464101531        6.6814997466192496     
   1.4584073464101530        6.6637124862900663     
   1.4634073464101529        6.6464908921792425     
   1.4684073464101528        6.6298614452488449     
   1.4734073464101527        6.6138496954352011     
   1.4784073464101526        6.5984802249632111     
   1.4834073464101525        6.5837766130731064     
   1.4884073464101524        6.5697614022072113     
   1.4934073464101523        6.5564560657022311     
   1.4984073464101522        6.5438809770305770     
   1.5034073464101521        6.5320553806321229     
   1.5084073464101520        6.5209973643756642     
   1.5134073464101518        6.5107238336870710     
   1.5184073464101517        6.5012504873789645     
   1.5234073464101516        6.4925917952144045     
   1.5284073464101515        6.4847609772347043     
   1.5334073464101514        6.4777699848791856     
   1.5384073464101513        6.4716294839222348     
   1.5434073464101512        6.4663488392505117     
   1.5484073464101511        6.4619361015008492     
   1.5534073464101510        6.4583979955767017     
   1.5584073464101509        6.4557399110585738     
   1.5634073464101508        6.4539658945213230     
   1.5684073464101507        6.4530786437686078     
   1.5734073464101506        6.4530795039922273     
   1.5784073464101505        6.4539684658615215     
   1.5834073464101504        6.4557441655453207     
   1.5884073464101502        6.4584038866665185     
   1.5934073464101501        6.4619435641865124     
   1.5984073464101500        6.4663577902143690     
   1.6034073464101499        6.4716398217328868     
   1.6084073464101498        6.4777815902311922     
   1.6134073464101497        6.4847737132308687     
   1.6184073464101496        6.4926055076902101     
   1.6234073464101495        6.5012650052685395     
   1.6284073464101494        6.5107389694300917     
   1.6334073464101493        6.5210129143644915     
   1.6384073464101492        6.5320711256983772     
   1.6434073464101491        6.5438966829703400     
   1.6484073464101490        6.5564714838389468     
   1.6534073464101489        6.5697762699913032     
   1.6584073464101488        6.5837906547172960     
   1.6634073464101486        6.5984931521124235     
   1.6684073464101485        6.6138612078698822     
   1.6734073464101484        6.6298712316204744     
   1.6784073464101483        6.6464986307767644     
   1.6834073464101482        6.6637178458358877     
   1.6884073464101481        6.6815023870934249     
   1.6934073464101480        6.6998248727188212     
   1.6984073464101479        6.7186570681409936     
   1.7034073464101478        6.7379699266909725     
   1.7084073464101477        6.7577336314466327     
   1.7134073464101476        6.7779176382230748     
   1.7184073464101475        6.7984907196504212     
   1.7234073464101474        6.8194210102794663     
   1.7284073464101473        6.8406760526541150     
   1.7334073464101472        6.8622228442881763     
   1.7384073464101470        6.8840278854828467     
   1.7434073464101469        6.9060572279200061     
   1.7484073464101468        6.9282765239653816     
   1.7534073464101467        6.9506510766145553     
   1.7584073464101466        6.9731458900138907     
   1.7634073464101465        6.9957257204876813     
   1.7684073464101464        7.0183551280018648     
   1.7734073464101463        7.0409985279942839     
   1.7784073464101462        7.0636202435005693     
   1.7834073464101461        7.0861845575045193     
   1.7884073464101460        7.1086557654412807     
   1.7934073464101459        7.1309982277814106     
   1.7984073464101458        7.1531764226236998     
   1.8034073464101457        7.1751549982244800     
   1.8084073464101456        7.1968988253911848     
   1.8134073464101454        7.2183730496679566     
   1.8184073464101453        7.2395431432412938     
   1.8234073464101452        7.2603749564939948     
   1.8284073464101451        7.2808347691359865     
   1.8334073464101450        7.3008893408411542     
   1.8384073464101449        7.3205059613196974     
   1.8434073464101448        7.3396524997563430     
   1.8484073464101447        7.3582974535453438     
   1.8534073464101446        7.3764099962540346     
   1.8584073464101445        7.3939600247477131     
   1.8634073464101444        7.4109182054094624     
   1.8684073464101443        7.4272560193897794     
   1.8734073464101442        7.4429458068218715     
   1.8784073464101441        7.4579608099399044     
   1.8834073464101440        7.4722752150387075     
   1.8884073464101438        7.4858641932148853     
   1.8934073464101437        7.4987039398308397     
   1.8984073464101436        7.5107717126446829     
   1.9034073464101435        7.5220458685507730     
   1.9084073464101434        7.5325058988772842     
   1.9134073464101433        7.5421324631889730     
   1.9184073464101432        7.5509074215453111     
   1.9234073464101431        7.5588138651658774     
   1.9284073464101430        7.5658361454571628     
   1.9334073464101429        7.5719599013567196     
   1.9384073464101428        7.5771720849529709     
   1.9434073464101427        7.5814609853409740     
   1.9484073464101426        7.5848162506767887     
   1.9534073464101425        7.5872289083953106     
   1.9584073464101424        7.5886913835588476     
   1.9634073464101423        7.5891975153059565     
   1.9684073464101421        7.5887425713726753     
   1.9734073464101420        7.5873232606605372     
   1.9784073464101419        7.5849377438284629     
   1.9834073464101418        7.5815856418879264     
   1.9884073464101417        7.5772680427836097     
   1.9934073464101416        7.5719875059441311     
   1.9984073464101415        7.5657480647902027     
   2.0034073464101416        7.5585552271900660     
   2.0084073464101415        7.5504159738549106     
   2.0134073464101414        7.5413387546693906     
   2.0184073464101413        7.5313334829552669     
   2.0234073464101412        7.5204115276687595     
   2.0284073464101411        7.5085857035349033     
   2.0334073464101410        7.4958702591248976     
   2.0384073464101409        7.4822808628851920     
   2.0434073464101408        7.4678345871296035     
   2.0484073464101407        7.4525498900085712     
   2.0534073464101406        7.4364465954721588     
   2.0584073464101404        7.4195458712462869     
   2.0634073464101403        7.4018702048440268     
   2.0684073464101402        7.3834433776366080     
   2.0734073464101401        7.3642904370112490     
   2.0784073464101400        7.3444376666455415     
   2.0834073464101399        7.3239125549305371     
   2.0884073464101398        7.3027437615772621     
   2.0934073464101397        7.2809610824437652     
   2.0984073464101396        7.2585954126222072     
   2.1034073464101395        7.2356787078278666     
   2.1084073464101394        7.2122439441342285     
   2.1134073464101393        7.1883250761005586     
   2.1184073464101392        7.1639569933406158     
   2.1234073464101391        7.1391754755832038     
   2.1284073464101390        7.1140171462774493     
   2.1334073464101388        7.0885194247976342     
   2.1384073464101387        7.0627204773043673     
   2.1434073464101386        7.0366591663208373     
   2.1484073464101385        7.0103749990846005     
   2.1534073464101384        6.9839080747371751     
   2.1584073464101383        6.9572990304153626     
   2.1634073464101382        6.9305889863097763     
   2.1684073464101381        6.9038194897576162     
   2.1734073464101380        6.8770324584381415     
   2.1784073464101379        6.8502701227406018     
   2.1834073464101378        6.8235749673757322     
   2.1884073464101377        6.7969896723030114     
   2.1934073464101376        6.7705570530470256     
   2.1984073464101375        6.7443200004772379     
   2.2034073464101374        6.7183214201264416     
   2.2084073464101373        6.6926041711238584     
   2.2134073464101371        6.6672110048197704     
   2.2184073464101370        6.6421845031789406     
   2.2234073464101369        6.6175670170208685     
   2.2284073464101368        6.5934006041851898     
   2.2334073464101367        6.5697269677009382     
   2.2384073464101366        6.5465873940385926     
   2.2434073464101365        6.5240226915240598     
   2.2484073464101364        6.5020731289936418     
   2.2534073464101363        6.4807783747691676     
   2.2584073464101362        6.4601774360321578     
   2.2634073464101361        6.4403085986757125     
   2.2684073464101360        6.4212093677124917     
   2.2734073464101359        6.4029164083166759     
   2.2784073464101358        6.3854654875771901     
   2.2834073464101357        6.3688914170389817     
   2.2884073464101355        6.3532279961082798     
   2.2934073464101354        6.3385079563969873     
   2.2984073464101353        6.3247629070803839     
   2.3034073464101352        6.3120232813413431     
   2.3084073464101351        6.3003182839731933     
   2.3134073464101350        6.2896758402119728     
   2.3184073464101349        6.2801225458677497     
   2.3234073464101348        6.2716836188231264     
   2.3284073464101347        6.2643828519656832     
   2.3334073464101346        6.2582425676195017     
   2.3384073464101345        6.2532835735392638     
   2.3434073464101344        6.2495251205287046     
   2.3484073464101343        6.2469848617434707     
   2.3534073464101342        6.2456788137363972     
   2.3584073464101341        6.2456213193014163     
   2.3634073464101339        6.2468250121701541     
   2.3684073464101338        6.2493007836132870     
   2.3734073464101337        6.2530577509964864     
   2.3784073464101336        6.2581032283384914     
   2.3834073464101335        6.2644426989166977     
   2.3884073464101334        6.2720797899632075     
   2.3934073464101333        6.2810162494917972     
   2.3984073464101332        6.2912519252939250     
   2.4034073464101331        6.3027847461392694     
   2.4084073464101330        6.3156107052137793     
   2.4134073464101329        6.3297238458255727     
   2.4184073464101328        6.3451162494063267     
   2.4234073464101327        6.3617780258331322     
   2.4284073464101326        6.3796973060930826     
   2.4334073464101325        6.3988602373100214     
   2.4384073464101323        6.4192509801500828     
   2.4434073464101322        6.4408517086199044     
   2.4484073464101321        6.4636426122684227     
   2.4534073464101320        6.4876019008004189     
   2.4584073464101319        6.5127058111069784     
   2.4634073464101318        6.5389286167151708     
   2.4684073464101317        6.5662426396564131     
   2.4734073464101316        6.5946182647499301     
   2.4784073464101315        6.6240239562949403     
   2.4834073464101314        6.6544262771621545     
   2.4884073464101313        6.6857899102724119     
   2.4934073464101312        6.7180776824472037     
   2.4984073464101311        6.7512505906131066     
   2.5034073464101310        6.7852678303391247     
   2.5084073464101309        6.8200868266832053     
   2.5134073464101307        6.8556632673213214     
   2.5184073464101306        6.8919511379296008     
   2.5234073464101305        6.9289027597873947     
   2.5284073464101304        6.9664688295663000     
   2.5334073464101303        7.0045984612674301     
   2.5384073464101302        7.0432392302666500     
   2.5434073464101301        7.0823372194247955     
   2.5484073464101300        7.1218370672173110     
   2.5534073464101299        7.1616820178352878     
   2.5584073464101298        7.2018139732072530     
   2.5634073464101297        7.2421735468888153     
   2.5684073464101296        7.2827001197647734     
   2.5734073464101295        7.3233318975060326     
   2.5784073464101294        7.3640059697214415     
   2.5834073464101293        7.4046583707424887     
   2.5884073464101292        7.4452241419766443     
   2.5934073464101290        7.4856373957632272     
   2.5984073464101289        7.5258313806635151     
   2.6034073464101288        7.5657385481151218     
   2.6084073464101287        7.6052906203788391     
   2.6134073464101286        7.6444186597042609     
   2.6184073464101285        7.6830531386391057     
   2.6234073464101284        7.7211240114054176     
   2.6284073464101283        7.7585607862644723     
   2.6334073464101282        7.7952925987908142     
   2.6384073464101281        7.8312482859745618     
   2.6434073464101280        7.8663564610699215     
   2.6484073464101279        7.9005455891068195     
   2.6534073464101278        7.9337440629814973     
   2.6584073464101277        7.9658802800410786     
   2.6634073464101276        7.9968827190762708     
   2.6684073464101274        8.0266800176356927     
   2.6734073464101273        8.0552010495747357     
   2.6784073464101272        8.0823750027513448     
   2.6834073464101271        8.1081314567807254     
   2.6884073464101270        8.1324004607607172     
   2.6934073464101269        8.1551126108793266     
   2.6984073464101268        8.1761991278159254     
   2.7034073464101267        8.1955919338475489     
   2.7084073464101266        8.2132237295719257     
   2.7134073464101265        8.2290280701590728     
   2.7184073464101264        8.2429394410436316     
   2.7234073464101263        8.2548933329705250     
   2.7284073464101262        8.2648263163071896     
   2.7334073464101261        8.2726761145360577     
   2.7384073464101260        8.2783816768419438     
   2.7434073464101258        8.2818832497097112     
   2.7484073464101257        8.2831224474485428     
   2.7534073464101256        8.2820423215602865     
   2.7584073464101255        8.2785874288703702     
   2.7634073464101254        8.2727038983410992     
   2.7684073464101253        8.2643394964885371     
   2.7734073464101252        8.2534436913254581     
   2.7784073464101251        8.2399677147545543     
   2.7834073464101250        8.2238646233376080     
   2.7884073464101249        8.2050893573680241     
   2.7934073464101248        8.1835987981760567     
   2.7984073464101247        8.1593518235977474     
   2.8034073464101246        8.1323093615406954     
   2.8084073464101245        8.1024344415818383     
   2.8134073464101244        8.0696922445344121     
   2.8184073464101242        8.0340501499236154     
   2.8234073464101241        7.9954777813126530     
   2.8284073464101240        7.9539470494232827     
   2.8334073464101239        7.9094321929973379     
   2.8384073464101238        7.8619098173481570     
   2.8434073464101237        7.8113589305534701     
   2.8484073464101236        7.7577609772438576     
   2.8534073464101235        7.7010998699435076     
   2.8584073464101234        7.6413620179227690     
   2.8634073464101233        7.5785363535247745     
   2.8684073464101232        7.5126143559311132     
   2.8734073464101231        7.4435900723345361     
   2.8784073464101230        7.3714601364894214     
   2.8834073464101229        7.2962237846137468     
   2.8884073464101228        7.2178828686192924     
   2.8934073464101226        7.1364418666497098     
   2.8984073464101225        7.0519078909091979     
   2.9034073464101224        6.9642906927675039     
   2.9084073464101223        6.8736026651301056     
   2.9134073464101222        6.7798588420654555     
   2.9184073464101221        6.6830768956842395     
   2.9234073464101220        6.5832771302687965     
   2.9284073464101219        6.4804824736538631     
   2.9334073464101218        6.3747184658629692     
   2.9384073464101217        6.2660132450078727     
   2.9434073464101216        6.1543975304615621     
   2.9484073464101215        6.0399046033184369     
   2.9534073464101214        5.9225702841583541     
   2.9584073464101213        5.8024329081342483     
   2.9634073464101212        5.6795332974061665     
   2.9684073464101211        5.5539147309474659     
   2.9734073464101209        5.4256229117520380     
   2.9784073464101208        5.2947059314742368     
   2.9834073464101207        5.1612142325362242     
   2.9884073464101206        5.0252005677403337     
   2.9934073464101205        4.8867199574267950     
   2.9984073464101204        4.7458296442200831     
   3.0034073464101203        4.6025890454098226     
   3.0084073464101202        4.4570597030149406     
   3.0134073464101201        4.3093052315823854     
   3.0184073464101200        4.1593912637742827     
   3.0234073464101199        4.0073853937999697     
   3.0284073464101198        3.8533571187518563     
   3.0334073464101197        3.6973777779063539     
   3.0384073464101196        3.5395204900535067     
   3.0434073464101195        3.3798600889212462     
   3.0484073464101193        3.2184730567622921     
   3.0534073464101192        3.0554374561739386     
   3.0584073464101191        2.8908328602228455     
   3.0634073464101190        2.7247402809490167     
   3.0684073464101189        2.5572420963250098     
   3.0734073464101188        2.3884219757480807     
   3.0784073464101187        2.2183648041447550     
   3.0834073464101186        2.0471566047688796     
   3.0884073464101185        1.8748844607756896     
   3.0934073464101184        1.7016364356558900     
   3.0984073464101183        1.5275014926149497     
   3.1034073464101182        1.3525694129841059     
   3.1084073464101181        1.1769307137507359     
   3.1134073464101180        1.0006765642965914     
   3.1184073464101179       0.82389870243346985     
   3.1234073464101177       0.64668934982662518     
   3.1284073464101176       0.46914112689692383     
   3.1334073464101175       0.29134696729342541     
   3.1384073464101174       0.11340003202841002     
