           0  0.90000000000000002     
                    1   8.6399998068809492E-002
                    2   7.5777635172656274E-002
                    3   6.7233968270287908E-002
                    4   6.0205017963994058E-002
                    5   5.4317157610828136E-002
                    6   4.9312130737700209E-002
                    7   4.5005225713870639E-002
                    8   4.1260564235176128E-002
                    9   3.7975804022378809E-002
                   10   3.5072295854056461E-002
                   11   3.2488539994703240E-002
                   12   3.0175712698687421E-002
                   13   2.8094532871379387E-002
                   14   2.6213020304446961E-002
                   15   2.4504861408400639E-002
                   16   2.2948197735793284E-002
                   17   2.1524714357098459E-002
                   18   2.0218944535857389E-002
                   19   1.9017732839925316E-002
                   20   1.7909815930136769E-002
                   21   1.6885491869125809E-002
                   22   1.5936356795919614E-002
                   23   1.5055093418365481E-002
                   24   1.4235299759124827E-002
                   25   1.3471349458788848E-002
                   26   1.2758277029276396E-002
                   27   1.2091682990389627E-002
                   28   1.1467654968813497E-002
                   29   1.0882701700749210E-002
                   30   1.0333697533287908E-002
                   31   9.8178355199895605E-003
                   32   9.3325875920647183E-003
                   33   8.8756705864784114E-003
                   34   8.4450171470331382E-003
                   35   8.0387506994425914E-003
                   36   7.6551638480631609E-003
                   37   7.2926996589370253E-003
                   38   6.9499353876535386E-003
                   39   6.6255682862375459E-003
                   40   6.3184031846497514E-003
                   41   6.0273415924905352E-003
                   42   5.7513721074320635E-003
                   43   5.4895619505600851E-003
                   44   5.2410494765984189E-003
                   45   5.0050375300316665E-003
                   46   4.7807875373215248E-003
                   47   4.5676142414365992E-003
                   48   4.3648809983522080E-003
                   49   4.1719955664821654E-003
                   50   3.9884063295485715E-003
                   51   3.8135989014784493E-003
                   52   3.6470930687823237E-003
                   53   3.4884400317200526E-003
                   54   3.3372199105578602E-003
                   55   3.1930394875033831E-003
                   56   3.0555301585848196E-003
                   57   2.9243460729091765E-003
                   58   2.7991624394706782E-003
                   59   2.6796739840484270E-003
                   60   2.5655935407866495E-003
                   61   2.4566507648368938E-003
                   62   2.3525909539977522E-003
                   63   2.2531739686465191E-003
                   64   2.1581732404460595E-003
                   65   2.0673748613524406E-003
                   66   1.9805767453643440E-003
                   67   1.8975878562608687E-003
                   68   1.8182274952845421E-003
                   69   1.7423246433535447E-003
                   70   1.6697173529419873E-003
                   71   1.6002521852587165E-003
                   72   1.5337836887914617E-003
                   73   1.4701739156710121E-003
                   74   1.4092919726554139E-003
                   75   1.3510136038420661E-003
                   76   1.2952208024904863E-003
                   77   1.2418014495843249E-003
                   78   1.1906489769812907E-003
                   79   1.1416620531969719E-003
                   80   1.0947442900456892E-003
                   81   1.0498039685207497E-003
                   82   1.0067537824397896E-003
                   83   9.6551059851003552E-004
                   84   9.2599523158482552E-004
                   85   8.8813223398796857E-004
                   86   8.5184969787767840E-004
                   87   8.1707906970796722E-004
                   88   7.8375497592345067E-004
                   89   7.5181505909434289E-004
                   90   7.2119982376273874E-004
                   91   6.9185249132975701E-004
                   92   6.6371886336632493E-004
                   93   6.3674719277885799E-004
                   94   6.1088806230527994E-004
                   95   5.8609426985716028E-004
                   96   5.6232072026059297E-004
                   97   5.3952432298212357E-004
                   98   5.1766389545686287E-004
                   99   4.9670007166416319E-004
                  100   4.7659521562211973E-004
                  101   4.5731333949591325E-004
                  102   4.3882002603682290E-004
                  103   4.2108235508878480E-004
                  104   4.0406883391781452E-004
                  105   3.8774933113658685E-004
                  106   3.7209501401210655E-004
                  107   3.5707828895882582E-004
                  108   3.4267274503287196E-004
                  109   3.2885310025533652E-004
                  110   3.1559515060393596E-004
                  111   3.0287572152285706E-004
                  112   2.9067262181032275E-004
                  113   2.7896459975241774E-004
                  114   2.6773130138006159E-004
                  115   2.5695323073375765E-004
                  116   2.4661171202793280E-004
                  117   2.3668885361335828E-004
                  118   2.2716751364234639E-004
                  119   2.1803126734718957E-004
                  120   2.0926437584767920E-004
                  121   2.0085175640854636E-004
                  122   1.9277895407232871E-004
                  123   1.8503211459751752E-004
                  124   1.7759795863589786E-004
                  125   1.7046375708678480E-004
                  126   1.6361730756940057E-004
                  127   1.5704691195794965E-004
                  128   1.5074135492704644E-004
                  129   1.4468988345805173E-004
                  130   1.3888218725959070E-004
                  131   1.3330838005807204E-004
                  132   1.2795898171641702E-004
                  133   1.2282490114144795E-004
                  134   1.1789741994249049E-004
                  135   1.1316817680572102E-004
                  136   1.0862915255064949E-004
                  137   1.0427265583687547E-004
                  138   1.0009130949090022E-004
                  139   9.6078037424326507E-005
                  140   9.2226052116236207E-005
                  141   8.8528842633911502E-005
                  142   8.4980163167361366E-005
                  143   8.1574022054338717E-005
                  144   7.8304671273688180E-005
                  145   7.5166596385954718E-005
                  146   7.2154506901213821E-005
                  147   6.9263327055057723E-005
                  148   6.6488186974592850E-005
                  149   6.3824414217175389E-005
                  150   6.1267525665436277E-005
                  151   5.8813219762927773E-005
                  152   5.6457369075463969E-005
                  153   5.4196013163928085E-005
                  154   5.2025351754984560E-005
                  155   4.9941738196764101E-005
                  156   4.7941673187188062E-005
                  157   4.6021798763166286E-005
                  158   4.4178892539441480E-005
                  159   4.2409862186365339E-005
                  160   4.0711740136378161E-005
                  161   3.9081678509425891E-005
                  162   3.7516944247988479E-005
                  163   3.6014914452811370E-005
                  164   3.4573071910830002E-005
                  165   3.3189000807155514E-005
                  166   3.1860382613350633E-005
                  167   3.0584992144567691E-005
                  168   2.9360693778447618E-005
                  169   2.8185437828990486E-005
                  170   2.7057257068904641E-005
                  171   2.5974263394224724E-005
                  172   2.4934644625258465E-005
                  173   2.3936661438179557E-005
                  174   2.2978644421829263E-005
                  175   2.2058991254523719E-005
                  176   2.1176163995887249E-005
                  177   2.0328686488945482E-005
                  178   1.9515141867915651E-005
                  179   1.8734170167326042E-005
                  180   1.7984466028282265E-005
                  181   1.7264776497875550E-005
                  182   1.6573898917897792E-005
                  183   1.5910678899190160E-005
                  184   1.5274008378106941E-005
                  185   1.4662823751724349E-005
                  186   1.4076104088565563E-005
                  187   1.3512869411748707E-005
                  188   1.2972179051593805E-005
                  189   1.2453130064848727E-005
                  190   1.1954855717812448E-005
                  191   1.1476524030747420E-005
                  192   1.1017336381081184E-005
                  193   1.0576526163001254E-005
                  194   1.0153357501146524E-005
                  195   9.7471240161936547E-006
                  196   9.3571476402278313E-006
                  197   8.9827774798745072E-006
                  198   8.6233887252521608E-006
                  199   8.2783816028860407E-006
                  200   7.9471803707993870E-006
                  201   7.6292323540719639E-006
                  202   7.3240070192259078E-006
                  203   7.0309950858662165E-006
                  204   6.7497076740676191E-006
                  205   6.4796754860613398E-006
                  206   6.2204480208344070E-006
                  207   5.9715928203108902E-006
                  208   5.7326947458387601E-006
                  209   5.5033552837581438E-006
                  210   5.2831918788766715E-006
                  211   5.0718372947254323E-006
                  212   4.8689389995149433E-006
                  213   4.6741585767544554E-006
                  214   4.4871711595401191E-006
                  215   4.3076648875578843E-006
                  216   4.1353403858857935E-006
                  217   3.9699102647174478E-006
                  218   3.8110986391640454E-006
                  219   3.6586406683265665E-006
                  220   3.5122821128624008E-006
                  221   3.3717789103021570E-006
                  222   3.2368967674024894E-006
                  223   3.1074107688496894E-006
                  224   2.9831050016564888E-006
                  225   2.8637721946210981E-006
                  226   2.7492133722430096E-006
                  227   2.6392375225145327E-006
                  228   2.5336612780304952E-006
                  229   2.4323086098810474E-006
                  230   2.3350105338140851E-006
                  231   2.2416048281745231E-006
                  232   2.1519357631475111E-006
                  233   2.0658538408517503E-006
                  234   1.9832155458473492E-006
                  235   1.9038831056402054E-006
                  236   1.8277242607817307E-006
                  237   1.7546120441788906E-006
                  238   1.6844245692450225E-006
                  239   1.6170448265367681E-006
                  240   1.5523604885367237E-006
                  241   1.4902637222551012E-006
                  242   1.4306510093368311E-006
                  243   1.3734229733731433E-006
                  244   1.3184842141287609E-006
                  245   1.2657431484074479E-006
                  246   1.2151118572897938E-006
                  247   1.1665059394878093E-006
                  248   1.1198443705711616E-006
                  249   1.0750493678297309E-006
                  250   1.0320462605466121E-006
                  251   9.9076336546475564E-007
                  252   9.5113186723914648E-007
                  253   9.1308570367476848E-007
                  254   8.7656145555861986E-007
                  255   8.4149824090173728E-007
                  256   8.0783761341457179E-007
                  257   7.7552346504614309E-007
                  258   7.4450193242420304E-007
                  259   7.1472130704016621E-007
                  260   6.8613194902883019E-007
                  261   6.5868620439892327E-007
                  262   6.3233832557628794E-007
                  263   6.0704439512704888E-007
                  264   5.8276225253343353E-007
                  265   5.5945142390001282E-007
                  266   5.3707305447303391E-007
                  267   5.1558984386021404E-007
                  268   4.9496598384288172E-007
                  269   4.7516709867668175E-007
                  270   4.5616018778121872E-007
                  271   4.3791357072300648E-007
                  272   4.2039683439992092E-007
                  273   4.0358078233903203E-007
                  274   3.8743738602322017E-007
                  275   3.7193973816537120E-007
                  276   3.5706200785219632E-007
                  277   3.4277939748284540E-007
                  278   3.2906810143047942E-007
                  279   3.1590526635784438E-007
                  280   3.0326895312064931E-007
                  281   2.9113810019520392E-007
                  282   2.7949248856931403E-007
                  283   2.6831270803787585E-007
                  284   2.5758012484695532E-007
                  285   2.4727685063238880E-007
                  286   2.3738571260110174E-007
                  287   2.2789022490541660E-007
                  288   2.1877456116261092E-007
                  289   2.1002352807389845E-007
                  290   2.0162254009884038E-007
                  291   1.9355759514295455E-007
                  292   1.8581525121798082E-007
                  293   1.7838260403588432E-007
                  294   1.7124726549923493E-007
                  295   1.6439734305209760E-007
                  296   1.5782141985700303E-007
                  297   1.5150853576494663E-007
                  298   1.4544816904668583E-007
                  299   1.3963021885487667E-007
                  300   1.3404498838780847E-007
                  301   1.2868316872666654E-007
                  302   1.2353582331937541E-007
                  303   1.1859437308515388E-007
                  304   1.1385058211494854E-007
                  305   1.0929654394390558E-007
                  306   1.0492466837299507E-007
                  307   1.0072766881781778E-007
                  308   9.6698550163503253E-008
                  309   9.2830597105452319E-008
                  310   8.9117362956486935E-008
                  311   8.5552658901748260E-008
                  312   8.2130543683430432E-008
                  313   7.8845313698153923E-008
                  314   7.5691493490470856E-008
                  315   7.2663826626654786E-008
                  316   6.9757266933561710E-008
                  317   6.6966970087957546E-008
                  318   6.4288285542291974E-008
                  319   6.1716748773459118E-008
                  320   5.9248073841624280E-008
                  321   5.6878146246712754E-008
                  322   5.4603016070653124E-008
                  323   5.2418891393943658E-008
                  324   5.0322131975568018E-008
                  325   4.8309243185725249E-008
                  326   4.6376870181260733E-008
                  327   4.4521792314089154E-008
                  328   4.2740917763289217E-008
                  329   4.1031278381922479E-008
                  330   3.9390024749986727E-008
                  331   3.7814421425257962E-008
                  332   3.6301842384104969E-008
                  333   3.4849766644676957E-008
                  334   3.3455774065169060E-008
                  335   3.2117541310162031E-008
                  336   3.0832837978312896E-008
                  337   2.9599522884942132E-008
                  338   2.8415540493321124E-008
                  339   2.7278917488711722E-008
                  340   2.6187759489447436E-008
                  341   2.5140247889574398E-008
                  342   2.4134636827789458E-008
                  343   2.3169250277623301E-008
                  344   2.2242479254018612E-008
                  345   2.1352779131647282E-008
                  346   2.0498667070496938E-008
                  347   1.9678719544435853E-008
                  348   1.8891569968636994E-008
                  349   1.8135906421906649E-008
                  350   1.7410469460121395E-008
                  351   1.6714050017128931E-008
                  352   1.6045487389614085E-008
                  353   1.5403667302571359E-008
                  354   1.4787520052159618E-008
                  355   1.4196018722843560E-008
                  356   1.3628177475850437E-008
                  357   1.3083049906089326E-008
                  358   1.2559727464794414E-008
                  359   1.2057337945263242E-008
                  360   1.1575044029166089E-008
                  361   1.1112041891003571E-008
                  362   1.0667559858386504E-008
                  363   1.0240857125905085E-008
                  364   9.8312225204437807E-009
                  365   9.4379733158840644E-009
                  366   9.0604540952194392E-009
                  367   8.6980356581862543E-009
                  368   8.3501139725896170E-009
                  369   8.0161091675765984E-009
                  370   7.6954645671788063E-009
                  371   7.3876457625135322E-009
                  372   7.0921397210970941E-009
                  373   6.8084539317858944E-009
                  374   6.5361155839200442E-009
                  375   6.2746707793014439E-009
                  376   6.0236837756929255E-009
                  377   5.7827362605776026E-009
                  378   5.5514266539680035E-009
                  379   5.3293694391029869E-009
                  380   5.1161945199169144E-009
                  381   4.9115466042101853E-009
                  382   4.7150846114930634E-009
                  383   4.5264811045158592E-009
                  384   4.3454217435380086E-009
                  385   4.1716047624264711E-009
                  386   4.0047404657102908E-009
                  387   3.8445507457530436E-009
                  388   3.6907686192384650E-009
                  389   3.5431377821967219E-009
                  390   3.4014121828296922E-009
                  391   3.2653556114232967E-009
                  392   3.1347413066633893E-009
                  393   3.0093515776990637E-009
                  394   2.8889774413234731E-009
                  395   2.7734182736674608E-009
                  396   2.6624814758254875E-009
                  397   2.5559821528565586E-009
                  398   2.4537428056251461E-009
                  399   2.3555930349685127E-009
                  400   2.2613692576973633E-009
