                    1  0.37314999999999998     
                    2  0.37314999999999998     
                    3  0.62713231710391426     
                    4  0.82070512679525809     
                    5  0.92138077483394654     
                    6  0.96585908785008023     
                    7  0.98508447729672655     
                    8  0.99197171491612834     
                    9  0.99493400879882687     
                   10  0.99602284860132395     
                   11  0.99671456808590198     
                   12  0.99719401389631213     
                   13  0.99767392118068554     
                   14  0.99796742531625260     
                   15  0.99823439715363416     
                   16  0.99836793664383561     
                   17  0.99852823120149847     
                   18  0.99868857724012416     
                   19  0.99890245208266415     
                   20  0.99908966772872099     
                   21  0.99914317080354509     
                   22  0.99925019414615857     
                   23  0.99927695356435109     
                   24  0.99938400557073226     
                   25  0.99946430962903443     
                   26  0.99946430962903443     
                   27  0.99949108051641933     
                   28  0.99949108051641933     
                   29  0.99949108051641933     
                   30  0.99954462659380694     
                   31  0.99954462659380694     
                   32  0.99957140178404003     
                   33  0.99957140178404003     
                   34  0.99957140178404003     
                   35  0.99959817840878651     
                   36  0.99965173596228030     
                   37  0.99965173596228030     
                   38  0.99965173596228030     
                   39  0.99965173596228030     
                   40  0.99967851689125831     
                   41  0.99973208305425321     
                   42  0.99975886828850069     
                   43  0.99978565495806870     
                   44  0.99981244306307271     
                   45  0.99981244306307271     
                   46  0.99981244306307271     
                   47  0.99981244306307271     
                   48  0.99981244306307271     
                   49  0.99981244306307271     
                   50  0.99981244306307271     
                   51  0.99983923260362795     
                   52  0.99983923260362795     
                   53  0.99983923260362795     
                   54  0.99983923260362795     
                   55  0.99983923260362795     
                   56  0.99983923260362795     
                   57  0.99986602357984999     
                   58  0.99986602357984999     
                   59  0.99986602357984999     
                   60  0.99989281599185398     
                   61  0.99989281599185398     
                   62  0.99989281599185398     
                   63  0.99989281599185398     
                   64  0.99989281599185398     
                   65  0.99989281599185398     
                   66  0.99989281599185398     
                   67  0.99989281599185398     
                   68  0.99989281599185398     
                   69  0.99989281599185398     
                   70  0.99989281599185398     
                   71  0.99989281599185398     
                   72  0.99989281599185398     
                   73  0.99989281599185398     
                   74  0.99989281599185398     
                   75  0.99989281599185398     
                   76  0.99989281599185398     
                   77  0.99989281599185398     
                   78  0.99989281599185398     
                   79  0.99989281599185398     
                   80  0.99989281599185398     
                   81  0.99989281599185398     
                   82  0.99989281599185398     
                   83  0.99989281599185398     
                   84  0.99989281599185398     
                   85  0.99989281599185398     
                   86  0.99991960983975559     
                   87  0.99991960983975559     
                   88  0.99991960983975559     
                   89  0.99991960983975559     
                   90  0.99991960983975559     
                   91  0.99994640512367017     
                   92  0.99994640512367017     
                   93  0.99994640512367017     
                   94  0.99994640512367017     
                   95  0.99994640512367017     
                   96  0.99994640512367017     
                   97  0.99994640512367017     
                   98  0.99994640512367017     
                   99  0.99997320184371319     
                  100  0.99997320184371319     
                  101  0.99997320184371319     
                  102  0.99997320184371319     
                  103  0.99997320184371319     
                  104   1.0000000000000000     
                  105   1.0000000000000000     
                  106   1.0000000000000000     
                  107   1.0000000000000000     
                  108   1.0000000000000000     
                  109   1.0000000000000000     
                  110   1.0000000000000000     
                  111   1.0000000000000000     
                  112   1.0000000000000000     
                  113   1.0000000000000000     
                  114   1.0000000000000000     
                  115   1.0000000000000000     
                  116   1.0000000000000000     
                  117   1.0000000000000000     
                  118   1.0000000000000000     
                  119   1.0000000000000000     
                  120   1.0000000000000000     
                  121   1.0000000000000000     
                  122   1.0000000000000000     
                  123   1.0000000000000000     
                  124   1.0000000000000000     
                  125   1.0000000000000000     
                  126   1.0000000000000000     
                  127   1.0000000000000000     
                  128   1.0000000000000000     
                  129   1.0000000000000000     
                  130   1.0000000000000000     
                  131   1.0000000000000000     
                  132   1.0000000000000000     
                  133   1.0000000000000000     
                  134   1.0000000000000000     
                  135   1.0000000000000000     
                  136   1.0000000000000000     
                  137   1.0000000000000000     
                  138   1.0000000000000000     
                  139   1.0000000000000000     
                  140   1.0000000000000000     
                  141   1.0000000000000000     
                  142   1.0000000000000000     
                  143   1.0000000000000000     
                  144   1.0000000000000000     
                  145   1.0000000000000000     
                  146   1.0000000000000000     
                  147   1.0000000000000000     
                  148   1.0000000000000000     
                  149   1.0000000000000000     
                  150   1.0000000000000000     
                  151   1.0000000000000000     
                  152   1.0000000000000000     
                  153   1.0000000000000000     
                  154   1.0000000000000000     
                  155   1.0000000000000000     
                  156   1.0000000000000000     
                  157   1.0000000000000000     
                  158   1.0000000000000000     
                  159   1.0000000000000000     
                  160   1.0000000000000000     
                  161   1.0000000000000000     
                  162   1.0000000000000000     
                  163   1.0000000000000000     
                  164   1.0000000000000000     
                  165   1.0000000000000000     
                  166   1.0000000000000000     
                  167   1.0000000000000000     
                  168   1.0000000000000000     
                  169   1.0000000000000000     
                  170   1.0000000000000000     
                  171   1.0000000000000000     
                  172   1.0000000000000000     
                  173   1.0000000000000000     
                  174   1.0000000000000000     
                  175   1.0000000000000000     
                  176   1.0000000000000000     
                  177   1.0000000000000000     
                  178   1.0000000000000000     
                  179   1.0000000000000000     
                  180   1.0000000000000000     
                  181   1.0000000000000000     
                  182   1.0000000000000000     
                  183   1.0000000000000000     
                  184   1.0000000000000000     
                  185   1.0000000000000000     
                  186   1.0000000000000000     
                  187   1.0000000000000000     
                  188   1.0000000000000000     
                  189   1.0000000000000000     
                  190   1.0000000000000000     
                  191   1.0000000000000000     
                  192   1.0000000000000000     
                  193   1.0000000000000000     
                  194   1.0000000000000000     
                  195   1.0000000000000000     
                  196   1.0000000000000000     
                  197   1.0000000000000000     
                  198   1.0000000000000000     
                  199   1.0000000000000000     
                  200   1.0000000000000000     
