                    1  0.42859999999999998     
                    2  0.42859999999999998     
                    3  0.68574902801555171     
                    4  0.85878015548609443     
                    5  0.94284834352589209     
                    6  0.97724474440238951     
                    7  0.99036439679275368     
                    8  0.99510111211720187     
                    9  0.99692966133234096     
                   10  0.99790454016298025     
                   11  0.99855551931410469     
                   12  0.99876494302425833     
                   13  0.99899773908584477     
                   14  0.99923064369477532     
                   15  0.99939374154735816     
                   16  0.99948696422741479     
                   17  0.99960351703710615     
                   18  0.99965014577259470     
                   19  0.99967346177170313     
                   20  0.99972009703302855     
                   21  0.99976673664567295     
                   22  0.99981338061024538     
                   23  0.99983670422469495     
                   24  0.99983670422469495     
                   25  0.99983670422469495     
                   26  0.99986002892735504     
                   27  0.99988335471830170     
                   28  0.99990668159761109     
                   29  0.99990668159761109     
                   30  0.99990668159761109     
                   31  0.99990668159761109     
                   32  0.99990668159761109     
                   33  0.99990668159761109     
                   34  0.99990668159761109     
                   35  0.99990668159761109     
                   36  0.99990668159761109     
                   37  0.99990668159761109     
                   38  0.99990668159761109     
                   39  0.99990668159761109     
                   40  0.99993000956535938     
                   41  0.99993000956535938     
                   42  0.99993000956535938     
                   43  0.99993000956535938     
                   44  0.99993000956535938     
                   45  0.99993000956535938     
                   46  0.99993000956535938     
                   47  0.99995333862162283     
                   48  0.99995333862162283     
                   49  0.99995333862162283     
                   50  0.99995333862162283     
                   51  0.99995333862162283     
                   52  0.99995333862162283     
                   53  0.99995333862162283     
                   54  0.99995333862162283     
                   55  0.99995333862162283     
                   56  0.99995333862162283     
                   57  0.99997666876647773     
                   58  0.99997666876647773     
                   59  0.99997666876647773     
                   60  0.99997666876647773     
                   61  0.99997666876647773     
                   62  0.99997666876647773     
                   63  0.99997666876647773     
                   64  0.99997666876647773     
                   65  0.99997666876647773     
                   66  0.99997666876647773     
                   67  0.99997666876647773     
                   68  0.99997666876647773     
                   69  0.99997666876647773     
                   70  0.99997666876647773     
                   71  0.99997666876647773     
                   72  0.99997666876647773     
                   73  0.99997666876647773     
                   74  0.99997666876647773     
                   75  0.99997666876647773     
                   76  0.99997666876647773     
                   77  0.99997666876647773     
                   78  0.99997666876647773     
                   79  0.99997666876647773     
                   80  0.99997666876647773     
                   81  0.99997666876647773     
                   82  0.99997666876647773     
                   83  0.99997666876647773     
                   84  0.99997666876647773     
                   85  0.99997666876647773     
                   86  0.99997666876647773     
                   87  0.99997666876647773     
                   88  0.99997666876647773     
                   89  0.99997666876647773     
                   90  0.99997666876647773     
                   91  0.99997666876647773     
                   92  0.99997666876647773     
                   93  0.99997666876647773     
                   94  0.99997666876647773     
                   95  0.99997666876647773     
                   96  0.99997666876647773     
                   97  0.99997666876647773     
                   98  0.99997666876647773     
                   99  0.99997666876647773     
                  100  0.99997666876647773     
                  101  0.99997666876647773     
                  102  0.99997666876647773     
                  103  0.99997666876647773     
                  104  0.99997666876647773     
                  105  0.99997666876647773     
                  106  0.99997666876647773     
                  107  0.99997666876647773     
                  108  0.99997666876647773     
                  109  0.99997666876647773     
                  110  0.99997666876647773     
                  111  0.99997666876647773     
                  112  0.99997666876647773     
                  113  0.99997666876647773     
                  114  0.99997666876647773     
                  115  0.99997666876647773     
                  116  0.99997666876647773     
                  117  0.99997666876647773     
                  118  0.99997666876647773     
                  119  0.99997666876647773     
                  120  0.99997666876647773     
                  121  0.99997666876647773     
                  122  0.99997666876647773     
                  123  0.99997666876647773     
                  124  0.99997666876647773     
                  125  0.99997666876647773     
                  126  0.99997666876647773     
                  127  0.99997666876647773     
                  128  0.99997666876647773     
                  129  0.99997666876647773     
                  130  0.99997666876647773     
                  131  0.99997666876647773     
                  132  0.99997666876647773     
                  133  0.99997666876647773     
                  134  0.99997666876647773     
                  135  0.99997666876647773     
                  136  0.99997666876647773     
                  137  0.99997666876647773     
                  138  0.99997666876647773     
                  139  0.99997666876647773     
                  140  0.99997666876647773     
                  141  0.99997666876647773     
                  142  0.99997666876647773     
                  143  0.99997666876647773     
                  144  0.99997666876647773     
                  145  0.99997666876647773     
                  146  0.99997666876647773     
                  147  0.99997666876647773     
                  148  0.99997666876647773     
                  149  0.99997666876647773     
                  150  0.99997666876647773     
                  151  0.99997666876647773     
                  152  0.99997666876647773     
                  153   1.0000000000000000     
                  154   1.0000000000000000     
                  155   1.0000000000000000     
                  156   1.0000000000000000     
                  157   1.0000000000000000     
                  158   1.0000000000000000     
                  159   1.0000000000000000     
                  160   1.0000000000000000     
                  161   1.0000000000000000     
                  162   1.0000000000000000     
                  163   1.0000000000000000     
                  164   1.0000000000000000     
                  165   1.0000000000000000     
                  166   1.0000000000000000     
                  167   1.0000000000000000     
                  168   1.0000000000000000     
                  169   1.0000000000000000     
                  170   1.0000000000000000     
                  171   1.0000000000000000     
                  172   1.0000000000000000     
                  173   1.0000000000000000     
                  174   1.0000000000000000     
                  175   1.0000000000000000     
                  176   1.0000000000000000     
                  177   1.0000000000000000     
                  178   1.0000000000000000     
                  179   1.0000000000000000     
                  180   1.0000000000000000     
                  181   1.0000000000000000     
                  182   1.0000000000000000     
                  183   1.0000000000000000     
                  184   1.0000000000000000     
                  185   1.0000000000000000     
                  186   1.0000000000000000     
                  187   1.0000000000000000     
                  188   1.0000000000000000     
                  189   1.0000000000000000     
                  190   1.0000000000000000     
                  191   1.0000000000000000     
                  192   1.0000000000000000     
                  193   1.0000000000000000     
                  194   1.0000000000000000     
                  195   1.0000000000000000     
                  196   1.0000000000000000     
                  197   1.0000000000000000     
                  198   1.0000000000000000     
                  199   1.0000000000000000     
                  200   1.0000000000000000     
