                    1  0.63349000000000000     
                    2  0.63349000000000000     
                    3  0.85124766524677842     
                    4  0.95132902838264000     
                    5  0.98548582807006624     
                    6  0.99577163695809368     
                    7  0.99873874726071665     
                    8  0.99957397121938907     
                    9  0.99976327252067421     
                   10  0.99987373139511027     
                   11  0.99993686171136331     
                   12  0.99993686171136331     
                   13  0.99993686171136331     
                   14  0.99996842985903933     
                   15  0.99998421468034726     
                   16  0.99998421468034726     
                   17  0.99998421468034726     
                   18  0.99998421468034726     
                   19  0.99998421468034726     
                   20   1.0000000000000000     
                   21   1.0000000000000000     
                   22   1.0000000000000000     
                   23   1.0000000000000000     
                   24   1.0000000000000000     
                   25   1.0000000000000000     
                   26   1.0000000000000000     
                   27   1.0000000000000000     
                   28   1.0000000000000000     
                   29   1.0000000000000000     
                   30   1.0000000000000000     
                   31   1.0000000000000000     
                   32   1.0000000000000000     
                   33   1.0000000000000000     
                   34   1.0000000000000000     
                   35   1.0000000000000000     
                   36   1.0000000000000000     
                   37   1.0000000000000000     
                   38   1.0000000000000000     
                   39   1.0000000000000000     
                   40   1.0000000000000000     
                   41   1.0000000000000000     
                   42   1.0000000000000000     
                   43   1.0000000000000000     
                   44   1.0000000000000000     
                   45   1.0000000000000000     
                   46   1.0000000000000000     
                   47   1.0000000000000000     
                   48   1.0000000000000000     
                   49   1.0000000000000000     
                   50   1.0000000000000000     
                   51   1.0000000000000000     
                   52   1.0000000000000000     
                   53   1.0000000000000000     
                   54   1.0000000000000000     
                   55   1.0000000000000000     
                   56   1.0000000000000000     
                   57   1.0000000000000000     
                   58   1.0000000000000000     
                   59   1.0000000000000000     
                   60   1.0000000000000000     
                   61   1.0000000000000000     
                   62   1.0000000000000000     
                   63   1.0000000000000000     
                   64   1.0000000000000000     
                   65   1.0000000000000000     
                   66   1.0000000000000000     
                   67   1.0000000000000000     
                   68   1.0000000000000000     
                   69   1.0000000000000000     
                   70   1.0000000000000000     
                   71   1.0000000000000000     
                   72   1.0000000000000000     
                   73   1.0000000000000000     
                   74   1.0000000000000000     
                   75   1.0000000000000000     
                   76   1.0000000000000000     
                   77   1.0000000000000000     
                   78   1.0000000000000000     
                   79   1.0000000000000000     
                   80   1.0000000000000000     
                   81   1.0000000000000000     
                   82   1.0000000000000000     
                   83   1.0000000000000000     
                   84   1.0000000000000000     
                   85   1.0000000000000000     
                   86   1.0000000000000000     
                   87   1.0000000000000000     
                   88   1.0000000000000000     
                   89   1.0000000000000000     
                   90   1.0000000000000000     
                   91   1.0000000000000000     
                   92   1.0000000000000000     
                   93   1.0000000000000000     
                   94   1.0000000000000000     
                   95   1.0000000000000000     
                   96   1.0000000000000000     
                   97   1.0000000000000000     
                   98   1.0000000000000000     
                   99   1.0000000000000000     
                  100   1.0000000000000000     
                  101   1.0000000000000000     
                  102   1.0000000000000000     
                  103   1.0000000000000000     
                  104   1.0000000000000000     
                  105   1.0000000000000000     
                  106   1.0000000000000000     
                  107   1.0000000000000000     
                  108   1.0000000000000000     
                  109   1.0000000000000000     
                  110   1.0000000000000000     
                  111   1.0000000000000000     
                  112   1.0000000000000000     
                  113   1.0000000000000000     
                  114   1.0000000000000000     
                  115   1.0000000000000000     
                  116   1.0000000000000000     
                  117   1.0000000000000000     
                  118   1.0000000000000000     
                  119   1.0000000000000000     
                  120   1.0000000000000000     
                  121   1.0000000000000000     
                  122   1.0000000000000000     
                  123   1.0000000000000000     
                  124   1.0000000000000000     
                  125   1.0000000000000000     
                  126   1.0000000000000000     
                  127   1.0000000000000000     
                  128   1.0000000000000000     
                  129   1.0000000000000000     
                  130   1.0000000000000000     
                  131   1.0000000000000000     
                  132   1.0000000000000000     
                  133   1.0000000000000000     
                  134   1.0000000000000000     
                  135   1.0000000000000000     
                  136   1.0000000000000000     
                  137   1.0000000000000000     
                  138   1.0000000000000000     
                  139   1.0000000000000000     
                  140   1.0000000000000000     
                  141   1.0000000000000000     
                  142   1.0000000000000000     
                  143   1.0000000000000000     
                  144   1.0000000000000000     
                  145   1.0000000000000000     
                  146   1.0000000000000000     
                  147   1.0000000000000000     
                  148   1.0000000000000000     
                  149   1.0000000000000000     
                  150   1.0000000000000000     
                  151   1.0000000000000000     
                  152   1.0000000000000000     
                  153   1.0000000000000000     
                  154   1.0000000000000000     
                  155   1.0000000000000000     
                  156   1.0000000000000000     
                  157   1.0000000000000000     
                  158   1.0000000000000000     
                  159   1.0000000000000000     
                  160   1.0000000000000000     
                  161   1.0000000000000000     
                  162   1.0000000000000000     
                  163   1.0000000000000000     
                  164   1.0000000000000000     
                  165   1.0000000000000000     
                  166   1.0000000000000000     
                  167   1.0000000000000000     
                  168   1.0000000000000000     
                  169   1.0000000000000000     
                  170   1.0000000000000000     
                  171   1.0000000000000000     
                  172   1.0000000000000000     
                  173   1.0000000000000000     
                  174   1.0000000000000000     
                  175   1.0000000000000000     
                  176   1.0000000000000000     
                  177   1.0000000000000000     
                  178   1.0000000000000000     
                  179   1.0000000000000000     
                  180   1.0000000000000000     
                  181   1.0000000000000000     
                  182   1.0000000000000000     
                  183   1.0000000000000000     
                  184   1.0000000000000000     
                  185   1.0000000000000000     
                  186   1.0000000000000000     
                  187   1.0000000000000000     
                  188   1.0000000000000000     
                  189   1.0000000000000000     
                  190   1.0000000000000000     
                  191   1.0000000000000000     
                  192   1.0000000000000000     
                  193   1.0000000000000000     
                  194   1.0000000000000000     
                  195   1.0000000000000000     
                  196   1.0000000000000000     
                  197   1.0000000000000000     
                  198   1.0000000000000000     
                  199   1.0000000000000000     
                  200   1.0000000000000000     
