                    1   3.5714285714285714E-004
                    2   3.5714285714285714E-004
                    3   9.9108420647851933E-004
                    4   2.0528148196807460E-003
                    5   3.3317341009648704E-003
                    6   4.5496733334546577E-003
                    7   5.5073357712473016E-003
                    8   6.1763470612940683E-003
                    9   6.6232183542627035E-003
                   10   6.9585548473293070E-003
                   11   7.2039881278275651E-003
                   12   7.4093832429388577E-003
                   13   7.5946290783158151E-003
                   14   7.7480939688836549E-003
                   15   7.9041386069746127E-003
                   16   8.0427229442800157E-003
                   17   8.1849135673127300E-003
                   18   8.3272267004196928E-003
                   19   8.4676873052431916E-003
                   20   8.6055557467901271E-003
                   21   8.7351502445842076E-003
                   22   8.8668203582195418E-003
                   23   8.9973367883106597E-003
                   24   9.1344221564543821E-003
                   25   9.2743730523816587E-003
                   26   9.4225840494497216E-003
                   27   9.5649845047251023E-003
                   28   9.7110006215040401E-003
                   29   9.8514402805690189E-003
                   30   1.0000800064005120E-002
                   31   1.0146515686513251E-002
                   32   1.0290183165260341E-002
                   33   1.0449757565624478E-002
                   34   1.0605353582488441E-002
                   35   1.0755463775598004E-002
                   36   1.0916077198497947E-002
                   37   1.1076159673917859E-002
                   38   1.1256697735152416E-002
                   39   1.1427004296553616E-002
                   40   1.1610086843449588E-002
                   41   1.1795234725171031E-002
                   42   1.1959433601224647E-002
                   43   1.2130033964095099E-002
                   44   1.2309207287050714E-002
                   45   1.2491880277819417E-002
                   46   1.2693577050012693E-002
                   47   1.2897234832851837E-002
                   48   1.3097920050296013E-002
                   49   1.3323385205713068E-002
                   50   1.3542061643464600E-002
                   51   1.3753644715849700E-002
                   52   1.3940779568393465E-002
                   53   1.4157888775625779E-002
                   54   1.4384349827387802E-002
                   55   1.4617318599076185E-002
                   56   1.4867677668748141E-002
                   57   1.5135920566688867E-002
                   58   1.5382722126507507E-002
                   59   1.5627930236919423E-002
                   60   1.5871000507872015E-002
                   61   1.6131113692089302E-002
                   62   1.6386995280545359E-002
                   63   1.6673336001067095E-002
                   64   1.6949152542372881E-002
                   65   1.7234247897421756E-002
                   66   1.7531556802244039E-002
                   67   1.7832941008631142E-002
                   68   1.8155410312273058E-002
                   69   1.8458357944477258E-002
                   70   1.8787104531449612E-002
                   71   1.9129237126023414E-002
                   72   1.9455252918287938E-002
                   73   1.9789440354626771E-002
                   74   2.0151539577623730E-002
                   75   2.0520397274891241E-002
                   76   2.0880314039923159E-002
                   77   2.1262119408062597E-002
                   78   2.1631911395690925E-002
                   79   2.1964505359339307E-002
                   80   2.2361359570661897E-002
                   81   2.2706630336058128E-002
                   82   2.3098955927192091E-002
                   83   2.3533841664313281E-002
                   84   2.3971617604755968E-002
                   85   2.4433150899139954E-002
                   86   2.4883049666567136E-002
                   87   2.5362686415745156E-002
                   88   2.5917478747667425E-002
                   89   2.6483050847457626E-002
                   90   2.6971625849606214E-002
                   91   2.7557319223985889E-002
                   92   2.8036335090277000E-002
                   93   2.8522532800912721E-002
                   94   2.9049500348594003E-002
                   95   2.9648956356736242E-002
                   96   3.0244374546334381E-002
                   97   3.0826140567200986E-002
                   98   3.1513929156687256E-002
                   99   3.2141938801748524E-002
                  100   3.2821320729946174E-002
                  101   3.3525546466407402E-002
                  102   3.4181022696199069E-002
                  103   3.4877232142857144E-002
                  104   3.5566936975387681E-002
                  105   3.6400698893418751E-002
                  106   3.7196845707484008E-002
                  107   3.7993920972644375E-002
                  108   3.8759689922480620E-002
                  109   3.9556962025316458E-002
                  110   4.0400775694893344E-002
                  111   4.1226912928759893E-002
                  112   4.2179854901299142E-002
                  113   4.3081164914699294E-002
                  114   4.4068394147717259E-002
                  115   4.5134500812421013E-002
                  116   4.6159527326440179E-002
                  117   4.7196526335661695E-002
                  118   4.8178839853536326E-002
                  119   4.9348598499802603E-002
                  120   5.0443906376109765E-002
                  121   5.1759834368530024E-002
                  122   5.3168864313058270E-002
                  123   5.4525627044711013E-002
                  124   5.6053811659192827E-002
                  125   5.7537399309551207E-002
                  126   5.9017941454202076E-002
                  127   6.0547348026156453E-002
                  128   6.2235499128703013E-002
                  129   6.3922270519048835E-002
                  130   6.5565171780750067E-002
                  131   6.7168189145620630E-002
                  132   6.9213732004429679E-002
                  133   7.1184510250569474E-002
                  134   7.3163593795727247E-002
                  135   7.5255869957856714E-002
                  136   7.7208153180975916E-002
                  137   7.9264426125554857E-002
                  138   8.1859855926653569E-002
                  139   8.4118438761776576E-002
                  140   8.6715227193895253E-002
                  141   8.8621056362991849E-002
                  142   9.0645395213923133E-002
                  143   9.3109869646182494E-002
                  144   9.5565749235474007E-002
                  145   9.8039215686274508E-002
                  146  0.10105092966855295     
                  147  0.10434056761268781     
                  148  0.10757314974182444     
                  149  0.11120996441281139     
                  150  0.11504832029452371     
                  151  0.11809163911195088     
                  152  0.12242899118511263     
                  153  0.12645422357106728     
                  154  0.13000520020800832     
                  155  0.13440860215053763     
                  156  0.13858093126385809     
                  157  0.14359563469270534     
                  158  0.14757969303423848     
                  159  0.15328019619865113     
                  160  0.15802781289506954     
                  161  0.16307893020221786     
                  162  0.16880486158001351     
                  163  0.17482517482517482     
                  164  0.18089725036179449     
                  165  0.18882175226586104     
                  166  0.19561815336463223     
                  167  0.20292207792207792     
                  168  0.21132713440405748     
                  169  0.22163120567375885     
                  170  0.23041474654377880     
                  171  0.24015369836695485     
                  172  0.24900398406374502     
                  173  0.26232948583420779     
                  174  0.27233115468409586     
                  175  0.28669724770642202     
                  176  0.30303030303030304     
                  177  0.31645569620253167     
                  178  0.33112582781456956     
                  179  0.34530386740331492     
                  180  0.35816618911174786     
                  181  0.37821482602118001     
                  182  0.39745627980922099     
                  183  0.41118421052631576     
                  184  0.42662116040955633     
                  185  0.45045045045045046     
                  186  0.47348484848484851     
                  187  0.50505050505050508     
                  188  0.53191489361702127     
                  189  0.56561085972850678     
                  190  0.59382422802850354     
                  191  0.62034739454094290     
                  192  0.64102564102564108     
                  193  0.67024128686327078     
                  194  0.69832402234636870     
                  195  0.75987841945288759     
                  196  0.79365079365079361     
                  197  0.82781456953642385     
                  198  0.87108013937282225     
                  199  0.92936802973977695     
                  200   1.0000000000000000     
