                    1   5.0671428571428569E-003
                    2   5.0671428571428569E-003
                    3   1.3105874180651931E-002
                    4   2.5291634579732467E-002
                    5   3.8346775065406818E-002
                    6   4.9695271453590192E-002
                    7   5.7870521438360634E-002
                    8   6.3276009704581138E-002
                    9   6.6655391438343287E-002
                   10   6.8931340731095872E-002
                   11   7.0584255353020778E-002
                   12   7.1824882553053623E-002
                   13   7.2959519499753170E-002
                   14   7.4023832877684326E-002
                   15   7.4948231416134894E-002
                   16   7.5803556163446736E-002
                   17   7.6638866081846072E-002
                   18   7.7480941042836232E-002
                   19   7.8286395338571554E-002
                   20   7.9043544145830549E-002
                   21   7.9813685560630954E-002
                   22   8.0520306008944179E-002
                   23   8.1269332111352968E-002
                   24   8.1990707565705825E-002
                   25   8.2705715018537088E-002
                   26   8.3417605418499088E-002
                   27   8.4076040580259789E-002
                   28   8.4785466714473526E-002
                   29   8.5494600848438101E-002
                   30   8.6171711772994514E-002
                   31   8.6934143770986003E-002
                   32   8.7697176482223207E-002
                   33   8.8352513326358795E-002
                   34   8.9082552678504151E-002
                   35   8.9817933199969613E-002
                   36   9.0482385653427214E-002
                   37   9.1210656243571275E-002
                   38   9.1941211539956977E-002
                   39   9.2739299814364531E-002
                   40   9.3516834084737266E-002
                   41   9.4327580246256953E-002
                   42   9.5055607664478098E-002
                   43   9.5766510070738164E-002
                   44   9.6566932563774466E-002
                   45   9.7231359649122800E-002
                   46   9.8029461349252417E-002
                   47   9.8755463986413120E-002
                   48   9.9520215482169411E-002
                   49  0.10034230105519251     
                   50  0.10123294708602089     
                   51  0.10201909802116889     
                   52  0.10288614938361132     
                   53  0.10371648293809760     
                   54  0.10450179718343056     
                   55  0.10542741647842112     
                   56  0.10640148788096952     
                   57  0.10723139246629179     
                   58  0.10807105207032083     
                   59  0.10889052618652913     
                   60  0.10981424148606811     
                   61  0.11066737387289008     
                   62  0.11159702995217720     
                   63  0.11261389973648284     
                   64  0.11354396747655175     
                   65  0.11451540001291406     
                   66  0.11549983718658417     
                   67  0.11655877230455786     
                   68  0.11762560106118389     
                   69  0.11855739019987967     
                   70  0.11953627877194756     
                   71  0.12062164184180099     
                   72  0.12165591987927013     
                   73  0.12279729963648953     
                   74  0.12392132201376516     
                   75  0.12501762300860003     
                   76  0.12622775800711744     
                   77  0.12743865195990370     
                   78  0.12850983660012319     
                   79  0.12977462315234889     
                   80  0.13095809488646853     
                   81  0.13229151126361330     
                   82  0.13349140039893118     
                   83  0.13479004370131104     
                   84  0.13601503182759414     
                   85  0.13731562850838142     
                   86  0.13861424830982064     
                   87  0.13996527503748718     
                   88  0.14129222434671765     
                   89  0.14270196330865786     
                   90  0.14420457779403992     
                   91  0.14587103141964139     
                   92  0.14736798371349039     
                   93  0.14899605141560951     
                   94  0.15057734759721514     
                   95  0.15187326054378078     
                   96  0.15325786380919459     
                   97  0.15474892020417957     
                   98  0.15662118602905462     
                   99  0.15831287659004686     
                  100  0.15995490417136415     
                  101  0.16164608303331360     
                  102  0.16340351038835399     
                  103  0.16519187779433681     
                  104  0.16687838155728063     
                  105  0.16870392390011890     
                  106  0.17044690052859202     
                  107  0.17249428585323154     
                  108  0.17465163228125460     
                  109  0.17671383021123954     
                  110  0.17878925349059932     
                  111  0.18082177814029363     
                  112  0.18274085522926325     
                  113  0.18519292016916411     
                  114  0.18783096801525101     
                  115  0.18992289569500964     
                  116  0.19215558806002492     
                  117  0.19430293070391674     
                  118  0.19656414519257412     
                  119  0.19913541432741971     
                  120  0.20154554236036137     
                  121  0.20401472449096975     
                  122  0.20665346073176416     
                  123  0.20917615144188240     
                  124  0.21181177594649470     
                  125  0.21465746792544177     
                  126  0.21726081097635674     
                  127  0.22022848627840555     
                  128  0.22320810521678938     
                  129  0.22599553998088565     
                  130  0.22889778007227671     
                  131  0.23164838035527691     
                  132  0.23500960710263036     
                  133  0.23802174204804724     
                  134  0.24121047262835771     
                  135  0.24472195391196358     
                  136  0.24812871633438266     
                  137  0.25177455990914255     
                  138  0.25552914055183346     
                  139  0.25926467363496819     
                  140  0.26210005172541195     
                  141  0.26543440844121829     
                  142  0.26920157862780814     
                  143  0.27238519428659191     
                  144  0.27700117141741509     
                  145  0.28088375039594554     
                  146  0.28432865731462925     
                  147  0.28959830176355322     
                  148  0.29372308711493872     
                  149  0.29841830725222951     
                  150  0.30355156183140780     
                  151  0.30905288838546657     
                  152  0.31394937157018943     
                  153  0.31917574012417887     
                  154  0.32466819221967963     
                  155  0.33010702652396462     
                  156  0.33573118788452438     
                  157  0.34171483622350673     
                  158  0.34777919403863122     
                  159  0.35459362191342597     
                  160  0.36127520880016295     
                  161  0.36836639318724684     
                  162  0.37506608861161045     
                  163  0.38379138714563948     
                  164  0.39128516271373415     
                  165  0.39939196036482377     
                  166  0.40742016999770275     
                  167  0.41690173953925719     
                  168  0.42581032412965186     
                  169  0.43596361848574239     
                  170  0.44431917825378930     
                  171  0.45579542534052941     
                  172  0.46621976866456361     
                  173  0.47777478448275862     
                  174  0.48796258082267163     
                  175  0.50120107390137059     
                  176  0.51249819390261520     
                  177  0.52563722584469474     
                  178  0.53547705314009664     
                  179  0.55034910783553137     
                  180  0.56373172282263195     
                  181  0.57646676418007481     
                  182  0.58939847125290790     
                  183  0.60384746339802520     
                  184  0.62064741907261589     
                  185  0.63760560848463055     
                  186  0.65394542772861353     
                  187  0.67254455821008718     
                  188  0.69088430074016360     
                  189  0.71239204659570199     
                  190  0.72923519736842102     
                  191  0.75580652034945661     
                  192  0.77682873412176956     
                  193  0.80267028739533830     
                  194  0.82354306942187139     
                  195  0.85243931747176160     
                  196  0.87710187932739858     
                  197  0.90925403742630095     
                  198  0.93219448094612356     
                  199  0.97098275390090338     
                  200   1.0000000000000000     
