                    1   2.8950000000000000E-002
                    2   2.8950000000000000E-002
                    3   6.9796877825326981E-002
                    4  0.12554750856498548     
                    5  0.18132848955560427     
                    6  0.22465370736817600     
                    7  0.25292678665035823     
                    8  0.27037123511557321     
                    9  0.28101339545719278     
                   10  0.28744476989524897     
                   11  0.29195240016135537     
                   12  0.29533282325937260     
                   13  0.29842284300587568     
                   14  0.30081047381546133     
                   15  0.30337961750065495     
                   16  0.30565380351581056     
                   17  0.30776590655397862     
                   18  0.30924531325108157     
                   19  0.31108961960025788     
                   20  0.31270252754374595     
                   21  0.31453715775749674     
                   22  0.31592732034702897     
                   23  0.31781754308925236     
                   24  0.31934256246208154     
                   25  0.32075785275054014     
                   26  0.32229334817701083     
                   27  0.32355406538139148     
                   28  0.32477002468027821     
                   29  0.32610532244438184     
                   30  0.32741461207871525     
                   31  0.32899596567986816     
                   32  0.33051718232674965     
                   33  0.33190025795356837     
                   34  0.33325659030735583     
                   35  0.33479819590609461     
                   36  0.33592480854026457     
                   37  0.33705902899056933     
                   38  0.33810218978102191     
                   39  0.33933071558342615     
                   40  0.34066839256295600     
                   41  0.34189548272807796     
                   42  0.34333491461100568     
                   43  0.34474545995832095     
                   44  0.34579550883898708     
                   45  0.34703907935746825     
                   46  0.34835449130617890     
                   47  0.34970103279579634     
                   48  0.35107931118117874     
                   49  0.35229692728932155     
                   50  0.35347985347985350     
                   51  0.35506224320843810     
                   52  0.35665886411235675     
                   53  0.35818125579956694     
                   54  0.35960499347866592     
                   55  0.36090506763074237     
                   56  0.36225990114496653     
                   57  0.36371631383880898     
                   58  0.36504634007944015     
                   59  0.36654849328944039     
                   60  0.36820349761526233     
                   61  0.36987351475661173     
                   62  0.37120143608154893     
                   63  0.37270679111683297     
                   64  0.37398268957499031     
                   65  0.37521871557254877     
                   66  0.37683045883501465     
                   67  0.37835718486571263     
                   68  0.37989633226166264     
                   69  0.38109655762522215     
                   70  0.38293650793650796     
                   71  0.38446215139442230     
                   72  0.38607721544308859     
                   73  0.38760208863301648     
                   74  0.38916521037773893     
                   75  0.39068825910931176     
                   76  0.39219670798618167     
                   77  0.39390434723450574     
                   78  0.39549180327868855     
                   79  0.39739190116678108     
                   80  0.39898015435501655     
                   81  0.40083073727933544     
                   82  0.40264255910987484     
                   83  0.40435784621831133     
                   84  0.40631578947368419     
                   85  0.40814887917665305     
                   86  0.41008570012040513     
                   87  0.41207031528005122     
                   88  0.41407423299721091     
                   89  0.41618746405980450     
                   90  0.41805054151624549     
                   91  0.41974771639843411     
                   92  0.42164287794931549     
                   93  0.42355523043160204     
                   94  0.42548500881834217     
                   95  0.42759028136769811     
                   96  0.42965271593944793     
                   97  0.43163858655136422     
                   98  0.43344812097619406     
                   99  0.43553482774183844     
                  100  0.43757557436517536     
                  101  0.44017029040596017     
                  102  0.44222103414038033     
                  103  0.44405245801058363     
                  104  0.44576179844483793     
                  105  0.44779582366589327     
                  106  0.44928998215255683     
                  107  0.45209650972124621     
                  108  0.45429580227540212     
                  109  0.45612100204821177     
                  110  0.45821462488129155     
                  111  0.46007151370679378     
                  112  0.46201723587615706     
                  113  0.46442608486404108     
                  114  0.46686018384131589     
                  115  0.46909179291906344     
                  116  0.47199804353142577     
                  117  0.47443461160275319     
                  118  0.47685718991928844     
                  119  0.47922529382552559     
                  120  0.48157697745986860     
                  121  0.48492462311557788     
                  122  0.48778433024431339     
                  123  0.49038705852460407     
                  124  0.49305969513752873     
                  125  0.49622900239972573     
                  126  0.49887988971221781     
                  127  0.50229895029062199     
                  128  0.50510337607956035     
                  129  0.50807300807300804     
                  130  0.51148409893992930     
                  131  0.51462092258465919     
                  132  0.51751877011083303     
                  133  0.52012217031979879     
                  134  0.52360282148670645     
                  135  0.52660300136425653     
                  136  0.52973467520585549     
                  137  0.53285477636664824     
                  138  0.53616075562552090     
                  139  0.54031354983202684     
                  140  0.54376408715251690     
                  141  0.54694880030228599     
                  142  0.55043255062268281     
                  143  0.55396096440872555     
                  144  0.55769601232903099     
                  145  0.56099215192326324     
                  146  0.56482294410301437     
                  147  0.56965761511216062     
                  148  0.57372175980975026     
                  149  0.57778664803911783     
                  150  0.58126694107017363     
                  151  0.58502576538344953     
                  152  0.58787694182150474     
                  153  0.59250920998772005     
                  154  0.59795517918000618     
                  155  0.60312500000000002     
                  156  0.60723649711588878     
                  157  0.61230964467005078     
                  158  0.61641648035771324     
                  159  0.62117798519472156     
                  160  0.62641999350860111     
                  161  0.63182016586643386     
                  162  0.63717398481346976     
                  163  0.64140910601528744     
                  164  0.64541299743618330     
                  165  0.65335138794854430     
                  166  0.65930312001821911     
                  167  0.66498219823130811     
                  168  0.67130434782608694     
                  169  0.67901958484812952     
                  170  0.68561278863232678     
                  171  0.69308115872635867     
                  172  0.69775849602313811     
                  173  0.70463672873311423     
                  174  0.71235236220472442     
                  175  0.72077679571766462     
                  176  0.72876022655758343     
                  177  0.73720397249809011     
                  178  0.74479032673012602     
                  179  0.75341574495770980     
                  180  0.76304691618344755     
                  181  0.77179418821647561     
                  182  0.78000808298531588     
                  183  0.78947368421052633     
                  184  0.79851055026892848     
                  185  0.80899818359647901     
                  186  0.81906917527231571     
                  187  0.83165756966388971     
                  188  0.84059233449477355     
                  189  0.85247349823321550     
                  190  0.86379233179173509     
                  191  0.87515114873035071     
                  192  0.88640538885486830     
                  193  0.90018656716417911     
                  194  0.90937647243599806     
                  195  0.92359227947041000     
                  196  0.93856378667531204     
                  197  0.95308641975308639     
                  198  0.96887550200803207     
                  199  0.98369011213047908     
                  200   1.0000000000000000     
