                    1   8.3025000000000002E-002
                    2   8.3025000000000002E-002
                    3  0.18736459649756274     
                    4  0.31687721842677763     
                    5  0.43166870304416771     
                    6  0.51210485736314570     
                    7  0.56122621421570285     
                    8  0.58939410073474607     
                    9  0.60342321389635878     
                   10  0.61268541067079918     
                   11  0.61942776140560296     
                   12  0.62377911344853498     
                   13  0.62710072132633410     
                   14  0.63064944929737943     
                   15  0.63363351904144094     
                   16  0.63564674807640775     
                   17  0.63774628413411683     
                   18  0.64003237742830710     
                   19  0.64216103333591157     
                   20  0.64435389988358560     
                   21  0.64631013545072391     
                   22  0.64767142522817689     
                   23  0.64919071076706547     
                   24  0.65089569205440789     
                   25  0.65209707822808671     
                   26  0.65330290750285247     
                   27  0.65471965933286014     
                   28  0.65588339850693211     
                   29  0.65699928780565009     
                   30  0.65827552031714565     
                   31  0.65953052389085276     
                   32  0.66076402705929171     
                   33  0.66213414147858685     
                   34  0.66374865091737623     
                   35  0.66510454217736126     
                   36  0.66611842105263153     
                   37  0.66745719109253154     
                   38  0.66855900471071383     
                   39  0.66963745614388837     
                   40  0.67058395929246428     
                   41  0.67188638018936631     
                   42  0.67327575720715238     
                   43  0.67483540599853697     
                   44  0.67596173417463867     
                   45  0.67725752508361203     
                   46  0.67872470876762725     
                   47  0.67983623336745136     
                   48  0.68095140455197867     
                   49  0.68215430120778897     
                   50  0.68296795952782463     
                   51  0.68429077721915432     
                   52  0.68550551129092185     
                   53  0.68675296745109393     
                   54  0.68783397539455693     
                   55  0.68871837411862302     
                   56  0.68977692850911809     
                   57  0.69075252714339197     
                   58  0.69222111055527769     
                   59  0.69355108178097069     
                   60  0.69471173960338051     
                   61  0.69619722443503418     
                   62  0.69686922947792518     
                   63  0.69807037457434729     
                   64  0.69912845774914745     
                   65  0.70001264702162636     
                   66  0.70113583583160921     
                   67  0.70244088159397611     
                   68  0.70384028484231942     
                   69  0.70527522935779818     
                   70  0.70650555248266178     
                   71  0.70764969102919240     
                   72  0.70870678617157490     
                   73  0.71000983452345323     
                   74  0.71128721353608915     
                   75  0.71217189912506429     
                   76  0.71336512437169741     
                   77  0.71462385952831808     
                   78  0.71607227564793652     
                   79  0.71749557101499373     
                   80  0.71852012115967112     
                   81  0.71982833362233400     
                   82  0.72145464025026074     
                   83  0.72302534180963163     
                   84  0.72435002617344268     
                   85  0.72555273966617151     
                   86  0.72669584245076591     
                   87  0.72790636507101525     
                   88  0.72908891328210756     
                   89  0.73040380047505937     
                   90  0.73159448385249148     
                   91  0.73269205312624097     
                   92  0.73389021479713601     
                   93  0.73522249280495899     
                   94  0.73652694610778446     
                   95  0.73780325246600909     
                   96  0.73905109489051091     
                   97  0.74036918138041730     
                   98  0.74175824175824179     
                   99  0.74318578525712753     
                  100  0.74475242195909586     
                  101  0.74588985715569134     
                  102  0.74740063915020027     
                  103  0.74874870361185009     
                  104  0.75016941495369327     
                  105  0.75176566461427019     
                  106  0.75316369574091713     
                  107  0.75415569079843769     
                  108  0.75580336822940375     
                  109  0.75694032912431053     
                  110  0.75908571428571425     
                  111  0.76075502817611218     
                  112  0.76232669176384171     
                  113  0.76386972122550367     
                  114  0.76527790579776933     
                  115  0.76654971840088637     
                  116  0.76839426191577975     
                  117  0.77031916867693451     
                  118  0.77193064013760404     
                  119  0.77362094670145365     
                  120  0.77510152639686314     
                  121  0.77698750643395254     
                  122  0.77884615384615385     
                  123  0.78045685279187815     
                  124  0.78218474727966458     
                  125  0.78347645560064172     
                  126  0.78488372093023251     
                  127  0.78659403126480343     
                  128  0.78827438879658196     
                  129  0.78996194100856332     
                  130  0.79146806482364152     
                  131  0.79332091156657591     
                  132  0.79503016374604996     
                  133  0.79674679717863828     
                  134  0.79839407635349557     
                  135  0.79977844138329646     
                  136  0.80182529335071706     
                  137  0.80353254294701182     
                  138  0.80505187627266561     
                  139  0.80673371228683866     
                  140  0.80842259006815964     
                  141  0.81063268892794371     
                  142  0.81213929374938865     
                  143  0.81428991761475089     
                  144  0.81645196184482249     
                  145  0.81850446098486718     
                  146  0.82052675791866381     
                  147  0.82243684992570576     
                  148  0.82431493248610010     
                  149  0.82611940298507458     
                  150  0.82772543741588156     
                  151  0.82979361351256808     
                  152  0.83158052884615385     
                  153  0.83324969891609790     
                  154  0.83534560821008152     
                  155  0.83770557965896475     
                  156  0.83961167012185878     
                  157  0.84178241914224883     
                  158  0.84357854094696205     
                  159  0.84551148225469730     
                  160  0.84801593381339058     
                  161  0.85023041474654382     
                  162  0.85223773352494359     
                  163  0.85548686244204020     
                  164  0.85765198078611637     
                  165  0.86013986013986010     
                  166  0.86219429876940656     
                  167  0.86443854443229740     
                  168  0.86705655057177167     
                  169  0.86969046247315773     
                  170  0.87243209163032631     
                  171  0.87551407782347357     
                  172  0.87843199492144108     
                  173  0.88113557972937118     
                  174  0.88413822480166127     
                  175  0.88758819756254004     
                  176  0.89049176811283315     
                  177  0.89399160116291587     
                  178  0.89756756756756761     
                  179  0.90175953079178883     
                  180  0.90529931305201172     
                  181  0.90916557161629430     
                  182  0.91246290801186947     
                  183  0.91654247391952315     
                  184  0.91974077766699902     
                  185  0.92347477893331853     
                  186  0.92744638069705099     
                  187  0.93171361238918193     
                  188  0.93565109595988050     
                  189  0.94015400294417395     
                  190  0.94459298026053817     
                  191  0.94945394247812909     
                  192  0.95447490946714952     
                  193  0.96032618125036151     
                  194  0.96467785975716025     
                  195  0.97025826808460913     
                  196  0.97487230669876124     
                  197  0.98115102812573862     
                  198  0.98692421991084700     
                  199  0.99437092041439612     
                  200   1.0000000000000000     
