                    1  0.14613000000000001     
                    2  0.14613000000000001     
                    3  0.31045911321676689     
                    4  0.49420000676384052     
                    5  0.64047159887798033     
                    6  0.73713680387409197     
                    7  0.79168924043775057     
                    8  0.82086282440175262     
                    9  0.83737321643458829     
                   10  0.84600243154055466     
                   11  0.85132537139528108     
                   12  0.85551197236695742     
                   13  0.85877997179125531     
                   14  0.86136162687886830     
                   15  0.86349937954263434     
                   16  0.86580163526484177     
                   17  0.86858059914407992     
                   18  0.86992499107036547     
                   19  0.87122160615274546     
                   20  0.87215756490599816     
                   21  0.87346084877465635     
                   22  0.87434930892119911     
                   23  0.87597410382448149     
                   24  0.87702556715880442     
                   25  0.87823787487228799     
                   26  0.87892457596535545     
                   27  0.88035423820712089     
                   28  0.88157577220077221     
                   29  0.88253412247856022     
                   30  0.88354797750770908     
                   31  0.88418950807769103     
                   32  0.88542171594764907     
                   33  0.88628093158660848     
                   34  0.88714181641573575     
                   35  0.88773464552578818     
                   36  0.88843628404669261     
                   37  0.88886861313868615     
                   38  0.88930136319376829     
                   39  0.88995127892813641     
                   40  0.89060214529497805     
                   41  0.89119960968469847     
                   42  0.89217900970755237     
                   43  0.89272405156087731     
                   44  0.89316056475765537     
                   45  0.89381613554345829     
                   46  0.89430844553243571     
                   47  0.89491089472717256     
                   48  0.89551415614658658     
                   49  0.89595340282035563     
                   50  0.89655807104730356     
                   51  0.89716355599214148     
                   52  0.89765956139812031     
                   53  0.89810091573965956     
                   54  0.89892962598425197     
                   55  0.89959369613395712     
                   56  0.90014783787113462     
                   57  0.90086924357314591     
                   58  0.90164743629295985     
                   59  0.90187002406961669     
                   60  0.90231552948440874     
                   61  0.90287303058387391     
                   62  0.90365469049533120     
                   63  0.90410196126956632     
                   64  0.90460567042218643     
                   65  0.90522207768072849     
                   66  0.90567090176634646     
                   67  0.90612017114156385     
                   68  0.90634497301990946     
                   69  0.90702004841412698     
                   70  0.90735796336541452     
                   71  0.90780890849226559     
                   72  0.90848616723655584     
                   73  0.90922100547536089     
                   74  0.90984372081439513     
                   75  0.91024043851999503     
                   76  0.91086455151779588     
                   77  0.91148952095808389     
                   78  0.91171699525829797     
                   79  0.91268502904253324     
                   80  0.91314128600887334     
                   81  0.91354088522130528     
                   82  0.91422672672672678     
                   83  0.91457003379647017     
                   84  0.91508547811384555     
                   85  0.91537208719619145     
                   86  0.91577364166196651     
                   87  0.91675031367628612     
                   88  0.91732580037664779     
                   89  0.91767143933685003     
                   90  0.91807501413582959     
                   91  0.91888322957932467     
                   92  0.91957711912403250     
                   93  0.92056192516064006     
                   94  0.92091000756238972     
                   95  0.92125835329718830     
                   96  0.92195583596214514     
                   97  0.92277090174286436     
                   98  0.92323730098559520     
                   99  0.92387937029778089     
                  100  0.92434689101144918     
                  101  0.92510762218283105     
                  102  0.92586960653868089     
                  103  0.92628042596348881     
                  104  0.92692673644148427     
                  105  0.92716198210773426     
                  106  0.92810416005080976     
                  107  0.92857596746520943     
                  108  0.92928457869634340     
                  109  0.93017186505410565     
                  110  0.93070505063371756     
                  111  0.93123884782054545     
                  112  0.93218933401377901     
                  113  0.93278437380314061     
                  114  0.93332055949415593     
                  115  0.93391704480092030     
                  116  0.93451429302295841     
                  117  0.93505246992577429     
                  118  0.93559126704654583     
                  119  0.93613068545803968     
                  120  0.93637062668204540     
                  121  0.93667072623549774     
                  122  0.93733162283515070     
                  123  0.93781286099345396     
                  124  0.93823434991974319     
                  125  0.93853564547206170     
                  126  0.93889745566692362     
                  127  0.93944069431051114     
                  128  0.94004503055644906     
                  129  0.94052905966402778     
                  130  0.94071069911162608     
                  131  0.94168062894702931     
                  132  0.94234861675372417     
                  133  0.94259175643423854     
                  134  0.94350464876033058     
                  135  0.94423623675368307     
                  136  0.94484676063623430     
                  137  0.94539690754997741     
                  138  0.94607017998187237     
                  139  0.94686710296118703     
                  140  0.94735818476499190     
                  141  0.94772683053375706     
                  142  0.94846498344908159     
                  143  0.94883449126680086     
                  144  0.94920428710620330     
                  145  0.94988299531981280     
                  146  0.95013003901170356     
                  147  0.95130525356422113     
                  148  0.95217306313937577     
                  149  0.95279389711156026     
                  150  0.95341554120180072     
                  151  0.95422489225545248     
                  152  0.95516046800444476     
                  153  0.95616043970424658     
                  154  0.95684913567312724     
                  155  0.95747608439260912     
                  156  0.95810385523210073     
                  157  0.95873244980973626     
                  158  0.95917295700689198     
                  159  0.95992905471983181     
                  160  0.96062319221667103     
                  161  0.96157136276896760     
                  162  0.96195115528931607     
                  163  0.96277506917907496     
                  164  0.96353685876302253     
                  165  0.96442713833157334     
                  166  0.96500033018556430     
                  167  0.96595716552088839     
                  168  0.96678795898114456     
                  169  0.96755611467920277     
                  170  0.96826133050622842     
                  171  0.96896757509448972     
                  172  0.96967485069674852     
                  173  0.97070546034276606     
                  174  0.97135070459984052     
                  175  0.97232018098343198     
                  176  0.97316196057538629     
                  177  0.97394028259130894     
                  178  0.97478487092255350     
                  179  0.97582637729549249     
                  180  0.97680481283422460     
                  181  0.97752358017258678     
                  182  0.97837439742903054     
                  183  0.97955490012065960     
                  184  0.98093575887762641     
                  185  0.98192447251713477     
                  186  0.98331202476280199     
                  187  0.98430553684494138     
                  188  0.98536749831422787     
                  189  0.98636517043536953     
                  190  0.98736486486486486     
                  191  0.98896859772604218     
                  192  0.98983946352367402     
                  193  0.99084621643612691     
                  194  0.99198968162378653     
                  195  0.99333831826524366     
                  196  0.99441987070432125     
                  197  0.99584298759711054     
                  198  0.99720212911150541     
                  199  0.99863322626939111     
                  200   1.0000000000000000     
