                    1  0.20774999999999999     
                    2  0.20774999999999999     
                    3  0.41301365778016341     
                    4  0.62174537618962111     
                    5  0.77150178253119428     
                    6  0.86310760282509347     
                    7  0.90684883670173300     
                    8  0.92786958463599822     
                    9  0.93970508413244069     
                   10  0.94608133339405254     
                   11  0.94980112467425593     
                   12  0.95232638093055233     
                   13  0.95451412818745696     
                   14  0.95583160800552103     
                   15  0.95710863355754172     
                   16  0.95830065962452138     
                   17  0.95940703796065396     
                   18  0.96020521353300059     
                   19  0.96109363434492967     
                   20  0.96202824727946279     
                   21  0.96278617110019460     
                   22  0.96341124095715081     
                   23  0.96381350034794711     
                   24  0.96439513508495034     
                   25  0.96511195763263036     
                   26  0.96596456967498956     
                   27  0.96627906976744182     
                   28  0.96663874930206584     
                   29  0.96717877094972071     
                   30  0.96749406231080892     
                   31  0.96767432111416463     
                   32  0.96808014911463192     
                   33  0.96848631765418858     
                   34  0.96875728608067146     
                   35  0.96911881326678173     
                   36  0.96943537097526833     
                   37  0.96975213555524431     
                   38  0.96997852273788399     
                   39  0.97015970860184930     
                   40  0.97052228347192371     
                   41  0.97074903041913929     
                   42  0.97097588334268092     
                   43  0.97138448590265114     
                   44  0.97156619744656969     
                   45  0.97170252572497662     
                   46  0.97197529708992236     
                   47  0.97224822163983526     
                   48  0.97243025650627224     
                   49  0.97265789596891239     
                   50  0.97297677032596475     
                   51  0.97320466576099685     
                   52  0.97379769382206804     
                   53  0.97379769382206804     
                   54  0.97434574617765690     
                   55  0.97439144505417197     
                   56  0.97475719044714493     
                   57  0.97507744297381016     
                   58  0.97535211267605637     
                   59  0.97553531179564235     
                   60  0.97590191657271708     
                   61  0.97631467644156211     
                   62  0.97663595336592701     
                   63  0.97677370821383236     
                   64  0.97700338600451464     
                   65  0.97723317183310598     
                   66  0.97732511643223408     
                   67  0.97755505364201012     
                   68  0.97783112115221693     
                   69  0.97806129654912666     
                   70  0.97833765010595719     
                   71  0.97852197258725448     
                   72  0.97866026003391748     
                   73  0.97879858657243812     
                   74  0.97879858657243812     
                   75  0.97893695221939492     
                   76  0.97912150061268732     
                   77  0.97921380090497734     
                   78  0.97944462778746877     
                   79  0.97958317615993962     
                   80  0.97967556351975860     
                   81  0.97990660817885944     
                   82  0.98009152238524322     
                   83  0.98027650639362052     
                   84  0.98032276330690826     
                   85  0.98050783462337177     
                   86  0.98064668397451027     
                   87  0.98087818696883855     
                   88  0.98110979929161746     
                   89  0.98134152102031180     
                   90  0.98148060660462044     
                   91  0.98175889608241573     
                   92  0.98185169431447616     
                   93  0.98199092456040837     
                   94  0.98208376666351516     
                   95  0.98217662632375191     
                   96  0.98226950354609932     
                   97  0.98231594874462147     
                   98  0.98254824063564128     
                   99  0.98268766851142331     
                  100  0.98278064241449459     
                  101  0.98282713596366733     
                  102  0.98333885549297106     
                  103  0.98361819989583832     
                  104  0.98371134996922205     
                  105  0.98389770305470048     
                  106  0.98413074372335385     
                  107  0.98417736510493159     
                  108  0.98431725575665685     
                  109  0.98450383849872047     
                  110  0.98478384527872587     
                  111  0.98497060496870847     
                  112  0.98520415421823870     
                  113  0.98534433693796242     
                  114  0.98553130929791266     
                  115  0.98576512455516019     
                  116  0.98585868172543067     
                  117  0.98599905078310390     
                  118  0.98613945981867379     
                  119  0.98632673408346394     
                  120  0.98646723646723644     
                  121  0.98674836135651178     
                  122  0.98679523108345601     
                  123  0.98707654297524583     
                  124  0.98712344388482376     
                  125  0.98717034925160374     
                  126  0.98726417335931194     
                  127  0.98740494296577952     
                  128  0.98759269823160301     
                  129  0.98778052491441615     
                  130  0.98787446504992871     
                  131  0.98787446504992871     
                  132  0.98801540876016547     
                  133  0.98820339628026443     
                  134  0.98839145534992146     
                  135  0.98848551172860066     
                  136  0.98876778830136591     
                  137  0.98886191632157650     
                  138  0.98895606226495925     
                  139  0.98905022613663418     
                  140  0.98909731479718144     
                  141  0.98933282537263678     
                  142  0.98947418555915412     
                  143  0.98961558614776357     
                  144  0.98975702715578850     
                  145  0.98980418314355134     
                  146  0.98999285203716936     
                  147  0.99004003049942813     
                  148  0.99013440091507010     
                  149  0.99018159286973928     
                  150  0.99041762013729973     
                  151  0.99065375995422245     
                  152  0.99089001240103025     
                  153  0.99131555088991741     
                  154  0.99150479644919587     
                  155  0.99174145503150657     
                  156  0.99212034383954151     
                  157  0.99230989682842952     
                  158  0.99240470048724561     
                  159  0.99245210911001769     
                  160  0.99268922018348627     
                  161  0.99287899063276619     
                  162  0.99292644458251689     
                  163  0.99297390306854028     
                  164  0.99306883365200760     
                  165  0.99321126356552092     
                  166  0.99330623954099928     
                  167  0.99349624599493092     
                  168  0.99363879854601111     
                  169  0.99392402640895605     
                  170  0.99406670175606493     
                  171  0.99439977024698445     
                  172  0.99473306200622458     
                  173  0.99492361476940760     
                  174  0.99501891853058100     
                  175  0.99516190841157315     
                  176  0.99530493939539122     
                  177  0.99535262552702186     
                  178  0.99563883830154321     
                  179  0.99578200642285386     
                  180  0.99587747471358035     
                  181  0.99606846622237144     
                  182  0.99630730865144834     
                  183  0.99649846508058326     
                  184  0.99678533729968333     
                  185  0.99688099808061426     
                  186  0.99692883535678301     
                  187  0.99707237473603383     
                  188  0.99735957753240523     
                  189  0.99764694583173263     
                  190  0.99783861671469742     
                  191  0.99807830891184246     
                  192  0.99831811629024503     
                  193  0.99860603730051911     
                  194  0.99870204788001149     
                  195  0.99903823034383266     
                  196  0.99923043624645280     
                  197  0.99947079765226599     
                  198  0.99956697459584298     
                  199  0.99971127472210197     
                  200   1.0000000000000000     
