                    1  0.25775999999999999     
                    2  0.25775999999999999     
                    3  0.48412907103414599     
                    4  0.69918081701296586     
                    5  0.83835295648214403     
                    6  0.91485359361135754     
                    7  0.95191668513184136     
                    8  0.96880402916635344     
                    9  0.97721499791485011     
                   10  0.98138206739006284     
                   11  0.98385434558570939     
                   12  0.98528343717747791     
                   13  0.98664114832535887     
                   14  0.98747270428686362     
                   15  0.98815411155836685     
                   16  0.98853307766059439     
                   17  0.98910207214121260     
                   18  0.98929188255613121     
                   19  0.98970972200890805     
                   20  0.99005185327443823     
                   21  0.99035616859415221     
                   22  0.99066067104808020     
                   23  0.99073682592151291     
                   24  0.99107966779452472     
                   25  0.99134648667358949     
                   26  0.99157530294287366     
                   27  0.99184238879482833     
                   28  0.99195689821050603     
                   29  0.99218599638169291     
                   30  0.99226238595680794     
                   31  0.99260628465804068     
                   32  0.99272097053726172     
                   33  0.99291217257318953     
                   34  0.99302692915205915     
                   35  0.99321824907521583     
                   36  0.99325652190667024     
                   37  0.99344793031681189     
                   38  0.99352451433857536     
                   39  0.99367771781033154     
                   40  0.99371602606114340     
                   41  0.99379265142460582     
                   42  0.99398426654326699     
                   43  0.99406093328191281     
                   44  0.99432936002777461     
                   45  0.99436771854023609     
                   46  0.99448281183687637     
                   47  0.99459793177959566     
                   48  0.99467469321602220     
                   49  0.99486664865490759     
                   50  0.99490504863362672     
                   51  0.99502026635784602     
                   52  0.99502026635784602     
                   53  0.99513551077136897     
                   54  0.99521235521235518     
                   55  0.99532764412866359     
                   56  0.99544295975901753     
                   57  0.99548140424052833     
                   58  0.99548140424052833     
                   59  0.99551985169164225     
                   60  0.99555830211270324     
                   61  0.99567367119901118     
                   62  0.99567367119901118     
                   63  0.99586601244059803     
                   64  0.99594296974614582     
                   65  0.99601993894663632     
                   66  0.99621241400633842     
                   67  0.99625091794534848     
                   68  0.99628942486085348     
                   69  0.99628942486085348     
                   70  0.99640496346979013     
                   71  0.99640496346979013     
                   72  0.99644348229472712     
                   73  0.99644348229472712     
                   74  0.99644348229472712     
                   75  0.99648200409788534     
                   76  0.99652052887961029     
                   77  0.99659758738014226     
                   78  0.99663612109964039     
                   79  0.99663612109964039     
                   80  0.99667465779908748     
                   81  0.99671319747882914     
                   82  0.99671319747882914     
                   83  0.99675174013921108     
                   84  0.99679028578057927     
                   85  0.99686738600765745     
                   86  0.99690594059405946     
                   87  0.99690594059405946     
                   88  0.99690594059405946     
                   89  0.99690594059405946     
                   90  0.99690594059405946     
                   91  0.99690594059405946     
                   92  0.99690594059405946     
                   93  0.99690594059405946     
                   94  0.99694449816283115     
                   95  0.99698305871431891     
                   96  0.99698305871431891     
                   97  0.99698305871431891     
                   98  0.99698305871431891     
                   99  0.99709875826853889     
                  100  0.99713733075435207     
                  101  0.99717590622461216     
                  102  0.99717590622461216     
                  103  0.99717590622461216     
                  104  0.99717590622461216     
                  105  0.99717590622461216     
                  106  0.99717590622461216     
                  107  0.99717590622461216     
                  108  0.99717590622461216     
                  109  0.99721448467966578     
                  110  0.99725306611985920     
                  111  0.99733023795705167     
                  112  0.99733023795705167     
                  113  0.99740742173896224     
                  114  0.99740742173896224     
                  115  0.99744601811005340     
                  116  0.99744601811005340     
                  117  0.99748461746836425     
                  118  0.99752321981424152     
                  119  0.99752321981424152     
                  120  0.99756182514803204     
                  121  0.99760043347008287     
                  122  0.99763904478074084     
                  123  0.99767765908035300     
                  124  0.99771627636926652     
                  125  0.99771627636926652     
                  126  0.99775489664782846     
                  127  0.99779351991638598     
                  128  0.99779351991638598     
                  129  0.99783214617528648     
                  130  0.99787077542487712     
                  131  0.99787077542487712     
                  132  0.99787077542487712     
                  133  0.99802532233708907     
                  134  0.99802532233708907     
                  135  0.99810261374636977     
                  136  0.99821857330958097     
                  137  0.99821857330958097     
                  138  0.99825723248518650     
                  139  0.99825723248518650     
                  140  0.99829589465530599     
                  141  0.99829589465530599     
                  142  0.99837322798047878     
                  143  0.99837322798047878     
                  144  0.99837322798047878     
                  145  0.99837322798047878     
                  146  0.99837322798047878     
                  147  0.99841189913622808     
                  148  0.99845057328788345     
                  149  0.99845057328788345     
                  150  0.99848925043579317     
                  151  0.99852793058030531     
                  152  0.99852793058030531     
                  153  0.99856661372176814     
                  154  0.99856661372176814     
                  155  0.99860529986053004     
                  156  0.99872137626409396     
                  157  0.99872137626409396     
                  158  0.99872137626409396     
                  159  0.99872137626409396     
                  160  0.99876007439553627     
                  161  0.99876007439553627     
                  162  0.99879877552602003     
                  163  0.99879877552602003     
                  164  0.99879877552602003     
                  165  0.99879877552602003     
                  166  0.99883747965589398     
                  167  0.99887618678550671     
                  168  0.99891489691520696     
                  169  0.99895361004534355     
                  170  0.99899232617626543     
                  171  0.99899232617626543     
                  172  0.99899232617626543     
                  173  0.99903104530832143     
                  174  0.99906976744186049     
                  175  0.99906976744186049     
                  176  0.99914722071478412     
                  177  0.99914722071478412     
                  178  0.99918595185486681     
                  179  0.99926342314402017     
                  180  0.99934090644748574     
                  181  0.99937965260545902     
                  182  0.99937965260545902     
                  183  0.99941840176805863     
                  184  0.99941840176805863     
                  185  0.99941840176805863     
                  186  0.99949590910853470     
                  187  0.99949590910853470     
                  188  0.99957342847171060     
                  189  0.99965095986038399     
                  190  0.99968973006515671     
                  191  0.99968973006515671     
                  192  0.99968973006515671     
                  193  0.99972850327735330     
                  194  0.99980605872541795     
                  195  0.99980605872541795     
                  196  0.99980605872541795     
                  197  0.99988362620737814     
                  198  0.99988362620737814     
                  199  0.99996120572603486     
                  200   1.0000000000000000     
