                    1  0.31741999999999998     
                    2  0.31741999999999998     
                    3  0.56118949117782257     
                    4  0.76497806911842681     
                    5  0.88672235103500296     
                    6  0.94532134135445822     
                    7  0.97210057268857375     
                    8  0.98375999504121991     
                    9  0.98952553151692746     
                   10  0.99227859576729505     
                   11  0.99342764146219331     
                   12  0.99429896003007145     
                   13  0.99485990095906729     
                   14  0.99532783543946568     
                   15  0.99560880747757352     
                   16  0.99598368371509260     
                   17  0.99632756834803349     
                   18  0.99651524189244345     
                   19  0.99685949375039251     
                   20  0.99704736775976877     
                   21  0.99720398353806039     
                   22  0.99729797662435593     
                   23  0.99736064852636208     
                   24  0.99742332830568126     
                   25  0.99764276958858467     
                   26  0.99779957248836915     
                   27  0.99786230745048732     
                   28  0.99795642468638979     
                   29  0.99801917937431217     
                   30  0.99820749080159754     
                   31  0.99836447128389005     
                   32  0.99849009122365529     
                   33  0.99852150114819593     
                   34  0.99855291304894933     
                   35  0.99861574277984022     
                   36  0.99867858041782032     
                   37  0.99871000220243522     
                   38  0.99874142596438231     
                   39  0.99874142596438231     
                   40  0.99874142596438231     
                   41  0.99877285170384822     
                   42  0.99880427942101946     
                   43  0.99886714078922523     
                   44  0.99889857444063312     
                   45  0.99889857444063312     
                   46  0.99889857444063312     
                   47  0.99893001007049342     
                   48  0.99893001007049342     
                   49  0.99893001007049342     
                   50  0.99893001007049342     
                   51  0.99896144767899286     
                   52  0.99899288726631841     
                   53  0.99905577237819465     
                   54  0.99905577237819465     
                   55  0.99911866540761729     
                   56  0.99911866540761729     
                   57  0.99911866540761729     
                   58  0.99915011489187577     
                   59  0.99915011489187577     
                   60  0.99918156635608157     
                   61  0.99918156635608157     
                   62  0.99921301980042188     
                   63  0.99921301980042188     
                   64  0.99921301980042188     
                   65  0.99921301980042188     
                   66  0.99921301980042188     
                   67  0.99924447522508342     
                   68  0.99924447522508342     
                   69  0.99924447522508342     
                   70  0.99924447522508342     
                   71  0.99924447522508342     
                   72  0.99924447522508342     
                   73  0.99924447522508342     
                   74  0.99927593263025338     
                   75  0.99927593263025338     
                   76  0.99930739201611885     
                   77  0.99930739201611885     
                   78  0.99930739201611885     
                   79  0.99930739201611885     
                   80  0.99933885338286688     
                   81  0.99933885338286688     
                   82  0.99933885338286688     
                   83  0.99940178205975883     
                   84  0.99940178205975883     
                   85  0.99943324937027711     
                   86  0.99943324937027711     
                   87  0.99943324937027711     
                   88  0.99943324937027711     
                   89  0.99943324937027711     
                   90  0.99943324937027711     
                   91  0.99943324937027711     
                   92  0.99943324937027711     
                   93  0.99943324937027711     
                   94  0.99943324937027711     
                   95  0.99946471866242637     
                   96  0.99946471866242637     
                   97  0.99949618993639400     
                   98  0.99952766319236708     
                   99  0.99952766319236708     
                  100  0.99952766319236708     
                  101  0.99952766319236708     
                  102  0.99952766319236708     
                  103  0.99952766319236708     
                  104  0.99952766319236708     
                  105  0.99952766319236708     
                  106  0.99952766319236708     
                  107  0.99952766319236708     
                  108  0.99952766319236708     
                  109  0.99952766319236708     
                  110  0.99952766319236708     
                  111  0.99952766319236708     
                  112  0.99955913843053279     
                  113  0.99955913843053279     
                  114  0.99959061565107854     
                  115  0.99959061565107854     
                  116  0.99959061565107854     
                  117  0.99959061565107854     
                  118  0.99959061565107854     
                  119  0.99959061565107854     
                  120  0.99959061565107854     
                  121  0.99959061565107854     
                  122  0.99959061565107854     
                  123  0.99962209485419162     
                  124  0.99962209485419162     
                  125  0.99962209485419162     
                  126  0.99962209485419162     
                  127  0.99962209485419162     
                  128  0.99962209485419162     
                  129  0.99962209485419162     
                  130  0.99962209485419162     
                  131  0.99962209485419162     
                  132  0.99962209485419162     
                  133  0.99965357604005922     
                  134  0.99965357604005922     
                  135  0.99965357604005922     
                  136  0.99965357604005922     
                  137  0.99968505920886874     
                  138  0.99968505920886874     
                  139  0.99968505920886874     
                  140  0.99968505920886874     
                  141  0.99968505920886874     
                  142  0.99968505920886874     
                  143  0.99971654436080748     
                  144  0.99971654436080748     
                  145  0.99971654436080748     
                  146  0.99971654436080748     
                  147  0.99971654436080748     
                  148  0.99971654436080748     
                  149  0.99971654436080748     
                  150  0.99974803149606295     
                  151  0.99974803149606295     
                  152  0.99974803149606295     
                  153  0.99974803149606295     
                  154  0.99974803149606295     
                  155  0.99974803149606295     
                  156  0.99974803149606295     
                  157  0.99974803149606295     
                  158  0.99974803149606295     
                  159  0.99974803149606295     
                  160  0.99974803149606295     
                  161  0.99974803149606295     
                  162  0.99974803149606295     
                  163  0.99974803149606295     
                  164  0.99974803149606295     
                  165  0.99974803149606295     
                  166  0.99974803149606295     
                  167  0.99977952061482256     
                  168  0.99977952061482256     
                  169  0.99981101171727349     
                  170  0.99981101171727349     
                  171  0.99981101171727349     
                  172  0.99984250480360348     
                  173  0.99984250480360348     
                  174  0.99984250480360348     
                  175  0.99984250480360348     
                  176  0.99984250480360348     
                  177  0.99984250480360348     
                  178  0.99984250480360348     
                  179  0.99984250480360348     
                  180  0.99984250480360348     
                  181  0.99984250480360348     
                  182  0.99987399987399983     
                  183  0.99987399987399983     
                  184  0.99987399987399983     
                  185  0.99987399987399983     
                  186  0.99990549692865016     
                  187  0.99990549692865016     
                  188  0.99990549692865016     
                  189  0.99990549692865016     
                  190  0.99993699596774188     
                  191  0.99993699596774188     
                  192  0.99996849699146273     
                  193  0.99996849699146273     
                  194   1.0000000000000000     
                  195   1.0000000000000000     
                  196   1.0000000000000000     
                  197   1.0000000000000000     
                  198   1.0000000000000000     
                  199   1.0000000000000000     
                  200   1.0000000000000000     
