   0.0000000000000000       -1.0000000000000000       -1.0000000000000000     
   5.0000000000000003E-002 -0.99762143096546840      -0.90721598707049111     
  0.10000000000000001      -0.99094408299393733      -0.82778667008404450     
  0.15000000000000002      -0.98059773216839774      -0.76022048851332014     
  0.20000000000000001      -0.96714146012032443      -0.70317858591531479     
  0.25000000000000000      -0.95107090643017633      -0.65545975328245709     
  0.29999999999999999      -0.93282480526940925      -0.61598683082461714     
  0.34999999999999998      -0.91279087564601735      -0.58379442814539217     
  0.39999999999999997      -0.89131112795405698      -0.55801783616316458     
  0.44999999999999996      -0.86868664350294744      -0.53788301623765167     
  0.49999999999999994      -0.84518187825382451      -0.52269756291761782     
  0.54999999999999993      -0.82102853706289391      -0.51184254663518569     
  0.59999999999999998      -0.79642906027585070      -0.50476515163635138     
  0.65000000000000002      -0.77155976048801955      -0.50097203254599310     
  0.70000000000000007      -0.74657364364121248      -0.50002332030039387     
  0.75000000000000011      -0.72160294533359948      -0.50152721481483020     
  0.80000000000000016      -0.69676141023978777      -0.50513510775486770     
  0.85000000000000020      -0.67214633984471861      -0.51053718420801597     
  0.90000000000000024      -0.64784043125961155      -0.51745845696197490     
  0.95000000000000029      -0.62391342768636726      -0.52565519153626772     
   1.0000000000000002      -0.60042359910627185      -0.53491168413034074     
   1.0500000000000003      -0.57741906996932868      -0.54503735828365318     
   1.1000000000000003      -0.55493900903382509      -0.55586414932850881     
   1.1500000000000004      -0.53301469503530252      -0.56724414868750106     
   1.2000000000000004      -0.51167047053499148      -0.57904748275442097     
   1.2500000000000004      -0.49092459509648112      -0.59116040352741739     
   1.3000000000000005      -0.47079000785369118      -0.60348357036064271     
   1.3500000000000005      -0.45127500855203317      -0.61593050418771667     
   1.4000000000000006      -0.43238386525799477      -0.62842619736722316     
   1.4500000000000006      -0.41411735613118794      -0.64090586392521931     
   1.5000000000000007      -0.39647325192899552      -0.65331381643886832     
   1.5500000000000007      -0.37944674525992805      -0.66560245713362964     
   1.6000000000000008      -0.36303083201094433      -0.67773137196742184     
   1.6500000000000008      -0.34721664984026801      -0.68966651756097197     
   1.7000000000000008      -0.33199377814514297      -0.70137949181518300     
   1.7500000000000009      -0.31735050347857141      -0.71284687994374696     
   1.8000000000000009      -0.30327405399588037      -0.72404966845141228     
   1.8500000000000010      -0.28975080615691562      -0.73497272031342376     
   1.9000000000000010      -0.27676646658910420      -0.74560430526706134     
   1.9500000000000011      -0.26430623172722245      -0.75593567971858189     
   2.0000000000000009      -0.25235492758449107      -0.76596071130424315     
   2.0500000000000007      -0.24089713177384708      -0.77567554362791424     
   2.1000000000000005      -0.22991727968548603      -0.78507829713499167     
   2.1500000000000004      -0.21939975653479304      -0.79416880247740806     
   2.2000000000000002      -0.20932897682159934      -0.80294836308146911     
   2.2500000000000000      -0.19968945258548643      -0.81141954395275595     
   2.2999999999999998      -0.19046585170097396      -0.81958598404365968     
   2.3499999999999996      -0.18164304732940351      -0.82745222977229238     
   2.3999999999999995      -0.17320615952980511      -0.83502358751921490     
   2.4499999999999993      -0.16514058992781677      -0.84230599314310761     
   2.4999999999999991      -0.15743205024871221      -0.84930589675037327     
   2.5499999999999989      -0.15006658543679074      -0.85603016112872488     
   2.5999999999999988      -0.14303059200790724      -0.86248597241285363     
   2.6499999999999986      -0.13631083221394913      -0.86868076169296105     
   2.6999999999999984      -0.12989444453688703      -0.87462213640572561     
   2.7499999999999982      -0.12376895097495133      -0.88031782046351281     
   2.7999999999999980      -0.11792226153395313      -0.88577560218252971     
   2.8499999999999979      -0.11234267629220596      -0.89100328916526539     
   2.8999999999999977      -0.10701888536743887      -0.89600866937793699     
   2.9499999999999975      -0.10193996707809660      -0.90079947774067171     
   2.9999999999999973       -9.7095384559061748E-002 -0.90538336761760463     
   3.0499999999999972       -9.2474981062796391E-002 -0.90976788665668951     
   3.0999999999999970       -8.8068974150820045E-002 -0.91396045648547564     
   3.1499999999999968       -8.3867948957051741E-002 -0.91796835581997716     
   3.1999999999999966       -7.9862850683558806E-002 -0.92179870658961516     
   3.2499999999999964       -7.6044976470466707E-002 -0.92545846272251087     
   3.2999999999999963       -7.2405966764932272E-002 -0.92895440127261553     
   3.3499999999999961       -6.8937796299016862E-002 -0.93229311560365669     
   3.3999999999999959       -6.5632764772807550E-002 -0.93548101037503717     
   3.4499999999999957       -6.2483487327087528E-002 -0.93852429810196092     
   3.4999999999999956       -5.9482884879082709E-002 -0.94142899708647176     
   3.5499999999999954       -5.6624174385213166E-002 -0.94420093053805265     
   3.5999999999999952       -5.3900859086208563E-002 -0.94684572672216794     
   3.6499999999999950       -5.1306718782316962E-002 -0.94936881999287670     
   3.6999999999999948       -4.8835800179549360E-002 -0.95177545258158014     
   3.7499999999999947       -4.6482407341870591E-002 -0.95407067702827719     
   3.7999999999999945       -4.4241092278890948E-002 -0.95625935915454985     
   3.8499999999999943       -4.2106645693867906E-002 -0.95834618148901907     
   3.8999999999999941       -4.0074087912629341E-002 -0.96033564706635055     
   3.9499999999999940       -3.8138660010314962E-002 -0.96223208353014411     
   3.9999999999999938       -3.6295815149566146E-002 -0.96403964747833648     
   4.0499999999999936       -3.4541210140908274E-002 -0.96576232899717052     
   4.0999999999999934       -3.2870697233550517E-002 -0.96740395633642162     
   4.1499999999999932       -3.1280316142601294E-002 -0.96896820068450673     
   4.1999999999999931       -2.9766286316776802E-002 -0.97045858100740212     
   4.2499999999999929       -2.8324999448988031E-002 -0.97187846892002261     
   4.2999999999999927       -2.6953012230734430E-002 -0.97323109356293314     
   4.3499999999999925       -2.5647039349972367E-002 -0.97451954646101535     
   4.3999999999999924       -2.4403946731041626E-002 -0.97574678634405387     
   4.4499999999999922       -2.3220745014308930E-002 -0.97691564391217300     
   4.4999999999999920       -2.2094583272398105E-002 -0.97802882653168854     
   4.5499999999999918       -2.1022742959215357E-002 -0.97908892284927473     
   4.5999999999999917       -2.0002632087430139E-002 -0.98009840731440689     
   4.6499999999999915       -1.9031779629609002E-002 -0.98105964460186912     
   4.6999999999999913       -1.8107830137835124E-002 -0.98197489392772153     
   4.7499999999999911       -1.7228538576353647E-002 -0.98284631325353400     
   4.7999999999999909       -1.6391765361549404E-002 -0.98367596337494145     
   4.8499999999999908       -1.5595471603398470E-002 -0.98446581189165472     
   4.8999999999999906       -1.4837714542416558E-002 -0.98521773705701554     
   4.9499999999999904       -1.4116643176048327E-002 -0.98593353150600793     
   4.9999999999999902       -1.3430494068408683E-002 -0.98661490586135392     
