  0.000000000000000E+000  0.847000000000000     
  2.441406250000000E-003  0.737401992076386     
  4.882812500000000E-003  0.912885689004558     
  7.324218750000000E-003  0.565859635593144     
  9.765625000000000E-003   1.02828049598185     
  1.220703125000000E-002  0.200892179033989     
  1.464843750000000E-002  0.620134681817741     
  1.708984375000000E-002   1.00012041428311     
  1.953125000000000E-002  0.270759281488987     
  2.197265625000000E-002  0.769763839044074     
  2.441406250000000E-002  0.832172426342693     
  2.685546875000000E-002  0.717869116571413     
  2.929687500000000E-002  0.912380731548164     
  3.173828125000000E-002  0.538804387181178     
  3.417968750000000E-002   1.03201746289851     
  3.662109375000000E-002  0.196946829330624     
  3.906250000000000E-002  0.616006989389188     
  4.150390625000000E-002   1.02964712170936     
  4.394531250000000E-002  0.254584598071673     
  4.638671875000000E-002  0.748798466908687     
  4.882812500000000E-002  0.935086065119169     
  5.126953125000000E-002  0.585344709046302     
  5.371093750000000E-002   1.07144969134553     
  5.615234375000000E-002  0.211161656286621     
  5.859375000000000E-002  0.655815793892846     
  6.103515625000000E-002   1.06174044284004     
  6.347656250000000E-002  0.289831402124225     
  6.591796875000000E-002  0.824714814188348     
  6.835937500000000E-002  0.886002158380840     
  7.080078125000000E-002  0.774443548946714     
  7.324218750000000E-002  0.961947585685773     
  7.568359375000000E-002  0.597026897021311     
  7.812500000000000E-002   1.08613582280470     
  8.056640625000000E-002  0.211851365391480     
  8.300781250000000E-002  0.652558623116026     
  8.544921875000000E-002   1.04919554166067     
  8.789062500000000E-002  0.281797062143198     
  9.033203125000000E-002  0.796359262973767     
  9.277343750000000E-002  0.857346311506616     
  9.521484375000000E-002  0.726586407015101     
  9.765625000000000E-002  0.924444551791173     
  0.100097656250000       0.522754994599170     
  0.102539062500000        1.01450490107599     
  0.104980468750000       0.194460227278865     
  0.107421875000000       0.598395540678399     
  0.109863281250000       0.971749207340596     
  0.112304687500000       0.250342517886458     
  0.114746093750000       0.716971322178727     
  0.117187500000000       0.822727604083650     
  0.119628906250000       0.612714452136955     
  0.122070312500000       0.927852375804596     
  0.124511718750000       0.311314457581132     
  0.126953125000000       0.821173002332018     
  0.129394531250000       0.602675752131281     
  0.131835937500000       0.939376749047629     
  0.134277343750000       0.292942784548927     
  0.136718750000000       0.801111607458329     
  0.139160156250000       0.692516292742714     
  0.141601562500000       0.891654970421417     
  0.144042968750000       0.521510963639646     
  0.146484375000000        1.01975489552525     
  0.148925781250000       0.197184545142954     
  0.151367187500000       0.620418170585459     
  0.153808593750000        1.03840326556208     
  0.156250000000000       0.263169033384368     
  0.158691406250000       0.774916899966198     
  0.161132812500000       0.949589313737224     
  0.163574218750000       0.636490856109388     
  0.166015625000000        1.10474893910932     
  0.168457031250000       0.248099359859215     
  0.170898437500000       0.750652747231739     
  0.173339843750000        1.06302687558249     
  0.175781250000000       0.461918433392753     
  0.178222656250000        1.08600423819422     
  0.180664062500000       0.420696830910506     
  0.183105468750000        1.04335965046335     
  0.185546875000000       0.548299215173876     
  0.187988281250000        1.13512665918872     
  0.190429687500000       0.249998317958995     
  0.192871093750000       0.747193607078255     
  0.195312500000000        1.05093324892284     
  0.197753906250000       0.440000100621021     
  0.200195312500000        1.03289104123434     
  0.202636718750000       0.421986252744650     
  0.205078125000000       0.999767758271330     
  0.207519531250000       0.433817555342451     
  0.209960937500000       0.992915749305386     
  0.212402343750000       0.360010488010639     
  0.214843750000000       0.899902671774788     
  0.217285156250000       0.528435706137317     
  0.219726562500000       0.984811582544190     
  0.222167968750000       0.184664432417399     
  0.224609375000000       0.567774242270440     
  0.227050781250000       0.933685034556864     
  0.229492187500000       0.227460058923525     
  0.231933593750000       0.660112705149659     
  0.234375000000000       0.814825057579936     
  0.236816406250000       0.505709119950273     
  0.239257812500000       0.919114855057403     
  0.241699218750000       0.180556967595866     
  0.244140625000000       0.560048985052830     
  0.246582031250000       0.907640389303605     
  0.249023437500000       0.249510987248045     
  0.251464843750000       0.714716680475193     
  0.253906250000000       0.772687940754713     
  0.256347656250000       0.689120080487774     
  0.258789062500000       0.859191049108021     
  0.261230468750000       0.558026159583148     
  0.263671875000000        1.00806936430955     
  0.266113281250000       0.209852844578883     
  0.268554687500000       0.653453204296719     
  0.270996093750000        1.02526167570864     
  0.273437500000000       0.329893423321407     
  0.275878906250000       0.902968723810995     
  0.278320312500000       0.755055688346567     
  0.280761718750000        1.02984253765434     
  0.283203125000000       0.517057818136927     
  0.285644531250000        1.12824428964158     
  0.288085937500000       0.293258889360098     
  0.290527343750000       0.852293072788069     
  0.292968750000000       0.996997595024465     
  0.295410156250000       0.731472950085834     
  0.297851562500000        1.13890411040003     
  0.300292968750000       0.351337240528743     
  0.302734375000000       0.953655731232074     
  0.305175781250000       0.821729769056058     
  0.307617187500000        1.02835289125807     
  0.310058593750000       0.611887416359525     
  0.312500000000000        1.13891917498518     
  0.314941406250000       0.214364140636213     
  0.317382812500000       0.658699976295373     
  0.319824218750000        1.07858885463207     
  0.322265625000000       0.262684166933868     
  0.324707031250000       0.755356392443717     
  0.327148437500000       0.916653967104587     
  0.329589843750000       0.571627411257630     
  0.332031250000000        1.00780033651680     
  0.334472656250000       0.199836633900274     
  0.336914062500000       0.604933257884079     
  0.339355468750000       0.935978925507581     
  0.341796875000000       0.276010453698068     
  0.344238281250000       0.751114978388744     
  0.346679687500000       0.683210861279623     
  0.349121093750000       0.781442365149411     
  0.351562500000000       0.581313522946002     
  0.354003906250000       0.878743151499140     
  0.356445312500000       0.295767645642816     
  0.358886718750000       0.780023742885404     
  0.361328125000000       0.569868418060337     
  0.363769531250000       0.896919290054977     
  0.366210937500000       0.273811877115254     
  0.368652343750000       0.758272078962735     
  0.371093750000000       0.688749471162388     
  0.373535156250000       0.833918739885590     
  0.375976562500000       0.581422087378719     
  0.378417968750000       0.980301011060103     
  0.380859375000000       0.246215691950975     
  0.383300781250000       0.730794908386688     
  0.385742187500000       0.915726669970570     
  0.388183593750000       0.589741859415146     
  0.390625000000000        1.07264145124740     
  0.393066406250000       0.219282443757261     
  0.395507812500000       0.682900188499865     
  0.397949218750000        1.08433198001821     
  0.400390625000000       0.327811792138997     
  0.402832031250000       0.910214729266771     
  0.405273437500000       0.840356015390666     
  0.407714843750000       0.977588543923796     
  0.410156250000000       0.728240182829470     
  0.412597656250000        1.11692665114909     
  0.415039062500000       0.364685498331983     
  0.417480468750000       0.970875982081347     
  0.419921875000000       0.751969261415086     
  0.422363281250000        1.08601481522824     
  0.424804687500000       0.422430082710923     
  0.427246093750000        1.03352037953348     
  0.429687500000000       0.522370750145032     
  0.432128906250000        1.09712324033845     
  0.434570312500000       0.259562003893643     
  0.437011718750000       0.755999271099598     
  0.439453125000000       0.961709636825414     
  0.441894531250000       0.535417570034139     
  0.444335937500000        1.04332452980768     
  0.446777343750000       0.201370345196551     
  0.449218750000000       0.615259245619867     
  0.451660156250000       0.983363456120744     
  0.454101562500000       0.261897404814812     
  0.456542968750000       0.738241194767151     
  0.458984375000000       0.797301002260890     
  0.461425781250000       0.669056830276486     
  0.463867187500000       0.865021254935776     
  0.466308593750000       0.472249962688845     
  0.468750000000000       0.949393158247713     
  0.471191406250000       0.193015508583880     
  0.473632812500000       0.592459993389791     
  0.476074218750000       0.922751289365193     
  0.478515625000000       0.286875904011662     
  0.480957031250000       0.784216232362874     
  0.483398437500000       0.679634971690687     
  0.485839843750000       0.869807038578830     
  0.488281250000000       0.515225909884435     
  0.490722656250000       0.995406734309757     
  0.493164062500000       0.191233102051832     
  0.495605468750000       0.601634161010831     
  0.498046875000000        1.01080168334270     
  0.500488281250000       0.251674298389299     
  0.502929687500000       0.743487221586528     
  0.505371093750000       0.930398152625525     
  0.507812500000000       0.588137260445972     
  0.510253906250000        1.07452947662815     
  0.512695312500000       0.214070522792233     
  0.515136718750000       0.665229059061903     
  0.517578125000000        1.07041829571764     
  0.520019531250000       0.300678627755564     
  0.522460937500000       0.849150830499987     
  0.524902343750000       0.874517977885109     
  0.527343750000000       0.831987421557204     
  0.529785156250000       0.907675006037270     
  0.532226562500000       0.764930130874046     
  0.534667968750000       0.996003884607710     
  0.537109375000000       0.539690358715033     
  0.539550781250000        1.09068497730628     
  0.541992187500000       0.224411723257641     
  0.544433593750000       0.682170622375217     
  0.546875000000000        1.03639344315365     
  0.549316406250000       0.337671516324835     
  0.551757812500000       0.892659393226492     
  0.554199218750000       0.682435190565464     
  0.556640625000000       0.994820225857451     
  0.559082031250000       0.372614043381133     
  0.561523437500000       0.929366050017333     
  0.563964843750000       0.518934465869026     
  0.566406250000000        1.02306130839148     
  0.568847656250000       0.200295690246250     
  0.571289062500000       0.616986844289282     
  0.573730468750000       0.990341042569151     
  0.576171875000000       0.271205962276456     
  0.578613281250000       0.767484746249287     
  0.581054687500000       0.813376721472805     
  0.583496093750000       0.729122837059812     
  0.585937500000000       0.875203793432370     
  0.588378906250000       0.598308607074646     
  0.590820312500000        1.00405418024462     
  0.593261718750000       0.243190518889468     
  0.595703125000000       0.717967613102435     
  0.598144531250000       0.918250377814891     
  0.600585937500000       0.536951623622020     
  0.603027343750000        1.03890698633903     
  0.605468750000000       0.198964415495589     
  0.607910156250000       0.621637752872684     
  0.610351562500000        1.03469988719763     
  0.612792968750000       0.257937018015152     
  0.615234375000000       0.754721571180397     
  0.617675781250000       0.927074083860832     
  0.620117187500000       0.598885861952093     
  0.622558593750000        1.05828264816686     
  0.625000000000000       0.220361748688536     
  0.627441406250000       0.672386825528149     
  0.629882812500000        1.01956197895401     
  0.632324218750000       0.341997074229804     
  0.634765625000000       0.899455738473239     
  0.637207031250000       0.656358444470722     
  0.639648437500000        1.01697905389677     
  0.642089843750000       0.313349175713774     
  0.644531250000000       0.848980425818696     
  0.646972656250000       0.729604309014999     
  0.649414062500000       0.919146561796995     
  0.651855468750000       0.542626847792565     
  0.654296875000000        1.02595133739249     
  0.656738281250000       0.194188493874096     
  0.659179687500000       0.602660905204605     
  0.661621093750000       0.999951701689920     
  0.664062500000000       0.245121481503969     
  0.666503906250000       0.716311601013664     
  0.668945312500000       0.890593165260194     
  0.671386718750000       0.552265327114694     
  0.673828125000000        1.01069792439701     
  0.676269531250000       0.197599984577420     
  0.678710937500000       0.613560567140553     
  0.681152343750000       0.998590378776864     
  0.683593750000000       0.268237485498372     
  0.686035156250000       0.769765307204232     
  0.688476562500000       0.853455090940774     
  0.690917968750000       0.709349280608681     
  0.693359375000000       0.959110632771609     
  0.695800781250000       0.482656253743283     
  0.698242187500000        1.04496086831512     
  0.700683593750000       0.265827895830725     
  0.703125000000000       0.776896769483395     
  0.705566406250000       0.935888763222286     
  0.708007812500000       0.643579010368248     
  0.710449218750000        1.07960057190529     
  0.712890625000000       0.263787169770545     
  0.715332031250000       0.776755632900170     
  0.717773437500000       0.981499971556970     
  0.720214843750000       0.588714126352627     
  0.722656250000000        1.10874879067763     
  0.725097656250000       0.210826331894373     
  0.727539062500000       0.655041493287385     
  0.729980468750000        1.08501191015034     
  0.732421875000000       0.266703991982928     
  0.734863281250000       0.775376105803711     
  0.737304687500000       0.952464597337313     
  0.739746093750000       0.596100142653557     
  0.742187500000000        1.06510217524112     
  0.744628906250000       0.210760167655240     
  0.747070312500000       0.643127553550505     
  0.749511718750000        1.00908599254966     
  0.751953125000000       0.288821531813513     
  0.754394531250000       0.795837264191987     
  0.756835937500000       0.765960896336389     
  0.759277343750000       0.796314047594246     
  0.761718750000000       0.719472202268427     
  0.764160156250000       0.831378385426085     
  0.766601562500000       0.601410338006530     
  0.769042968750000       0.932556565240548     
  0.771484375000000       0.282823645738398     
  0.773925781250000       0.770362099664396     
  0.776367187500000       0.681106248359671     
  0.778808593750000       0.829144041228793     
  0.781250000000000       0.543898240087985     
  0.783691406250000       0.949043409696736     
  0.786132812500000       0.205701045800703     
  0.788574218750000       0.626623862851619     
  0.791015625000000       0.921988233852550     
  0.793457031250000       0.357248737378347     
  0.795898437500000       0.898512456613170     
  0.798339843750000       0.487675051288293     
  0.800781250000000        1.01172268890488     
  0.803222656250000       0.217508455437878     
  0.805664062500000       0.669707024884431     
  0.808105468750000        1.00871639543532     
  0.810546875000000       0.369077475881776     
  0.812988281250000       0.956231386889736     
  0.815429687500000       0.603130237332715     
  0.817871093750000        1.11034768622692     
  0.820312500000000       0.220263889883669     
  0.822753906250000       0.687379747870183     
  0.825195312500000        1.11664799025746     
  0.827636718750000       0.306786015363155     
  0.830078125000000       0.874574642843011     
  0.832519531250000       0.937185154835564     
  0.834960937500000       0.827705920176290     
  0.837402343750000        1.01496306467252     
  0.839843750000000       0.651837271618893     
  0.842285156250000        1.14859636794194     
  0.844726562500000       0.236722651392078     
  0.847167968750000       0.718142191435143     
  0.849609375000000        1.08570148017797     
  0.852050781250000       0.355215310358518     
  0.854492187500000       0.931566662735351     
  0.856933593750000       0.696467362540648     
  0.859375000000000        1.02739780158341     
  0.861816406250000       0.357764865057885     
  0.864257812500000       0.909677056033768     
  0.866699218750000       0.586652857425746     
  0.869140625000000        1.00459734304072     
  0.871582031250000       0.213318128142264     
  0.874023437500000       0.635987654052203     
  0.876464843750000       0.915258058903453     
  0.878906250000000       0.346528481939450     
  0.881347656250000       0.852418671010720     
  0.883789062500000       0.453294201712580     
  0.886230468750000       0.920285145357066     
  0.888671875000000       0.193577564093569     
  0.891113281250000       0.586286664643570     
  0.893554687500000       0.872718292756668     
  0.895996093750000       0.312236035448429     
  0.898437500000000       0.804983400325142     
  0.900878906250000       0.516692130862247     
  0.903320312500000       0.928145971030225     
  0.905761718750000       0.191145864601562     
  0.908203125000000       0.593162936948874     
  0.910644531250000       0.932582533860482     
  0.913085937500000       0.294843536776079     
  0.915527343750000       0.812534024297129     
  0.917968750000000       0.702957594617910     
  0.920410156250000       0.922015277647367     
  0.922851562500000       0.526950673330790     
  0.925292968750000        1.06063393176170     
  0.927734375000000       0.211648296974380     
  0.930175781250000       0.664433207988369     
  0.932617187500000        1.08590794444013     
  0.935058593750000       0.300602242974828     
  0.937500000000000       0.862467927906657     
  0.939941406250000       0.929113933304522     
  0.942382812500000       0.828786891526754     
  0.944824218750000        1.01861375138509     
  0.947265625000000       0.666298628447425     
  0.949707031250000        1.16925036556901     
  0.952148437500000       0.248724371084039     
  0.954589843750000       0.754726360604983     
  0.957031250000000        1.11671840677747     
  0.959472656250000       0.403450289388560     
  0.961914062500000        1.02286998591366     
  0.964355468750000       0.624250387081340     
  0.966796875000000        1.13722837500434     
  0.969238281250000       0.217635017580619     
  0.971679687500000       0.666457295357146     
  0.974121093750000        1.07414337391196     
  0.976562500000000       0.275703597936790     
  0.979003906250000       0.781126932868401     
  0.981445312500000       0.881035206461064     
  0.983886718750000       0.657231775846329     
  0.986328125000000       0.965933152017137     
  0.988769531250000       0.337639598108874     
  0.991210937500000       0.856973018583961     
  0.993652343750000       0.547482436143127     
  0.996093750000000       0.950083769081692     
  0.998535156250000       0.197518639302901     
   1.00097656250000       0.595848484686722     
   1.00341796875000       0.888129466460371     
   1.00585937500000       0.308052458196163     
   1.00830078125000       0.797495494035452     
   1.01074218750000       0.538129164522011     
   1.01318359375000       0.911009245345880     
   1.01562500000000       0.214072650443387     
   1.01806640625000       0.638676971648010     
   1.02050781250000       0.853091820682559     
   1.02294921875000       0.448559731252217     
   1.02539062500000       0.949408913404002     
   1.02783203125000       0.218354318592978     
   1.03027343750000       0.661541856130230     
   1.03271484375000       0.922805098455368     
   1.03515625000000       0.436007508619365     
   1.03759765625000       0.994672073097275     
   1.04003906250000       0.313773264146966     
   1.04248046875000       0.864341887237130     
   1.04492187500000       0.749163061718478     
   1.04736328125000       0.973001644216318     
   1.04980468750000       0.562925451738584     
   1.05224609375000        1.11194262794567     
   1.05468750000000       0.216566637509107     
   1.05712890625000       0.677577178457632     
   1.05957031250000        1.11814268999946     
   1.06201171875000       0.289626457467109     
   1.06445312500000       0.838813665407594     
   1.06689453125000       0.977897155040142     
   1.06933593750000       0.715530169469803     
   1.07177734375000        1.11069478828138     
   1.07421875000000       0.342262541034268     
   1.07666015625000       0.926887076451360     
   1.07910156250000       0.795766114588545     
   1.08154296875000       0.998294779522144     
   1.08398437500000       0.588736940195191     
   1.08642578125000        1.10426614286120     
   1.08886718750000       0.207693416038140     
   1.09130859375000       0.639661280158694     
   1.09375000000000        1.05204862570817     
   1.09619140625000       0.255613359645890     
   1.09863281250000       0.739214047698143     
   1.10107421875000       0.908352548521765     
   1.10351562500000       0.558138504067415     
   1.10595703125000        1.00770300192789     
   1.10839843750000       0.195226863740031     
   1.11083984375000       0.598851378235471     
   1.11328125000000       0.961217669727852     
   1.11572265625000       0.257660030962231     
   1.11816406250000       0.730040347897073     
   1.12060546875000       0.791448529042786     
   1.12304687500000       0.670920934189876     
   1.12548828125000       0.867576738788420     
   1.12792968750000       0.484231604641177     
   1.13037109375000       0.967033736587085     
   1.13281250000000       0.192676229434899     
   1.13525390625000       0.597430654078410     
   1.13769531250000       0.958472275888179     
   1.14013671875000       0.273427024850439     
   1.14257812500000       0.772565238148581     
   1.14501953125000       0.784260145911042     
   1.14746093750000       0.781388590011992     
   1.14990234375000       0.805664835887008     
   1.15234375000000       0.780810685596438     
   1.15478515625000       0.844371304424478     
   1.15722656250000       0.745069191233174     
   1.15966796875000       0.931136338665502     
   1.16210937500000       0.586409594235581     
   1.16455078125000        1.07089724185478     
   1.16699218750000       0.212421812223628     
   1.16943359375000       0.659246317969152     
   1.17187500000000        1.06153599635366     
   1.17431640625000       0.295249112827919     
   1.17675781250000       0.834840218768497     
   1.17919921875000       0.870214348592453     
   1.18164062500000       0.806266433896556     
   1.18408203125000       0.915798044029952     
   1.18652343750000       0.705441484127813     
   1.18896484375000        1.02892007170199     
   1.19140625000000       0.390908536263848     
   1.19384765625000       0.971928684803229     
   1.19628906250000       0.528143855898179     
   1.19873046875000        1.06345919299367     
   1.20117187500000       0.217168814591232     
   1.20361328125000       0.661473143362925     
   1.20605468750000        1.01360896212003     
   1.20849609375000       0.321950077764350     
   1.21093750000000       0.861440301784606     
   1.21337890625000       0.696452457799992     
   1.21582031250000       0.952802141630557     
   1.21826171875000       0.443610867503122     
   1.22070312500000       0.992302800437846     
   1.22314453125000       0.304668112551718     
   1.22558593750000       0.829335554556805     
   1.22802734375000       0.722447638340318     
   1.23046875000000       0.901605349493328     
   1.23291015625000       0.555492659961521     
   1.23535156250000        1.02373858549965     
   1.23779296875000       0.198658179843833     
   1.24023437500000       0.617916956838082     
   1.24267578125000        1.01308881960161     
   1.24511718750000       0.264992676559589     
   1.24755859375000       0.765414528435346     
   1.25000000000000       0.880223472374431     
   1.25244140625000       0.670886643503923     
   1.25488281250000        1.00428919831889     
   1.25732421875000       0.359775352607821     
   1.25976562500000       0.927866781215885     
   1.26220703125000       0.595537065944154     
   1.26464843750000        1.06079763765919     
   1.26708984375000       0.217852477776450     
   1.26953125000000       0.667878373613958     
   1.27197265625000        1.03031052655253     
   1.27441406250000       0.327423924261769     
   1.27685546875000       0.880639546834673     
   1.27929687500000       0.719556071045240     
   1.28173828125000       0.975482815458712     
   1.28417968750000       0.469019274029643     
   1.28662109375000        1.02764335453962     
   1.28906250000000       0.286226673362892     
   1.29150390625000       0.801884686849445     
   1.29394531250000       0.819729234366276     
   1.29638671875000       0.775519136445049     
   1.29882812500000       0.840934748379630     
   1.30126953125000       0.707298004416726     
   1.30371093750000       0.915888686844238     
   1.30615234375000       0.499463033825685     
   1.30859375000000        1.00345092546131     
   1.31103515625000       0.203833502855045     
   1.31347656250000       0.623192571396278     
   1.31591796875000       0.964600017138635     
   1.31835937500000       0.300184005404687     
   1.32080078125000       0.814162559099283     
   1.32324218750000       0.693357304681753     
   1.32568359375000       0.896384643527410     
   1.32812500000000       0.504823585300337     
   1.33056640625000        1.00423200875914     
   1.33300781250000       0.198440893575403     
   1.33544921875000       0.617049794342756     
   1.33789062500000       0.999766433546186     
   1.34033203125000       0.276297975497247     
   1.34277343750000       0.788813901721302     
   1.34521484375000       0.842988012008722     
   1.34765625000000       0.761414724718536     
   1.35009765625000       0.920444259410177     
   1.35253906250000       0.632861618887412     
   1.35498046875000        1.06790498683888     
   1.35742187500000       0.259467461360730     
   1.35986328125000       0.768684639606893     
   1.36230468750000       0.986595556284053     
   1.36474609375000       0.575356544012687     
   1.36718750000000        1.11666377556346     
   1.36962890625000       0.214037898360525     
   1.37207031250000       0.667191955177392     
   1.37451171875000        1.10544227680918     
   1.37695312500000       0.276064289217771     
   1.37939453125000       0.802798695092818     
   1.38183593750000       0.973432975652238     
   1.38427734375000       0.637223469414587     
   1.38671875000000        1.09859098456794     
   1.38916015625000       0.237421720100762     
   1.39160156250000       0.711358476207395     
   1.39404296875000        1.01883855263942     
   1.39648437500000       0.400125428082480     
   1.39892578125000       0.969703246573934     
   1.40136718750000       0.472052601422924     
   1.40380859375000        1.01282635805186     
   1.40625000000000       0.263755321907898     
   1.40869140625000       0.747258936842743     
   1.41113281250000       0.831916025735668     
   1.41357421875000       0.648109995568375     
   1.41601562500000       0.914580534381551     
   1.41845703125000       0.375178080586505     
   1.42089843750000       0.891717046472203     
   1.42333984375000       0.387231762681661     
   1.42578125000000       0.896851476820308     
   1.42822265625000       0.334288434531501     
   1.43066406250000       0.840073731918599     
   1.43310546875000       0.480529467478244     
   1.43554687500000       0.940512749122489     
   1.43798828125000       0.182096437048960     
   1.44042968750000       0.568589387193396     
   1.44287109375000       0.939867550721454     
   1.44531250000000       0.244166412003040     
   1.44775390625000       0.712829460405234     
   1.45019531250000       0.841575775396192     
   1.45263671875000       0.620721709473302     
   1.45507812500000       0.984017875472879     
   1.45751953125000       0.302652097442444     
   1.45996093750000       0.841339953056693     
   1.46240234375000       0.764188536563349     
   1.46484375000000       0.929851391145214     
   1.46728515625000       0.641563636615457     
   1.46972656250000        1.08994106164111     
   1.47216796875000       0.264443130594311     
   1.47460937500000       0.787697375969210     
   1.47705078125000        1.02206043004905     
   1.47949218750000       0.585257385446755     
   1.48193359375000        1.15711946633444     
   1.48437500000000       0.225721920451477     
   1.48681640625000       0.701926881946841     
   1.48925781250000        1.14566573159824     
   1.49169921875000       0.301025267417900     
   1.49414062500000       0.861946279735732     
   1.49658203125000       0.970927124270979     
   1.49902343750000       0.753868667102216     
   1.50146484375000        1.07866806517401     
   1.50390625000000       0.427261695407833     
   1.50634765625000        1.03143132499287     
   1.50878906250000       0.491229521917971     
   1.51123046875000        1.06630239996832     
   1.51367187500000       0.294415477514005     
   1.51611328125000       0.815753960235331     
   1.51855468750000       0.822951730884416     
   1.52099609375000       0.773478290280194     
   1.52343750000000       0.823473246188735     
   1.52587890625000       0.695743941408055     
   1.52832031250000       0.872865743191757     
   1.53076171875000       0.500073891456777     
   1.53320312500000       0.951424285836563     
   1.53564453125000       0.179362364647234     
   1.53808593750000       0.552295367875754     
   1.54052734375000       0.907665940766451     
   1.54296875000000       0.224554805102764     
   1.54541015625000       0.652326190349790     
   1.54785156250000       0.796293965902583     
   1.55029296875000       0.517569256260833     
   1.55273437500000       0.911343296996696     
   1.55517578125000       0.193624176481310     
   1.55761718750000       0.593902381394832     
   1.56005859375000       0.896693977973687     
   1.56250000000000       0.321782437301109     
   1.56494140625000       0.841091831353268     
   1.56738281250000       0.555156836103483     
   1.56982421875000       0.987977716060551     
   1.57226562500000       0.212893376431884     
   1.57470703125000       0.657966160208653     
   1.57714843750000       0.995708973403768     
   1.57958984375000       0.363892696205376     
   1.58203125000000       0.947557206481544     
   1.58447265625000       0.605669380822515     
   1.58691406250000        1.10783464958033     
   1.58935546875000       0.223583531312761     
   1.59179687500000       0.697046741747741     
   1.59423828125000        1.11799183448298     
   1.59667968750000       0.323658257046872     
   1.59912109375000       0.909158205641781     
   1.60156250000000       0.898945866382411     
   1.60400390625000       0.926970662212201     
   1.60644531250000       0.880856175901329     
   1.60888671875000       0.961929277862258     
   1.61132812500000       0.806246142676714     
   1.61376953125000        1.05269288473504     
   1.61621093750000       0.560148627974706     
   1.61865234375000        1.13958073420855     
   1.62109375000000       0.240265555939991     
   1.62353515625000       0.721311423057254     
   1.62597656250000        1.05493874583191     
   1.62841796875000       0.380458854369152     
   1.63085937500000       0.954165046360615     
   1.63330078125000       0.568913700566376     
   1.63574218750000        1.04545404147204     
   1.63818359375000       0.196740904834092     
   1.64062500000000       0.602553138315278     
   1.64306640625000       0.982186978722492     
   1.64550781250000       0.242295773081588     
   1.64794921875000       0.696255233526399     
   1.65039062500000       0.835011134679197     
   1.65283203125000       0.546275971964776     
   1.65527343750000       0.934213984540208     
   1.65771484375000       0.204729650841590     
   1.66015625000000       0.613432774364670     
   1.66259765625000       0.870585243763784     
   1.66503906250000       0.363564958503513     
   1.66748046875000       0.869450956151275     
   1.66992187500000       0.372927166474334     
   1.67236328125000       0.884949126213134     
   1.67480468750000       0.357342300992841     
   1.67724609375000       0.879319504737973     
   1.67968750000000       0.426023993482006     
   1.68212890625000       0.951959138789097     
   1.68457031250000       0.274800364767075     
   1.68701171875000       0.779191453371758     
   1.68945312500000       0.787179244396734     
   1.69189453125000       0.802860129681493     
   1.69433593750000       0.804840499047116     
   1.69677734375000       0.831556274003668     
   1.69921875000000       0.812259947742798     
   1.70166015625000       0.874905963977586     
   1.70410156250000       0.784955241518227     
   1.70654296875000       0.962587587215640     
   1.70898437500000       0.640187158322121     
   1.71142578125000        1.11426566557472     
   1.71386718750000       0.245803736428887     
   1.71630859375000       0.743950986016694     
   1.71875000000000        1.06804194250908     
   1.72119140625000       0.437313811793774     
   1.72363281250000        1.05478537133852     
   1.72607421875000       0.477107063078326     
   1.72851562500000        1.08585276278288     
   1.73095703125000       0.364193750457638     
   1.73339843750000       0.953489756597611     
   1.73583984375000       0.689000171681259     
   1.73828125000000        1.06961467758600     
   1.74072265625000       0.320784563576017     
   1.74316406250000       0.871467193044917     
   1.74560546875000       0.775800770208903     
   1.74804687500000       0.915569900812728     
   1.75048828125000       0.626376381409048     
   1.75292968750000        1.02398752090862     
   1.75537109375000       0.255342219389593     
   1.75781250000000       0.735235077536941     
   1.76025390625000       0.876824328395277     
   1.76269531250000       0.587856516937200     
   1.76513671875000       0.985835382922651     
   1.76757812500000       0.229948205060183     
   1.77001953125000       0.678227236184925     
   1.77246093750000       0.892774882119485     
   1.77490234375000       0.467972313948685     
   1.77734375000000       0.972380509250504     
   1.77978515625000       0.216242322989497     
   1.78222656250000       0.650780437381026     
   1.78466796875000       0.920327524290993     
   1.78710937500000       0.397054842586899     
   1.78955078125000       0.938078120227787     
   1.79199218750000       0.371494303598947     
   1.79443359375000       0.918904787153512     
   1.79687500000000       0.464240143536327     
   1.79931640625000        1.00250345609156     
   1.80175781250000       0.252251229699743     
   1.80419921875000       0.739942753569790     
   1.80664062500000       0.905963963256866     
   1.80908203125000       0.599813513062663     
   1.81152343750000        1.04587758229429     
   1.81396484375000       0.229109154150989     
   1.81640625000000       0.695217874117936     
   1.81884765625000        1.00779376627304     
   1.82128906250000       0.402812963170672     
   1.82373046875000       0.987435714280893     
   1.82617187500000       0.481744851438380     
   1.82861328125000        1.05432322843622     
   1.83105468750000       0.286907672339546     
   1.83349609375000       0.814272257297502     
   1.83593750000000       0.873046118747179     
   1.83837890625000       0.760316269610356     
   1.84082031250000       0.944223399537803     
   1.84326171875000       0.582250028818312     
   1.84570312500000        1.06267893003046     
   1.84814453125000       0.206021718731286     
   1.85058593750000       0.635636961905125     
   1.85302734375000        1.02899957578997     
   1.85546875000000       0.271742874391035     
   1.85791015625000       0.774724858239519     
   1.86035156250000       0.861727058749510     
   1.86279296875000       0.690324875098158     
   1.86523437500000       0.957832156775150     
   1.86767578125000       0.428555535085509     
   1.87011718750000       0.982630569159044     
   1.87255859375000       0.341124713981829     
   1.87500000000000       0.886666209952034     
   1.87744140625000       0.603370096119585     
   1.87988281250000        1.01341174208564     
   1.88232421875000       0.243009814600443     
   1.88476562500000       0.718015401932910     
   1.88720703125000       0.927246463963114     
   1.88964843750000       0.525693631448805     
   1.89208984375000        1.04071010005368     
   1.89453125000000       0.203987246431138     
   1.89697265625000       0.634280084635440     
   1.89941406250000        1.03264945146660     
   1.90185546875000       0.277668421820138     
   1.90429687500000       0.795685364578428     
   1.90673828125000       0.878856523616312     
   1.90917968750000       0.731158903161193     
   1.91162109375000       0.979889198629815     
   1.91406250000000       0.498353743944982     
   1.91650390625000        1.06254968083783     
   1.91894531250000       0.257808947896809     
   1.92138671875000       0.757218021863129     
   1.92382812500000       0.957940491224776     
   1.92626953125000       0.565756190121767     
   1.92871093750000        1.07316872145905     
   1.93115234375000       0.203211513171723     
   1.93359375000000       0.630178317420142     
   1.93603515625000        1.04350454036854     
   1.93847656250000       0.254965156088659     
   1.94091796875000       0.741698467452163     
   1.94335937500000       0.916833133414501     
   1.94580078125000       0.564649905805695     
   1.94824218750000        1.02510638798777     
   1.95068359375000       0.198659625630278     
   1.95312500000000       0.610938882293650     
   1.95556640625000       0.984210898966407     
   1.95800781250000       0.261683326484863     
   1.96044921875000       0.743028485453478     
   1.96289062500000       0.815028051587925     
   1.96533203125000       0.671224122699907     
   1.96777343750000       0.898313257083966     
   1.97021484375000       0.449657420285739     
   1.97265625000000       0.964685988250586     
   1.97509765625000       0.241977616696989     
   1.97753906250000       0.705818392133679     
   1.97998046875000       0.857781730432371     
   1.98242187500000       0.572792555120720     
   1.98486328125000       0.988833709647510     
   1.98730468750000       0.222838388668221     
   1.98974609375000       0.673761973842267     
   1.99218750000000       0.951060969583597     
   1.99462890625000       0.423069055693632     
   1.99707031250000       0.991024019341130     
   1.99951171875000       0.366435678827356     
   2.00195312500000       0.941382604182831     
   2.00439453125000       0.573853098988694     
   2.00683593750000        1.08418184981060     
   2.00927734375000       0.208837680793741     
   2.01171875000000       0.655365618534289     
   2.01416015625000        1.09448095726015     
   2.01660156250000       0.274429301768578     
   2.01904296875000       0.804773627947349     
   2.02148437500000       0.987643633699371     
   2.02392578125000       0.644197859056540     
   2.02636718750000        1.13083654899793     
   2.02880859375000       0.239684192751805     
   2.03125000000000       0.727833799761049     
   2.03369140625000        1.08112091804852     
   2.03613281250000       0.386329637713404     
   2.03857421875000       0.985648670195009     
   2.04101562500000       0.619323824757280     
   2.04345703125000        1.10322138916205     
   2.04589843750000       0.219436604452920     
   2.04833984375000       0.668138232136421     
   2.05078125000000        1.04083147700593     
   2.05322265625000       0.303245271004162     
   2.05566406250000       0.827925413647553     
   2.05810546875000       0.767895243123819     
   2.06054687500000       0.841932697782483     
   2.06298828125000       0.674226952346308     
   2.06542968750000       0.914355181000093     
   2.06787109375000       0.421085059459897     
   2.07031250000000       0.934317847522137     
   2.07275390625000       0.285788574120007     
   2.07519531250000       0.770349150486018     
   2.07763671875000       0.660186628235577     
   2.08007812500000       0.829609097636661     
   2.08251953125000       0.491196810284581     
   2.08496093750000       0.928894023113132     
   2.08740234375000       0.176575381006386     
   2.08984375000000       0.551238324742065     
   2.09228515625000       0.921430451345670     
   2.09472656250000       0.228009346963547     
   2.09716796875000       0.673040702584147     
   2.09960937500000       0.845664225826852     
   2.10205078125000       0.531456217156889     
   2.10449218750000       0.983248950568290     
   2.10693359375000       0.194977697803409     
   2.10937500000000       0.612609919873373     
   2.11181640625000        1.00707763697469     
   2.11425781250000       0.275234368799591     
   2.11669921875000       0.796606531848224     
   2.11914062500000       0.883363909746374     
   2.12158203125000       0.754935605555424     
   2.12402343750000        1.00144502948826     
   2.12646484375000       0.547331445260955     
   2.12890625000000        1.12940519226219     
   2.13134765625000       0.239174802782315     
   2.13378906250000       0.734889119873696     
   2.13623046875000        1.11408775835697     
   2.13867187500000       0.386556252269694     
   2.14111328125000        1.01089880817172     
   2.14355468750000       0.698415428399520     
   2.14599609375000        1.15429182490747     
   2.14843750000000       0.288451679302341     
   2.15087890625000       0.835813637615135     
   2.15332031250000        1.00616069843568     
   2.15576171875000       0.662770076197412     
   2.15820312500000        1.12723997583371     
   2.16064453125000       0.248879106938117     
   2.16308593750000       0.737513792747767     
   2.16552734375000        1.02030639514423     
   2.16796875000000       0.439342425427261     
   2.17041015625000        1.00762328366105     
   2.17285156250000       0.371661845387917     
   2.17529296875000       0.919552129697721     
   2.17773437500000       0.514745243783244     
   2.18017578125000       0.993004260215958     
   2.18261718750000       0.189353768316848     
   2.18505859375000       0.578589587489482     
   2.18750000000000       0.932219578984175     
   2.18994140625000       0.240495149358749     
   2.19238281250000       0.684559866469727     
   2.19482421875000       0.775628204577560     
   2.19726562500000       0.588973317309175     
   2.19970703125000       0.868913397030750     
   2.20214843750000       0.317522151612191     
   2.20458984375000       0.808743847863990     
   2.20703125000000       0.490550743414452     
   2.20947265625000       0.922481506283700     
   2.21191406250000       0.177640917197906     
   2.21435546875000       0.558364225778681     
   2.21679687500000       0.935951495951501     
   2.21923828125000       0.236729503138009     
   2.22167968750000       0.700120686918195     
   2.22412109375000       0.866476679779697     
   2.22656250000000       0.576423514028265     
   2.22900390625000        1.02023753508799     
   2.23144531250000       0.223229704279533     
   2.23388671875000       0.686953085520384     
   2.23632812500000        1.02082504135369     
   2.23876953125000       0.394386391501513     
   2.24121093750000       0.998668360432294     
   2.24365234375000       0.553817802131324     
   2.24609375000000        1.13014377461079     
   2.24853515625000       0.232770607080184     
   2.25097656250000       0.719265669217766     
   2.25341796875000        1.12167518659706     
   2.25585937500000       0.351864689774433     
   2.25830078125000       0.955993211383275     
   2.26074218750000       0.810099913896279     
   2.26318359375000        1.05086033133202     
   2.26562500000000       0.577545824632582     
   2.26806640625000        1.15463317859240     
   2.27050781250000       0.231569813641977     
   2.27294921875000       0.706011746875773     
   2.27539062500000        1.09608845707870     
   2.27783203125000       0.325932639503289     
   2.28027343750000       0.884990464717917     
   2.28271484375000       0.794267033915601     
   2.28515625000000       0.917971667224272     
   2.28759765625000       0.651986307547688     
   2.29003906250000        1.01619756521232     
   2.29248046875000       0.291953699745895     
   2.29492187500000       0.799313108837462     
   2.29736328125000       0.756478914356817     
   2.29980468750000       0.802243929324653     
   2.30224609375000       0.690869956914978     
   2.30468750000000       0.852722883882492     
   2.30712890625000       0.520067229755578     
   2.30957031250000       0.949506535962448     
   2.31201171875000       0.182788086058478     
   2.31445312500000       0.564740440842189     
   2.31689453125000       0.921037602614887     
   2.31933593750000       0.240153580428528     
   2.32177734375000       0.692369816583273     
   2.32421875000000       0.795824587533185     
   2.32666015625000       0.608326942509665     
   2.32910156250000       0.912614915855193     
   2.33154296875000       0.330106877287939     
   2.33398437500000       0.855380518387357     
   2.33642578125000       0.547684821180215     
   2.33886718750000       0.994010007310031     
   2.34130859375000       0.202386903046003     
   2.34375000000000       0.630149356481891     
   2.34619140625000        1.00325624204408     
   2.34863281250000       0.301550261767634     
   2.35107421875000       0.841749429159176     
   2.35351562500000       0.790391513480184     
   2.35595703125000       0.904655420085816     
   2.35839843750000       0.710369147762661     
   2.36083984375000        1.03739552297174     
   2.36328125000000       0.411281726844013     
   2.36572265625000        1.01703248495458     
   2.36816406250000       0.513117514949224     
   2.37060546875000        1.10324807540945     
   2.37304687500000       0.275515536017771     
   2.37548828125000       0.803403118304512     
   2.37792968750000       0.979157774679412     
   2.38037109375000       0.637651671394516     
   2.38281250000000        1.10964590840045     
   2.38525390625000       0.236117091525805     
   2.38769531250000       0.712416171107472     
   2.39013671875000        1.04416632301691     
   2.39257812500000       0.384397216077051     
   2.39501953125000       0.964649459491495     
   2.39746093750000       0.560017039688241     
   2.39990234375000        1.06553124216484     
   2.40234375000000       0.201111702948045     
   2.40478515625000       0.620801562490461     
   2.40722656250000        1.02283934687577     
   2.40966796875000       0.250717720234351     
   2.41210937500000       0.727347378025668     
   2.41455078125000       0.892377898426507     
   2.41699218750000       0.560871280239980     
   2.41943359375000        1.00314554544384     
   2.42187500000000       0.200373889868533     
   2.42431640625000       0.615002530563220     
   2.42675781250000       0.968774430502984     
   2.42919921875000       0.284221574433943     
   2.43164062500000       0.787667160518391     
   2.43408203125000       0.747500514118828     
   2.43652343750000       0.821628857607079     
   2.43896484375000       0.688370268375804     
   2.44140625000000       0.914653989801181     
   2.44384765625000       0.479672331334681     
   2.44628906250000        1.00670340611436     
   2.44873046875000       0.228240942434442     
   2.45117187500000       0.687009695643417     
   2.45361328125000       0.957686959621884     
   2.45605468750000       0.436918604953179     
   2.45849609375000        1.00202297730355     
   2.46093750000000       0.337901577682381     
   2.46337890625000       0.895118722672796     
   2.46582031250000       0.659338302228109     
   2.46826171875000        1.02547652229514     
   2.47070312500000       0.321174958744342     
   2.47314453125000       0.872264297680809     
   2.47558593750000       0.739736939321512     
   2.47802734375000       0.961203027917922     
   2.48046875000000       0.529983961143963     
   2.48291015625000        1.06345161717320     
   2.48535156250000       0.214221371183889     
   2.48779296875000       0.657083667942678     
   2.49023437500000        1.02772936320287     
   2.49267578125000       0.307356081882583     
   2.49511718750000       0.842265236687310     
   2.49755859375000       0.765654879597097     
